0
254
254
254
253
253
253
248
248
248
251
251
251
251
251
251
249
249
249
253
253
253
245
245
245
255
255
255
254
254
254
254
254
254
254
254
254
254
254
254
254
254
254
254
254
254
254
254
254
254
254
254
254
254
254
254
254
254
254
254
254
254
254
254
254
254
254
254
254
254
254
254
254
254
254
254
254
254
254
254
254
254
254
254
254
254
254
254
254
254
254
254
254
254
254
254
254
254
254
254
254
254
254
254
254
254
254
254
254
251
251
251
235
235
235
227
227
227
248
248
248
253
253
253
202
202
202
206
206
206
239
239
239
243
242
243
223
222
224
207
206
208
210
209
211
210
209
211
7
6
10
28
27
31
50
49
53
37
36
41
77
75
81
165
165
170
232
235
239
224
228
229
247
251
252
238
241
241
237
236
232
249
245
241
174
160
155
85
59
54
54
14
11
60
7
5
68
4
3
75
1
1
79
0
1
82
0
2
82
0
3
80
0
3
78
0
3
77
0
3
76
0
4
76
0
4
76
0
4
76
0
4
76
0
4
76
0
4
76
0
4
76
0
4
76
0
4
76
0
4
76
0
4
76
0
4
76
0
4
76
0
4
76
0
4
76
0
4
76
0
4
76
0
4
76
0
4
76
0
4
76
0
4
76
0
4
76
0
4
76
0
4
76
0
4
76
0
4
76
0
4
76
0
4
76
0
4
76
0
4
76
0
4
76
0
4
76
0
4
76
0
4
76
0
4
76
0
4
76
0
4
76
0
4
76
0
4
76
0
4
76
0
4
76
0
4
76
0
4
76
0
4
76
0
4
76
0
4
76
0
4
76
0
4
76
0
4
76
0
4
76
0
4
76
0
4
76
0
4
76
0
4
76
0
5
76
0
6
76
0
6
76
0
6
76
0
6
76
0
6
76
0
6
76
0
6
76
0
6
76
0
6
76
0
6
76
0
6
76
0
6
76
0
6
76
0
6
76
0
6
76
0
6
76
0
6
76
0
6
76
0
6
76
0
6
76
0
6
76
0
6
76
0
6
76
0
6
76
0
6
76
0
6
76
0
6
76
0
6
76
0
6
76
0
6
76
0
6
76
0
6
76
0
6
76
0
6
76
0
6
76
0
6
77
0
4
77
0
4
77
0
4
77
0
4
77
0
4
77
0
4
77
0
4
77
0
4
77
0
4
77
0
4
77
0
4
77
0
4
77
0
4
77
0
4
77
0
4
77
0
4
77
0
4
77
0
4
76
0
4
76
0
4
76
0
4
76
0
4
76
0
4
76
0
4
76
0
4
76
0
4
76
0
4
76
0
4
76
0
4
76
0
4
76
0
4
76
0
4
76
0
4
76
0
4
76
0
4
76
0
4
76
0
4
76
0
4
76
0
4
76
0
4
76
0
4
76
0
4
76
0
4
76
0
4
76
0
4
76
0
4
76
0
4
76
0
4
76
0
4
76
0
4
76
0
4
76
0
4
76
0
4
76
0
4
76
0
4
76
0
4
76
0
4
76
0
4
76
0
4
76
0
4
76
0
4
76
0
4
75
0
3
75
2
4
75
2
4
73
0
2
73
0
2
80
7
9
75
2
4
72
0
1
77
5
6
78
6
7
74
2
3
72
1
0
73
2
0
74
3
0
73
4
1
73
4
2
74
5
2
72
4
1
71
4
1
72
6
3
77
13
9
78
14
10
74
10
7
68
4
3
96
32
29
86
23
20
71
9
5
80
18
14
87
25
21
74
10
4
250
250
250
251
251
251
244
244
244
248
248
248
250
250
250
250
250
250
253
253
253
245
245
245
255
255
255
254
254
254
254
254
254
254
254
254
254
254
254
254
254
254
254
254
254
254
254
254
254
254
254
254
254
254
254
254
254
254
254
254
254
254
254
254
254
254
254
254
254
254
254
254
254
254
254
254
254
254
254
254
254
254
254
254
254
254
254
254
254
254
254
254
254
254
254
254
254
254
254
254
254
254
254
254
254
254
254
254
254
254
254
249
249
249
242
242
242
243
243
243
249
249
249
245
245
245
246
246
246
250
250
250
252
251
252
252
251
252
249
248
250
247
245
247
234
234
235
13
12
17
18
17
21
141
140
144
123
121
126
53
51
57
63
63
68
169
173
176
246
250
250
232
236
237
246
248
248
249
248
245
253
249
245
195
182
177
104
78
74
48
8
5
60
7
5
68
4
3
75
1
1
79
0
1
82
0
2
82
0
3
80
0
3
78
0
3
77
0
3
76
0
4
76
0
4
76
0
4
76
0
4
76
0
4
76
0
4
76
0
4
76
0
4
76
0
4
76
0
4
76
0
4
76
0
4
76
0
4
76
0
4
76
0
4
76
0
4
76
0
4
76
0
4
76
0
4
76
0
4
76
0
4
76
0
4
76
0
4
76
0
4
76
0
4
76
0
4
76
0
4
76
0
4
76
0
4
76
0
4
76
0
4
76
0
4
76
0
4
76
0
4
76
0
4
76
0
4
76
0
4
76
0
4
76
0
4
76
0
4
76
0
4
76
0
4
76
0
4
76
0
4
76
0
4
76
0
4
76
0
4
76
0
4
76
0
4
76
0
4
76
0
4
76
0
4
76
0
4
76
0
4
76
0
5
76
0
6
76
0
6
76
0
6
76
0
6
76
0
6
76
0
6
76
0
6
76
0
6
76
0
6
76
0
6
76
0
6
76
0
6
76
0
6
76
0
6
76
0
6
76
0
6
76
0
6
76
0
6
76
0
6
76
0
6
76
0
6
76
0
6
76
0
6
76
0
6
76
0
6
76
0
6
76
0
6
76
0
6
76
0
6
76
0
6
76
0
6
76
0
6
76
0
6
76
0
6
76
0
6
76
0
6
77
0
4
77
0
4
77
0
4
77
0
4
77
0
4
77
0
4
77
0
4
77
0
4
77
0
4
77
0
4
77
0
4
77
0
4
77
0
4
77
0
4
77
0
4
77
0
4
77
0
4
77
0
4
76
0
4
76
0
4
76
0
4
76
0
4
76
0
4
76
0
4
76
0
4
76
0
4
76
0
4
76
0
4
76
0
4
76
0
4
76
0
4
76
0
4
76
0
4
76
0
4
76
0
4
76
0
4
76
0
4
76
0
4
76
0
4
76
0
4
76
0
4
76
0
4
76
0
4
76
0
4
76
0
4
76
0
4
76
0
4
76
0
4
76
0
4
76
0
4
76
0
4
76
0
4
76
0
4
76
0
4
76
0
4
76
0
4
76
0
4
76
0
4
76
0
4
76
0
4
76
0
4
76
0
4
75
0
4
74
0
3
74
1
3
76
3
5
75
4
5
72
1
2
80
7
9
78
6
7
76
3
5
74
2
3
74
2
2
74
2
1
73
2
0
73
1
0
71
1
0
71
2
0
72
3
1
73
4
2
73
6
3
74
8
6
76
12
12
74
10
7
77
14
13
76
13
10
170
111
108
136
75
72
71
8
5
71
8
5
81
18
15
93
28
21
224
224
224
249
249
249
249
249
249
252
252
252
252
252
252
251
251
251
253
253
253
247
247
247
254
254
254
254
254
254
254
254
254
254
254
254
254
254
254
254
254
254
254
254
254
254
254
254
254
254
254
254
254
254
254
254
254
254
254
254
254
254
254
254
254
254
254
254
254
254
254
254
254
254
254
254
254
254
254
254
254
254
254
254
254
254
254
254
254
254
254
254
254
254
254
254
254
254
254
254
254
254
254
254
254
254
254
254
253
253
253
252
252
252
246
246
246
236
236
236
238
238
238
254
254
254
252
252
252
244
244
244
247
247
248
250
249
251
247
246
248
244
243
246
229
228
230
44
43
47
39
38
42
144
143
147
200
199
203
136
134
139
52
52
57
86
89
92
243
247
248
246
250
250
232
234
234
245
244
241
253
251
247
192
180
175
102
76
72
51
12
9
60
7
5
68
4
3
75
1
1
79
0
1
82
0
2
82
0
3
80
0
3
78
0
3
77
0
3
76
0
4
76
0
4
76
0
4
76
0
4
76
0
4
76
0
4
76
0
4
76
0
4
76
0
4
76
0
4
76
0
4
76
0
4
76
0
4
76
0
4
76
0
4
76
0
4
76
0
4
76
0
4
76
0
4
76
0
4
76
0
4
76
0
4
76
0
4
76
0
4
76
0
4
76
0
4
76
0
4
76
0
4
76
0
4
76
0
4
76
0
4
76
0
4
76
0
4
76
0
4
76
0
4
76
0
4
76
0
4
76
0
4
76
0
4
76
0
4
76
0
4
76
0
4
76
0
4
76
0
4
76
0
4
76
0
4
76
0
4
76
0
4
76
0
4
76
0
4
76
0
4
76
0
4
76
0
4
76
0
4
76
0
5
76
0
6
76
0
6
76
0
6
76
0
6
76
0
6
76
0
6
76
0
6
76
0
6
76
0
6
76
0
6
76
0
6
76
0
6
76
0
6
76
0
6
76
0
6
76
0
6
76
0
6
76
0
6
76
0
6
76
0
6
76
0
6
76
0
6
76
0
6
76
0
6
76
0
6
76
0
6
76
0
6
76
0
6
76
0
6
76
0
6
76
0
6
76
0
6
76
0
6
76
0
6
76
0
6
76
0
5
76
0
4
76
0
4
76
0
4
76
0
4
76
0
4
76
0
4
76
0
4
76
0
4
76
0
4
76
0
4
76
0
4
76
0
4
76
0
4
76
0
4
76
0
4
76
0
4
76
0
4
76
0
4
76
0
4
76
0
4
76
0
4
76
0
4
76
0
4
76
0
4
76
0
4
76
0
4
76
0
4
76
0
4
76
0
4
76
0
4
76
0
4
76
0
4
76
0
4
76
0
4
76
0
4
76
0
4
76
0
4
76
0
4
76
0
4
76
0
4
76
0
4
76
0
4
76
0
4
76
0
4
76
0
4
76
0
4
76
0
4
76
0
4
76
0
4
76
0
4
76
0
4
76
0
4
76
0
4
76
0
4
76
0
4
76
0
4
76
0
4
76
0
4
76
0
4
76
0
4
76
0
4
76
0
4
76
0
4
77
2
5
78
5
7
78
6
8
82
9
12
76
7
8
73
1
2
80
7
9
78
6
7
76
3
5
75
3
4
74
2
2
73
1
1
72
0
0
71
0
0
71
0
0
72
2
2
73
3
3
75
6
5
78
11
11
90
23
23
83
18
18
124
59
58
118
53
52
212
158
157
200
147
146
141
81
80
112
48
48
91
26
25
75
9
4
163
163
163
230
230
230
248
248
248
252
252
252
249
249
249
248
248
248
254
254
254
253
253
253
254
254
254
254
254
254
254
254
254
254
254
254
254
254
254
254
254
254
254
254
254
254
254
254
254
254
254
254
254
254
254
254
254
254
254
254
254
254
254
254
254
254
254
254
254
254
254
254
254
254
254
254
254
254
254
254
254
254
254
254
254
254
254
254
254
254
254
254
254
254
254
254
254
254
254
254
254
254
254
254
254
254
254
254
252
252
252
251
251
251
249
249
249
248
248
248
249
249
249
251
251
251
248
248
248
247
247
247
251
250
251
253
252
253
251
250
252
248
247
249
235
234
236
84
83
87
28
27
31
123
122
126
216
214
219
216
214
219
142
142
148
103
106
109
189
193
194
247
251
252
242
244
244
246
245
242
252
247
243
215
201
197
122
96
92
44
4
1
60
7
6
68
4
3
75
1
1
79
0
1
82
0
2
82
0
3
80
0
3
78
0
3
77
0
3
76
0
4
76
0
4
76
0
4
76
0
4
76
0
4
76
0
4
76
0
4
76
0
4
76
0
4
76
0
4
76
0
4
76
0
4
76
0
4
76
0
4
76
0
4
76
0
4
76
0
4
76
0
4
76
0
4
76
0
4
76
0
4
76
0
4
76
0
4
76
0
4
76
0
4
76
0
4
76
0
4
76
0
4
76
0
4
76
0
4
76
0
4
76
0
4
76
0
4
76
0
4
76
0
4
76
0
4
76
0
4
76
0
4
76
0
4
76
0
4
76
0
4
76
0
4
76
0
4
76
0
4
76
0
4
76
0
4
76
0
4
76
0
4
76
0
4
76
0
4
76
0
4
76
0
4
76
0
4
76
0
4
76
0
5
76
0
6
76
0
6
76
0
6
76
0
6
76
0
6
76
0
6
76
0
6
76
0
6
76
0
6
76
0
6
76
0
6
76
0
6
76
0
6
76
0
6
76
0
6
76
0
6
76
0
6
76
0
6
76
0
6
76
0
6
76
0
6
76
0
6
76
0
6
76
0
6
76
0
6
76
0
6
76
0
6
76
0
6
76
0
6
76
0
6
76
0
6
76
0
6
76
0
6
76
0
6
76
0
6
76
0
6
76
0
4
76
0
4
76
0
4
76
0
4
76
0
4
76
0
4
76
0
4
76
0
4
76
0
4
76
0
4
76
0
4
76
0
4
76
0
4
76
0
4
76
0
4
76
0
4
76
0
4
76
0
4
76
0
4
76
0
4
76
0
4
76
0
4
76
0
4
76
0
4
76
0
4
76
0
4
76
0
4
76
0
4
76
0
4
76
0
4
76
0
4
76
0
4
76
0
4
76
0
4
76
0
4
76
0
4
76
0
4
76
0
4
76
0
4
76
0
4
76
0
4
76
0
4
76
0
4
76
0
4
76
0
4
76
0
4
76
0
4
76
0
4
76
0
4
76
0
4
76
0
4
76
0
4
76
0
4
76
0
4
76
0
4
76
0
4
76
0
4
76
0
4
76
0
4
76
0
4
76
0
4
76
0
4
76
0
4
78
3
7
77
4
7
71
0
1
74
1
4
80
7
10
73
1
3
80
7
10
78
5
7
74
1
3
72
1
2
73
1
1
73
0
1
73
0
1
73
1
2
73
1
2
73
2
3
73
3
4
73
4
4
73
4
5
75
8
8
101
34
34
101
35
35
112
47
47
198
136
136
196
137
137
174
113
113
166
102
102
104
40
39
75
6
3
126
126
126
222
222
222
249
249
249
253
253
253
250
250
250
249
249
249
255
255
255
255
255
255
249
249
249
253
253
253
254
254
254
254
254
254
254
254
254
254
254
254
254
254
254
254
254
254
254
254
254
254
254
254
254
254
254
254
254
254
254
254
254
254
254
254
254
254
254
254
254
254
254
254
254
254
254
254
254
254
254
254
254
254
254
254
254
254
254
254
254
254
254
254
254
254
254
254
254
254
254
254
254
254
254
254
254
254
252
252
252
247
247
247
242
242
242
244
244
244
249
249
249
250
250
250
252
252
252
252
252
252
248
247
249
243
242
244
244
243
245
252
251
253
240
239
242
109
108
112
22
21
25
93
92
96
199
198
203
245
243
248
236
236
239
192
195
197
125
129
130
235
239
240
249
251
251
252
252
248
251
244
240
210
195
190
122
96
92
50
10
7
60
7
5
68
4
3
75
1
1
79
0
1
82
0
2
82
0
3
80
0
3
78
0
3
77
0
3
76
0
4
76
0
4
76
0
4
76
0
4
76
0
4
76
0
4
76
0
4
76
0
4
76
0
4
76
0
4
76
0
4
76
0
4
76
0
4
76
0
4
76
0
4
76
0
4
76
0
4
76
0
4
76
0
4
76
0
4
76
0
4
76
0
4
76
0
4
76
0
4
76
0
4
76
0
4
76
0
4
76
0
4
76
0
4
76
0
4
76
0
4
76
0
4
76
0
4
76
0
4
76
0
4
76
0
4
76
0
4
76
0
4
76
0
4
76
0
4
76
0
4
76
0
4
76
0
4
76
0
4
76
0
4
76
0
4
76
0
4
76
0
4
76
0
4
76
0
4
76
0
4
76
0
4
76
0
4
76
0
4
76
0
5
76
0
6
76
0
6
76
0
6
76
0
6
76
0
6
76
0
6
76
0
6
76
0
6
76
0
6
76
0
6
76
0
6
76
0
6
76
0
6
76
0
6
76
0
6
76
0
6
76
0
6
76
0
5
76
0
4
76
0
4
76
0
4
76
0
4
76
0
4
76
0
4
76
0
4
76
0
4
76
0
4
76
0
4
76
0
4
76
0
4
76
0
4
76
0
4
76
0
4
76
0
4
76
0
4
76
0
4
76
0
4
76
0
4
76
0
4
76
0
4
76
0
4
76
0
4
76
0
4
76
0
4
76
0
4
76
0
4
76
0
4
76
0
4
76
0
4
76
0
4
76
0
4
76
0
4
76
0
4
76
0
4
76
0
4
76
0
4
76
0
4
76
0
4
76
0
4
76
0
4
76
0
4
76
0
4
76
0
4
76
0
4
76
0
4
76
0
4
76
0
4
76
0
4
76
0
4
76
0
4
76
0
4
76
0
4
76
0
4
76
0
4
76
0
4
76
0
4
76
0
4
76
0
4
76
0
4
76
0
4
76
0
4
76
0
4
76
0
4
76
0
4
76
0
4
76
0
4
76
0
4
76
0
4
76
0
4
76
0
4
76
0
4
76
0
4
76
0
4
76
0
4
76
0
4
76
0
4
76
0
4
76
0
4
76
0
4
75
0
4
80
7
9
89
16
19
73
0
3
72
0
2
82
9
13
77
6
7
74
2
5
75
2
5
75
2
4
73
0
1
74
0
2
75
1
3
75
1
4
75
2
5
75
2
4
73
3
4
73
3
4
72
2
3
71
3
3
78
10
11
66
2
2
76
10
11
178
112
113
142
76
77
94
28
29
114
49
49
97
30
31
83
13
12
137
137
137
235
235
235
254
254
254
255
255
255
254
254
254
253
253
253
252
252
252
253
253
253
247
247
247
253
253
253
254
254
254
254
254
254
254
254
254
254
254
254
254
254
254
254
254
254
254
254
254
254
254
254
254
254
254
254
254
254
254
254
254
254
254
254
254
254
254
254
254
254
254
254
254
254
254
254
254
254
254
254
254
254
254
254
254
254
254
254
254
254
254
254
254
254
254
254
254
254
254
254
254
254
254
254
254
254
254
254
254
252
252
252
250
250
250
250
250
250
252
252
252
253
253
253
255
255
255
255
255
255
253
253
254
247
246
248
246
245
247
253
252
253
238
237
239
116
115
119
34
33
37
52
51
55
181
179
184
240
238
244
240
240
245
241
244
247
228
232
233
245
249
250
245
247
247
253
253
251
254
251
247
247
234
229
156
130
126
45
5
2
60
7
5
68
4
3
75
1
1
79
0
1
82
0
2
82
0
3
80
0
3
78
0
3
77
0
3
76
0
4
76
0
4
76
0
4
76
0
4
76
0
4
76
0
4
76
0
4
76
0
4
76
0
4
76
0
4
76
0
4
76
0
4
76
0
4
76
0
4
76
0
4
76
0
4
76
0
4
76
0
4
76
0
4
76
0
4
76
0
4
76
0
4
76
0
4
76
0
4
76
0
4
76
0
4
76
0
4
76
0
4
76
0
4
76
0
4
76
0
4
76
0
4
76
0
4
76
0
4
76
0
4
76
0
4
76
0
4
76
0
4
76
0
4
76
0
4
76
0
4
76
0
4
76
0
4
76
0
4
76
0
4
76
0
4
76
0
4
76
0
4
76
0
4
76
0
4
76
0
4
76
0
4
76
0
4
76
0
4
76
0
5
76
0
6
76
0
6
76
0
6
76
0
6
76
0
6
76
0
6
76
0
6
76
0
6
76
0
6
76
0
6
76
0
6
76
0
6
76
0
6
76
0
6
76
0
6
76
0
6
76
0
6
76
0
5
76
0
4
76
0
4
76
0
4
76
0
4
76
0
4
76
0
4
76
0
4
76
0
4
76
0
4
76
0
4
76
0
4
76
0
4
76
0
4
76
0
4
76
0
4
76
0
4
76
0
4
76
0
4
76
0
4
76
0
4
76
0
4
76
0
4
76
0
4
76
0
4
76
0
4
76
0
4
76
0
4
76
0
4
76
0
4
76
0
4
76
0
4
76
0
4
76
0
4
76
0
4
76
0
4
76
0
4
76
0
4
76
0
4
76
0
4
76
0
4
76
0
4
76
0
4
76
0
4
76
0
4
76
0
4
76
0
4
76
0
4
76
0
4
76
0
4
76
0
4
76
0
4
76
0
4
76
0
4
76
0
4
76
0
4
76
0
4
76
0
4
76
0
4
76
0
4
76
0
4
76
0
4
76
0
4
76
0
4
76
0
4
76
0
4
76
0
4
76
0
4
76
0
4
76
0
4
76
0
4
76
0
4
76
0
4
76
0
4
76
0
4
76
0
4
76
0
4
76
0
4
76
0
4
76
0
4
76
0
4
76
0
4
80
4
8
87
11
15
86
11
15
71
1
1
93
19
23
96
22
26
75
5
7
81
9
11
83
9
13
76
2
5
75
0
3
75
0
3
75
0
3
76
0
4
74
0
4
75
1
5
75
2
5
75
2
6
73
2
4
70
2
3
86
15
18
84
16
18
71
4
5
99
31
33
101
34
36
83
17
19
73
7
9
80
13
15
95
22
24
145
145
145
235
235
235
246
246
246
250
250
250
254
254
254
253
253
253
250
250
250
253
253
253
255
255
255
254
254
254
254
254
254
254
254
254
254
254
254
253
253
253
253
253
253
253
253
253
253
253
253
254
254
254
253
253
253
253
253
253
254
254
254
254
254
254
254
254
254
254
254
254
253
253
253
254
254
254
254
254
254
254
254
254
254
254
254
254
254
254
254
254
254
254
254
254
254
254
254
254
254
254
254
254
254
254
254
254
250
250
250
251
251
251
254
254
254
254
254
254
252
252
252
251
251
251
249
249
249
248
248
248
251
250
251
254
252
254
252
251
253
247
246
248
232
231
233
97
96
100
7
6
10
113
112
116
215
213
218
242
240
245
239
239
243
248
251
252
240
244
245
246
250
251
253
255
255
246
246
242
252
247
242
255
243
239
165
142
138
48
8
5
60
7
6
68
4
3
75
1
1
79
0
1
82
0
3
82
0
3
80
0
3
78
0
3
76
0
3
76
0
4
76
0
4
76
0
4
76
0
4
76
0
4
76
0
4
76
0
4
76
0
4
76
0
4
76
0
4
76
0
4
76
0
4
76
0
4
76
0
4
76
0
4
76
0
4
76
0
4
76
0
4
76
0
4
76
0
4
76
0
4
76
0
4
76
0
4
76
0
4
76
0
4
76
0
4
76
0
4
76
0
4
76
0
4
76
0
4
76
0
4
76
0
4
76
0
4
76
0
4
76
0
4
76
0
4
76
0
4
76
0
4
76
0
4
76
0
4
76
0
4
76
0
4
76
0
4
76
0
4
76
0
4
76
0
4
76
0
4
76
0
4
76
0
4
76
0
4
76
0
4
76
0
4
76
0
4
76
0
4
76
0
5
76
0
6
76
0
6
76
0
6
76
0
6
76
0
6
76
0
6
76
0
6
76
0
6
76
0
6
76
0
6
76
0
6
76
0
6
76
0
6
76
0
6
76
0
6
76
0
6
76
0
6
76
0
5
76
0
4
76
0
4
76
0
4
76
0
4
76
0
4
76
0
4
76
0
4
76
0
4
76
0
4
76
0
4
76
0
4
76
0
4
76
0
4
76
0
4
76
0
4
76
0
4
76
0
4
76
0
4
73
0
4
74
0
4
74
0
4
74
0
4
74
0
4
74
0
4
74
0
4
74
0
4
74
0
4
74
0
4
74
0
4
74
0
4
74
0
4
74
0
4
74
0
4
74
0
4
74
0
4
74
0
4
76
0
4
76
0
4
76
0
4
76
0
4
76
0
4
76
0
4
76
0
4
76
0
4
76
0
4
76
0
4
76
0
4
76
0
4
76
0
4
76
0
4
76
0
4
76
0
4
76
0
4
76
0
4
76
0
4
76
0
4
76
0
4
76
0
4
76
0
4
76
0
4
76
0
4
76
0
4
76
0
4
76
0
4
76
0
4
76
0
4
76
0
4
76
0
4
76
0
4
76
0
4
76
0
4
76
0
4
76
0
4
76
0
4
76
0
4
76
0
4
76
0
4
76
0
4
76
0
4
76
0
4
76
0
4
76
1
4
79
4
7
85
9
13
81
5
9
89
15
19
98
23
27
170
96
100
213
150
154
157
92
96
80
6
10
76
0
4
76
0
4
74
0
2
74
0
2
75
0
3
75
1
4
76
2
6
77
3
7
79
5
9
79
7
10
70
0
2
75
4
7
76
7
10
72
3
6
69
1
3
71
3
5
75
6
9
75
6
9
79
5
8
146
146
146
235
235
235
251
251
251
254
254
254
255
255
255
254
254
254
253
253
253
253
253
253
255
255
255
254
254
254
254
254
254
254
254
254
253
253
253
252
252
252
251
251
251
252
252
252
252
252
252
254
254
254
253
253
253
253
253
253
254
254
254
254
254
254
254
254
254
253
253
253
252
252
252
253
253
253
254
254
254
254
254
254
254
254
254
254
254
254
254
254
254
254
254
254
255
255
255
254
254
254
254
254
254
253
253
253
253
253
253
254
254
254
254
254
254
254
254
254
254
254
254
254
254
254
254
254
254
254
254
254
254
253
254
254
253
254
253
252
254
252
251
253
234
233
235
55
54
58
12
11
15
154
153
157
230
228
234
242
240
246
240
240
245
248
251
253
242
246
247
249
253
254
253
254
254
250
249
246
253
248
244
255
248
243
163
144
141
44
4
2
61
8
6
69
5
4
76
2
2
80
1
2
83
0
3
83
0
4
81
1
4
78
0
3
76
0
2
76
0
4
76
0
4
76
0
4
76
0
4
76
0
4
76
0
4
76
0
4
76
0
4
76
0
4
76
0
4
76
0
4
76
0
4
76
0
4
76
0
4
76
0
4
76
0
4
76
0
4
76
0
4
76
0
4
76
0
4
76
0
4
76
0
4
76
0
4
76
0
4
76
0
4
76
0
4
76
0
4
76
0
4
76
0
4
76
0
4
76
0
4
76
0
4
76
0
4
76
0
4
76
0
4
76
0
4
76
0
4
76
0
4
76
0
4
76
0
4
76
0
4
76
0
4
76
0
4
76
0
4
76
0
4
76
0
4
76
0
4
76
0
4
76
0
4
76
0
4
76
0
4
76
0
4
76
0
4
76
0
4
76
0
5
76
0
6
76
0
6
76
0
6
75
0
5
76
0
6
76
0
6
77
0
7
77
0
7
76
0
6
76
0
6
76
0
6
76
0
6
76
0
6
76
0
6
77
0
7
77
0
7
77
0
7
77
0
6
76
1
3
76
1
3
76
1
3
76
1
3
76
1
3
76
1
3
76
1
3
76
1
3
76
1
3
76
1
3
76
1
3
76
1
3
76
1
3
76
1
3
76
1
3
76
1
3
76
1
3
76
1
3
73
0
3
73
0
4
74
1
4
74
1
4
75
1
5
75
1
5
75
1
5
75
1
4
74
1
4
73
0
3
74
0
3
74
0
3
74
0
4
75
1
5
75
0
4
74
0
4
74
1
4
74
1
4
76
0
4
76
0
4
76
0
4
76
0
4
76
0
4
76
0
4
76
0
4
76
0
4
76
0
4
76
0
4
76
0
4
76
0
4
76
0
4
76
0
4
76
0
4
76
0
4
76
0
4
76
0
4
76
0
4
76
0
4
76
0
4
76
0
4
76
0
4
76
0
4
76
0
4
76
0
4
76
0
4
76
0
4
76
0
4
76
0
4
76
0
4
76
0
4
76
0
4
76
0
4
76
0
4
76
0
4
76
0
4
76
0
4
76
0
4
76
0
4
76
0
4
76
0
4
76
0
4
76
0
4
76
0
4
79
3
7
83
7
11
80
4
8
79
3
7
82
6
10
87
11
15
89
13
17
87
11
15
83
8
12
80
5
9
79
2
6
78
1
5
76
0
4
76
0
3
75
0
3
76
0
4
76
0
4
76
1
5
76
1
5
75
1
5
73
2
5
75
3
6
75
3
6
75
4
7
75
5
8
75
5
8
76
6
9
76
6
9
77
3
6
145
145
145
235
235
235
252
252
252
254
254
254
254
254
254
254
254
254
253
253
253
253
253
253
255
255
255
253
253
253
253
253
253
253
253
253
253
253
253
253
253
253
254
254
254
254
254
254
254
254
254
255
255
255
255
255
255
254
254
254
253
253
253
253
253
253
253
253
253
254
254
254
254
254
254
252
252
252
251
251
251
252
252
252
254
254
254
255
255
255
255
255
255
255
255
255
254
254
254
252
252
252
252
252
252
253
253
253
253
253
253
253
253
253
253
253
253
253
253
253
253
253
253
253
253
253
253
253
253
253
253
253
253
253
254
251
250
252
251
250
252
253
252
254
231
230
233
24
23
27
48
47
51
187
186
190
241
239
245
246
245
251
245
245
250
247
250
253
242
247
248
249
253
254
251
253
253
250
250
247
253
251
247
255
246
242
165
143
139
47
7
4
61
8
6
69
5
4
76
2
2
80
1
2
83
0
3
83
1
4
81
1
4
79
1
3
76
0
3
76
0
4
76
0
4
76
0
4
76
0
4
76
0
4
76
0
4
76
0
4
76
0
4
76
0
4
76
0
4
76
0
4
76
0
4
76
0
4
76
0
4
76
0
4
76
0
4
76
0
4
76
0
4
76
0
4
76
0
4
76
0
4
76
0
4
76
0
4
76
0
4
76
0
4
76
0
4
76
0
4
76
0
4
76
0
4
76
0
4
76
0
4
76
0
4
76
0
4
76
0
4
76
0
4
76
0
4
76
0
4
76
0
4
76
0
4
76
0
4
76
0
4
76
0
4
76
0
4
76
0
4
76
0
4
76
0
4
76
0
4
76
0
4
76
0
4
76
0
4
76
0
4
76
0
4
76
0
4
76
0
4
76
0
6
77
0
7
76
0
6
76
0
6
76
0
6
76
0
6
76
0
6
77
0
7
77
0
7
76
0
6
76
0
6
76
0
6
76
0
6
76
0
6
76
0
6
77
0
7
77
0
7
77
0
7
77
0
5
76
1
3
76
1
3
76
1
3
76
1
3
76
1
3
76
1
3
76
1
3
76
1
3
76
1
3
76
1
3
76
1
3
76
1
3
76
1
3
76
1
3
76
1
3
76
1
3
76
1
3
75
1
3
72
1
3
72
1
3
73
1
4
74
1
5
74
2
5
75
2
5
74
2
5
74
1
5
74
1
5
72
0
3
71
0
2
71
0
2
72
0
3
72
0
3
72
0
3
73
1
4
74
2
5
75
2
6
76
0
4
76
0
4
76
0
4
76
0
4
76
0
4
76
0
4
76
0
4
76
0
4
76
0
4
76
0
4
76
0
4
76
0
4
76
0
4
76
0
4
76
0
4
76
0
4
76
0
4
76
0
4
76
0
4
76
0
4
76
0
4
76
0
4
76
0
4
76
0
4
76
0
4
76
0
4
76
0
4
76
0
4
76
0
4
76
0
4
76
0
4
76
0
4
76
0
4
76
0
4
76
0
4
76
0
4
76
0
4
76
0
4
76
0
4
76
0
4
76
0
4
76
0
4
76
0
4
76
0
4
76
0
4
79
3
7
82
6
10
80
4
8
78
2
7
80
4
8
84
8
12
86
10
14
84
8
12
81
5
9
79
3
6
78
1
5
77
0
4
77
0
3
77
0
3
76
0
3
76
0
3
76
1
4
76
1
4
76
1
4
75
1
4
75
1
4
76
2
5
75
3
5
76
3
6
76
4
7
76
5
7
76
6
8
77
5
8
77
2
4
145
145
145
235
235
235
252
252
252
254
254
254
254
254
254
253
253
253
254
254
254
254
254
254
254
254
254
254
254
254
253
253
253
253
253
253
253
253
253
254
254
254
255
255
255
255
255
255
254
254
254
253
253
253
252
252
252
251
251
251
250
250
250
251
251
251
252
252
252
254
254
254
255
255
255
254
254
254
253
253
253
251
251
251
253
253
253
255
255
255
255
255
255
255
255
255
252
252
252
250
250
250
251
251
251
253
253
253
253
253
253
252
252
252
252
252
252
252
252
252
252
252
252
252
252
252
252
252
252
252
252
252
252
252
253
249
248
250
246
246
248
248
247
249
233
233
235
11
10
14
87
86
90
217
216
219
250
248
253
250
248
254
248
248
253
246
249
252
244
249
250
248
252
253
248
251
251
250
249
246
253
251
247
251
239
235
161
136
131
48
9
5
60
8
6
68
4
3
75
1
1
80
0
1
83
0
3
83
1
5
82
1
5
79
1
4
77
0
3
76
0
4
76
0
4
76
0
4
76
0
4
76
0
4
76
0
4
76
0
4
76
0
4
76
0
4
76
0
4
76
0
4
76
0
4
76
0
4
76
0
4
76
0
4
76
0
4
76
0
4
76
0
4
76
0
4
76
0
4
76
0
4
76
0
4
76
0
4
76
0
4
76
0
4
76
0
4
76
0
4
76
0
4
76
0
4
76
0
4
76
0
4
76
0
4
76
0
4
76
0
4
76
0
4
76
0
4
76
0
4
76
0
4
76
0
4
76
0
4
76
0
4
76
0
4
76
0
4
76
0
4
76
0
4
76
0
4
76
0
4
76
0
4
76
0
4
76
0
4
76
0
4
76
0
4
76
0
4
76
0
4
77
0
6
78
1
7
78
1
7
78
1
7
78
1
7
78
1
7
77
0
7
77
0
7
77
0
6
76
0
6
76
0
6
76
0
6
76
0
6
76
0
6
76
0
6
77
0
7
77
0
7
77
0
7
76
0
5
76
1
2
76
1
2
76
1
2
76
1
2
76
1
2
76
1
2
76
1
2
76
1
2
76
1
2
76
1
2
76
1
2
76
1
2
76
1
2
76
1
2
76
1
2
76
1
2
76
1
2
75
1
2
69
0
1
70
0
2
71
0
3
71
1
4
72
1
4
72
1
4
72
1
4
72
1
4
72
1
4
73
2
5
72
2
4
73
2
5
73
2
5
73
2
5
72
2
4
72
1
4
72
1
4
72
1
4
76
0
4
76
0
4
76
0
4
76
0
4
76
0
4
76
0
4
76
0
4
76
0
4
76
0
4
76
0
4
76
0
4
76
0
4
76
0
4
76
0
4
76
0
4
76
0
4
76
0
4
76
0
4
76
0
4
76
0
4
76
0
4
76
0
4
76
0
4
76
0
4
76
0
4
76
0
4
76
0
4
76
0
4
76
0
4
76
0
4
76
0
4
76
0
4
76
0
4
76
0
4
76
0
4
76
0
4
76
0
4
75
0
3
75
0
3
75
0
3
75
0
3
75
0
3
75
0
3
75
0
3
75
0
3
78
2
6
81
5
9
79
3
7
78
2
6
79
3
7
81
5
9
81
5
9
80
4
8
78
2
6
77
1
4
78
0
3
77
0
3
77
0
3
77
0
3
77
0
3
77
0
3
76
0
3
76
0
3
76
1
3
76
1
3
76
1
3
75
2
4
75
2
4
76
3
5
76
4
5
76
4
5
76
4
6
76
4
6
76
1
3
144
144
144
236
236
236
253
253
253
254
254
254
254
254
254
253
253
253
255
255
255
255
255
255
254
254
254
255
255
255
253
253
253
252
252
252
253
253
253
253
253
253
254
254
254
253
253
253
251
251
251
248
248
248
247
247
247
248
248
248
250
250
250
251
251
251
252
252
252
252
252
252
252
252
252
253
253
253
254
254
254
251
251
251
251
251
251
252
252
252
253
253
253
253
253
253
251
251
251
250
250
250
251
251
251
252
252
252
252
252
252
252
252
252
252
252
252
252
252
252
252
252
252
252
252
252
252
252
252
252
252
252
252
251
252
250
249
251
245
244
246
241
240
242
232
231
233
14
13
17
100
99
103
224
223
226
250
248
253
249
247
253
248
248
253
246
249
253
247
251
252
247
251
252
244
246
246
246
246
242
252
249
245
240
226
222
149
123
118
47
7
4
60
7
5
68
4
3
75
1
1
79
0
1
83
0
3
83
1
4
82
2
5
80
1
4
77
1
4
76
0
4
76
0
4
76
0
4
76
0
4
76
0
4
76
0
4
76
0
4
76
0
4
76
0
4
76
0
4
76
0
4
76
0
4
76
0
4
76
0
4
76
0
4
76
0
4
76
0
4
76
0
4
76
0
4
76
0
4
76
0
4
76
0
4
76
0
4
76
0
4
76
0
4
76
0
4
76
0
4
76
0
4
76
0
4
76
0
4
76
0
4
76
0
4
76
0
4
76
0
4
76
0
4
76
0
4
76
0
4
76
0
4
76
0
4
76
0
4
76
0
4
76
0
4
76
0
4
76
0
4
76
0
4
76
0
4
76
0
4
76
0
4
76
0
4
76
0
4
76
0
4
76
0
4
76
0
4
76
0
4
78
1
7
79
2
9
79
2
9
79
2
9
79
2
9
79
2
9
78
1
8
77
0
7
76
0
6
76
0
6
76
0
6
76
0
6
76
0
6
76
0
6
76
0
6
77
0
7
77
0
7
77
0
7
76
1
5
76
2
2
76
2
2
76
2
2
76
2
2
76
2
2
76
2
2
76
2
2
76
2
2
76
2
2
76
2
2
76
2
2
76
2
2
76
2
2
76
2
2
76
2
2
76
2
2
76
2
2
75
2
2
73
2
5
74
3
6
75
4
6
75
4
7
76
5
8
77
5
8
77
5
8
77
5
8
76
5
8
73
2
5
75
3
6
77
6
9
79
8
11
79
8
11
78
7
10
76
5
8
75
4
7
72
2
4
76
0
4
76
0
4
76
0
4
76
0
4
76
0
4
76
0
4
76
0
4
76
0
4
76
0
4
76
0
4
76
0
4
76
0
4
76
0
4
76
0
4
76
0
4
76
0
4
76
0
4
76
0
4
76
0
4
76
0
4
76
0
4
76
0
4
76
0
4
76
0
4
76
0
4
76
0
4
76
0
4
76
0
4
76
0
4
76
0
4
76
0
4
76
0
4
76
0
4
76
0
4
76
0
4
76
0
4
75
0
3
75
0
2
75
0
2
75
0
2
75
0
2
75
0
2
75
0
3
75
0
3
75
0
3
77
2
5
79
3
7
78
2
6
78
2
6
78
2
6
78
2
6
78
2
6
77
1
5
75
0
3
76
0
2
79
1
2
78
1
2
78
1
2
77
1
2
77
1
2
77
1
2
77
1
2
77
1
2
77
1
2
76
2
2
76
2
2
76
2
2
76
2
2
75
2
3
75
2
3
75
3
3
75
3
4
75
3
3
73
0
0
143
143
143
237
237
237
254
254
254
254
254
254
252
252
252
253
253
253
255
255
255
255
255
255
253
253
253
255
255
255
253
253
253
252
252
252
252
252
252
253
253
253
253
253
253
252
252
252
248
248
248
243
243
243
248
248
248
251
251
251
252
252
252
252
252
252
249
249
249
246
246
246
245
245
245
247
247
247
250
250
250
248
248
248
247
247
247
248
248
248
249
249
249
249
249
249
250
250
250
251
251
251
251
251
251
250
250
250
251
251
251
251
251
251
251
251
251
251
251
251
251
251
251
251
251
251
251
251
251
251
251
251
251
250
252
250
249
251
247
246
248
242
241
243
225
224
226
14
13
17
114
113
117
222
221
225
247
245
250
250
248
253
250
250
253
245
249
252
249
253
254
247
251
252
240
242
242
243
243
240
252
247
243
228
215
210
136
110
105
44
4
2
59
6
5
67
3
2
75
1
1
79
0
1
83
0
3
84
2
5
82
2
5
80
2
4
77
1
4
76
0
4
76
0
4
76
0
4
76
0
4
76
0
4
76
0
4
76
0
4
76
0
4
76
0
4
76
0
4
76
0
4
76
0
4
76
0
4
76
0
4
76
0
4
76
0
4
76
0
4
76
0
4
76
0
4
76
0
4
76
0
4
76
0
4
76
0
4
76
0
4
76
0
4
76
0
4
76
0
4
76
0
4
76
0
4
76
0
4
76
0
4
76
0
4
76
0
4
76
0
4
76
0
4
76
0
4
76
0
4
76
0
4
76
0
4
76
0
4
76
0
4
76
0
4
76
0
4
76
0
4
76
0
4
76
0
4
76
0
4
76
0
4
76
0
4
76
0
4
76
0
4
76
0
4
76
0
4
76
0
4
77
1
7
79
2
9
80
3
10
81
4
11
81
4
11
80
3
10
79
2
9
77
0
7
76
0
6
76
0
6
76
0
6
76
0
6
76
0
6
76
0
6
76
0
6
77
0
7
77
0
7
77
0
7
76
1
5
76
2
2
76
2
2
76
2
2
76
2
2
76
2
2
76
2
2
76
2
2
76
2
2
76
2
2
76
2
2
76
2
2
76
2
2
76
2
2
76
2
2
76
2
2
76
2
2
76
2
2
75
2
2
72
3
6
72
3
6
74
5
8
75
6
9
76
6
9
77
7
10
77
8
11
77
8
11
76
7
10
65
0
0
67
0
1
71
2
4
73
4
7
75
6
9
75
6
9
74
5
8
72
3
6
70
1
4
76
0
4
76
0
4
76
0
4
76
0
4
76
0
4
76
0
4
76
0
4
76
0
4
76
0
4
76
0
4
76
0
4
76
0
4
76
0
4
76
0
4
76
0
4
76
0
4
76
0
4
76
0
4
76
0
4
76
0
4
76
0
4
76
0
4
76
0
4
76
0
4
76
0
4
76
0
4
76
0
4
76
0
4
76
0
4
76
0
4
76
0
4
76
0
4
76
0
4
76
0
4
76
0
4
76
0
4
75
0
3
75
0
2
75
0
2
75
0
2
75
0
2
75
0
2
75
0
2
75
0
2
75
0
3
76
0
4
77
1
5
77
1
5
77
1
5
77
1
5
77
1
5
76
0
4
75
0
3
74
0
3
75
0
2
78
0
1
79
1
2
79
1
2
79
2
3
78
2
3
77
1
2
77
1
2
77
1
2
76
1
2
75
1
1
75
1
1
75
1
1
76
2
2
76
2
2
75
2
2
74
2
2
74
2
2
74
2
2
75
0
0
142
142
142
237
237
237
254
254
254
254
254
254
252
252
252
252
252
252
255
255
255
255
255
255
252
252
252
254
254
254
253
253
253
252
252
252
251
251
251
253
253
253
254
254
254
254
254
254
249
249
249
246
246
246
252
252
252
252
252
252
249
249
249
246
246
246
244
244
244
243
243
243
243
243
243
245
245
245
246
246
246
245
245
245
243
243
243
242
242
242
242
242
242
245
245
245
250
250
250
253
253
253
251
251
251
249
249
249
249
249
249
250
250
250
250
250
250
250
250
250
250
250
250
250
250
250
250
250
250
250
250
250
250
249
250
244
243
245
243
241
244
249
248
250
227
226
228
14
13
17
184
183
187
239
238
242
245
243
248
249
247
251
250
250
253
244
248
251
250
254
254
247
251
252
238
240
240
243
242
239
252
248
244
221
208
203
129
102
98
45
5
2
59
6
4
67
3
2
75
1
1
79
0
1
83
0
3
84
2
5
83
3
6
81
3
6
78
2
5
76
0
4
76
0
4
76
0
4
76
0
4
76
0
4
76
0
4
76
0
4
76
0
4
76
0
4
76
0
4
76
0
4
76
0
4
76
0
4
76
0
4
76
0
4
76
0
4
76
0
4
76
0
4
76
0
4
76
0
4
76
0
4
76
0
4
76
0
4
76
0
4
76
0
4
76
0
4
76
0
4
76
0
4
76
0
4
76
0
4
76
0
4
76
0
4
76
0
4
76
0
4
76
0
4
76
0
4
76
0
4
76
0
4
76
0
4
76
0
4
76
0
4
76
0
4
76
0
4
76
0
4
76
0
4
76
0
4
76
0
4
76
0
4
76
0
4
76
0
4
76
0
4
76
0
4
76
0
4
76
0
4
78
2
7
80
3
10
81
4
11
82
5
12
82
5
12
81
4
11
79
2
9
77
0
8
76
0
6
75
0
5
76
0
6
76
0
6
76
0
6
76
0
6
76
0
6
77
0
7
77
0
7
77
0
7
77
1
5
76
2
2
76
2
2
76
2
2
76
2
2
76
2
2
76
2
2
76
2
2
76
2
2
76
2
2
76
2
2
76
2
2
76
2
2
76
2
2
76
2
2
76
2
2
76
2
2
76
2
2
75
2
2
68
0
2
69
0
3
70
1
4
72
3
6
73
4
7
74
5
8
74
5
8
74
5
8
75
6
9
75
6
9
74
5
8
74
5
7
73
4
7
72
3
6
72
3
6
72
3
6
72
3
6
72
3
6
76
0
4
76
0
4
76
0
4
76
0
4
76
0
4
76
0
4
76
0
4
76
0
4
76
0
4
76
0
4
76
0
4
76
0
4
76
0
4
76
0
4
76
0
4
76
0
4
76
0
4
76
0
4
76
0
4
76
0
4
76
0
4
76
0
4
76
0
4
76
0
4
76
0
4
76
0
4
76
0
4
76
0
4
76
0
4
76
0
4
76
0
4
76
0
4
76
0
4
76
0
4
76
0
4
76
0
4
75
0
3
75
0
2
75
0
2
75
0
2
75
0
2
75
0
2
75
0
2
75
0
2
75
0
2
75
0
3
76
0
3
76
0
4
77
1
5
77
1
5
76
0
4
75
0
3
75
0
3
75
0
3
76
0
2
78
1
0
78
1
0
80
3
1
80
3
1
80
3
1
79
3
1
77
2
0
77
2
0
76
1
0
76
1
0
75
1
0
75
1
0
75
1
0
75
1
0
75
1
0
75
1
0
75
1
0
75
1
0
76
1
0
144
144
145
237
237
238
254
254
254
254
253
254
252
252
252
252
252
251
254
255
253
254
255
253
252
253
250
253
254
251
252
253
250
252
252
249
252
253
250
253
254
252
254
255
253
254
254
253
251
251
250
248
249
248
250
251
253
241
243
244
240
242
241
243
246
243
239
241
238
220
221
220
175
173
179
166
162
174
167
161
176
170
163
178
207
202
212
239
237
239
243
243
238
245
247
237
250
252
242
251
253
246
250
249
249
249
247
249
250
249
249
250
251
250
251
251
250
250
250
250
245
245
245
251
251
252
251
250
252
250
249
251
251
249
252
241
239
242
229
228
232
219
217
221
172
171
174
65
65
68
238
237
240
249
249
249
246
245
247
249
248
250
250
251
252
245
249
250
248
253
252
248
252
252
238
241
240
238
237
234
249
244
240
211
197
193
120
92
89
46
5
2
59
5
3
68
3
3
77
2
2
80
0
1
82
0
2
83
1
3
83
3
4
80
3
4
78
2
3
76
0
4
76
0
4
75
0
4
75
0
4
75
0
4
74
0
4
74
0
4
74
0
4
74
0
4
74
0
4
74
0
4
74
0
4
74
0
4
74
0
4
74
0
4
74
0
4
74
0
4
74
0
4
73
2
3
73
2
3
73
1
3
73
0
5
74
0
7
74
0
8
75
0
8
75
0
9
75
0
8
74
0
6
74
0
5
73
0
4
73
1
4
73
1
3
73
1
3
72
1
3
71
1
4
71
1
4
76
0
4
77
0
4
77
0
4
77
0
4
76
0
4
76
0
4
76
0
4
76
0
4
76
0
4
76
0
4
76
0
4
76
0
4
75
0
4
76
0
4
76
1
5
77
1
5
76
1
5
76
1
5
77
3
8
78
5
11
79
5
11
81
6
11
81
5
11
81
4
9
80
2
6
79
1
5
78
0
4
78
1
4
79
1
4
78
1
4
77
1
4
76
1
4
75
1
5
74
1
6
74
0
6
73
0
7
75
0
5
78
2
2
79
3
3
76
1
1
76
2
2
77
5
5
73
3
3
72
3
2
72
3
2
71
2
2
73
4
3
73
4
3
74
3
3
75
3
3
76
2
2
77
2
2
78
1
2
78
1
2
78
1
2
73
1
4
72
1
3
75
6
8
71
4
6
69
6
8
71
10
12
68
11
13
61
6
8
63
9
11
77
24
26
75
22
24
70
14
17
66
9
11
66
7
9
69
7
10
72
7
10
72
5
9
73
5
9
76
0
5
76
0
5
76
0
5
76
0
5
76
0
5
76
0
5
76
0
5
76
0
5
76
0
5
76
0
5
76
0
5
76
0
5
76
0
5
76
0
5
76
0
5
76
0
5
76
0
5
76
0
5
76
0
4
76
0
4
76
0
4
76
0
4
76
0
4
76
0
4
76
0
4
76
0
4
76
0
4
76
0
4
76
0
4
76
0
4
76
0
3
76
0
3
76
0
3
76
0
3
76
0
3
76
0
3
75
2
3
74
3
3
72
1
2
71
0
1
70
0
1
71
1
2
71
0
2
76
4
6
76
2
5
76
0
3
77
0
3
79
0
4
79
1
4
78
1
4
75
1
2
72
1
2
70
1
2
69
2
2
71
2
2
74
1
1
74
1
0
78
5
3
80
6
4
78
3
2
77
2
1
78
3
2
79
4
2
77
1
0
78
1
0
78
1
0
77
1
0
76
1
0
76
1
0
76
1
0
76
1
0
75
1
0
75
1
0
76
1
0
147
146
150
238
237
240
253
252
255
254
253
254
253
253
252
252
253
250
253
255
250
253
255
249
252
254
247
251
254
245
251
254
245
252
254
246
252
254
247
252
254
248
252
253
248
251
252
248
250
251
248
249
250
248
245
249
254
230
236
239
236
243
240
239
245
238
206
212
206
141
144
146
33
27
47
35
22
62
22
4
54
22
5
52
118
105
137
213
207
218
244
244
234
250
254
230
244
249
223
250
253
237
251
249
248
246
240
250
248
245
248
249
250
247
248
249
247
249
249
248
245
244
246
253
252
255
252
250
255
248
245
252
250
247
254
236
233
240
194
192
200
125
123
129
49
48
53
196
195
198
247
247
247
247
247
246
250
251
248
251
252
248
249
252
249
247
253
251
243
250
247
249
255
253
242
246
241
231
230
226
246
238
234
192
174
171
101
71
69
46
2
1
58
2
1
71
5
6
81
5
6
82
1
2
80
0
1
80
1
1
81
3
1
79
4
1
77
3
1
76
0
4
75
0
4
74
0
4
74
0
4
73
0
4
72
1
4
72
1
4
72
1
4
71
1
4
71
1
4
71
1
4
71
1
4
71
1
4
72
1
4
72
1
4
72
1
4
72
1
4
72
1
4
68
4
0
68
4
0
69
2
3
70
1
7
72
1
11
73
0
14
73
0
15
73
0
16
74
1
13
71
0
9
71
1
6
70
2
3
69
2
2
68
3
1
67
3
2
66
3
3
65
2
3
64
2
5
75
0
4
79
0
4
79
0
4
78
0
4
77
0
4
77
0
4
77
0
4
76
0
4
76
0
4
77
1
5
77
1
5
76
0
4
74
0
4
75
1
5
76
2
6
77
3
7
78
4
8
78
4
8
74
6
12
72
8
15
73
8
14
74
6
13
75
4
9
76
2
5
78
1
2
81
3
3
84
4
3
84
3
2
82
1
0
81
2
0
79
2
0
76
2
2
73
2
3
70
2
3
68
1
4
67
1
5
72
1
4
82
1
2
82
3
4
78
1
1
75
1
1
75
6
5
72
7
6
68
5
4
65
5
4
65
6
5
64
4
3
65
4
3
68
3
3
71
2
2
74
2
2
78
1
1
82
0
2
84
1
3
84
1
3
80
2
5
74
0
0
77
8
9
64
3
3
60
7
7
63
17
18
54
17
18
44
15
14
86
61
60
137
115
114
136
112
112
81
52
53
46
13
13
48
8
8
63
15
17
68
12
16
68
5
9
68
1
6
76
0
6
76
0
6
76
0
6
76
0
6
76
0
6
76
0
6
76
0
6
76
0
6
76
0
6
76
0
6
76
0
6
76
0
6
76
0
6
76
0
6
76
0
6
76
0
6
76
0
6
76
0
6
76
0
4
76
0
4
76
0
4
76
0
4
76
0
4
76
0
4
76
0
4
76
0
4
76
0
4
76
0
4
76
0
4
76
0
4
76
1
3
75
0
2
75
0
2
75
0
2
75
1
1
75
1
1
73
3
2
70
4
2
69
3
2
70
6
5
67
4
3
63
1
1
64
1
1
74
6
8
76
3
6
78
0
4
82
0
4
84
0
3
83
0
2
80
1
2
75
2
0
68
3
0
63
4
0
59
5
0
61
5
1
67
2
1
64
0
0
70
4
4
78
10
8
74
3
2
74
2
1
78
4
3
80
4
3
79
1
0
80
0
0
80
0
0
80
0
0
80
0
0
79
1
0
78
1
0
77
1
0
77
1
0
76
1
0
75
1
0
143
142
145
236
235
238
253
252
254
254
254
254
253
254
252
253
254
250
254
255
250
253
255
249
252
255
246
252
254
245
251
254
245
251
253
246
251
253
247
250
252
246
249
251
247
249
250
248
249
250
248
249
250
248
248
249
253
229
232
238
235
240
242
197
203
203
96
101
105
42
43
59
31
25
61
41
28
85
38
21
87
28
11
74
65
52
102
128
122
149
188
188
192
234
237
226
232
237
218
251
252
241
248
244
246
243
234
248
246
243
247
248
250
246
248
249
246
248
249
247
243
243
243
252
251
253
234
233
237
246
244
249
247
245
252
171
168
177
75
72
80
37
36
41
42
40
46
236
235
239
224
224
225
247
247
247
253
254
252
253
253
251
250
252
250
245
252
249
244
251
248
250
255
253
248
252
247
243
241
237
251
245
241
178
160
157
86
55
53
47
4
2
59
3
3
71
5
6
80
5
5
80
1
2
79
1
0
78
2
0
78
4
1
77
6
1
75
4
1
74
0
3
73
0
3
73
0
3
73
0
3
73
0
3
72
0
3
71
0
3
71
0
3
71
0
3
72
1
4
72
1
4
72
1
4
72
1
4
73
1
4
73
0
4
73
0
4
73
0
4
73
0
4
72
3
1
72
1
1
72
1
3
73
1
7
75
1
9
76
1
10
76
0
9
75
0
8
75
1
5
75
2
3
74
3
1
73
4
0
73
5
0
72
4
0
70
3
1
70
2
3
69
1
5
69
0
8
77
0
5
79
0
4
79
0
4
78
0
4
77
0
4
77
0
4
77
0
4
76
0
4
76
0
4
76
0
4
77
1
5
77
2
6
76
2
6
75
1
5
75
1
5
76
2
6
80
5
10
83
9
13
67
6
18
56
4
22
61
6
24
66
9
25
68
7
21
68
2
13
69
1
7
72
2
5
76
2
5
78
2
4
78
0
2
78
1
1
78
1
1
77
1
2
75
1
2
73
2
2
71
2
3
70
2
3
76
2
4
84
2
4
82
2
3
87
9
10
78
4
4
70
1
1
69
4
3
75
13
12
83
23
22
84
25
23
73
14
13
75
14
12
75
10
10
77
8
7
78
5
5
80
3
3
82
1
2
83
0
1
82
1
2
77
3
5
71
0
1
71
5
5
65
5
6
55
5
5
49
6
7
47
11
11
80
52
51
213
195
195
244
232
231
243
233
233
159
136
135
75
44
44
46
9
9
52
8
9
57
6
7
63
4
8
70
7
12
76
0
6
76
0
6
76
0
6
76
0
6
76
0
6
76
0
6
76
0
6
76
0
6
76
0
6
76
0
6
76
0
6
76
0
6
76
0
6
76
0
6
76
0
6
76
0
6
76
0
6
76
0
6
76
0
4
76
0
4
76
0
4
76
0
4
76
0
4
76
0
4
76
0
4
76
0
4
76
0
4
76
0
4
76
0
4
76
0
4
76
1
3
75
0
2
75
0
2
75
0
2
75
1
1
75
1
1
72
1
0
70
1
0
71
3
1
72
6
5
81
15
14
83
17
17
78
11
12
79
7
10
82
5
9
83
3
6
82
0
3
83
0
2
83
0
2
82
0
2
77
2
0
72
3
0
68
5
1
66
6
1
64
6
1
65
4
3
69
8
7
74
10
9
70
4
4
71
3
2
81
10
8
82
9
7
78
4
2
79
2
1
79
1
0
80
0
0
80
0
0
80
0
0
79
0
0
78
1
0
78
1
0
78
1
0
77
1
0
75
1
0
139
139
139
232
232
233
251
252
251
254
255
253
254
255
252
254
255
250
254
255
249
253
255
247
252
255
246
253
255
246
252
255
246
251
254
246
250
252
246
249
250
246
249
250
246
249
250
248
249
249
249
250
250
249
244
242
253
242
242
250
215
216
224
125
127
139
19
20
41
16
14
52
38
30
91
44
30
112
60
42
134
59
43
132
37
26
100
26
19
71
51
50
77
121
123
131
241
244
241
254
253
251
240
234
241
244
234
249
248
244
248
247
248
243
248
249
246
250
251
249
233
233
233
253
251
254
248
247
249
212
210
215
135
133
139
60
58
65
22
19
26
35
34
40
114
112
118
250
248
252
240
239
242
246
245
247
245
244
245
245
245
244
246
248
247
245
252
249
246
253
250
248
252
250
252
255
251
253
251
248
252
241
238
157
136
134
69
36
35
52
8
6
61
4
3
69
3
4
77
3
3
77
0
1
76
1
0
75
2
0
73
5
1
71
6
1
71
5
1
73
0
3
73
0
3
71
0
3
71
0
3
72
0
3
73
0
3
72
0
3
72
0
3
72
0
3
73
0
4
73
0
4
73
0
4
73
0
4
74
0
4
75
0
4
76
0
4
76
0
4
76
0
4
77
1
4
76
0
4
76
0
5
76
0
6
77
0
6
77
0
6
77
0
4
77
2
2
77
3
1
79
6
0
79
8
0
79
8
0
78
7
0
77
5
0
76
3
1
76
1
5
75
0
9
76
0
11
78
0
6
79
0
4
79
0
4
78
0
4
77
0
4
77
0
4
77
0
4
76
0
4
76
0
4
75
0
3
77
1
5
78
3
7
77
3
7
75
2
5
73
0
3
75
1
5
81
7
11
87
13
17
62
8
30
50
9
43
65
22
55
80
34
64
86
36
63
78
24
46
71
11
30
66
3
18
66
0
10
70
0
7
74
0
5
76
0
3
77
0
3
77
1
2
77
1
2
76
2
1
77
2
1
77
3
1
79
2
2
83
1
3
82
2
3
85
7
7
76
2
2
93
23
23
99
33
32
165
111
110
220
181
180
181
142
140
70
9
7
72
8
7
72
7
6
74
5
5
77
3
3
80
2
3
82
0
2
83
0
2
83
2
3
78
9
11
62
0
0
61
1
1
68
12
12
61
12
12
47
6
6
38
4
3
79
50
50
253
232
232
255
237
236
255
247
246
239
230
229
161
137
137
87
51
52
60
17
18
65
15
17
54
0
2
60
2
4
75
0
6
76
0
6
76
0
6
76
0
6
76
0
6
76
0
6
76
0
6
76
0
6
76
0
6
76
0
6
76
0
6
76
0
6
76
0
6
76
0
6
76
0
6
76
0
6
76
0
6
76
0
6
76
0
4
76
0
4
76
0
4
76
0
4
76
0
4
76
0
4
76
0
4
76
0
4
76
0
4
76
0
4
76
0
4
76
0
4
76
1
3
75
0
2
75
0
2
75
0
2
75
1
1
75
1
1
79
6
5
81
8
6
77
5
4
76
5
5
75
4
4
75
6
6
76
4
5
77
2
5
88
10
13
91
8
13
84
0
4
84
0
4
84
0
3
83
0
2
79
1
2
77
2
1
74
5
1
72
6
1
68
6
2
65
8
6
72
14
12
67
7
5
64
2
1
76
11
10
78
9
9
76
4
4
76
3
2
77
3
1
76
1
0
78
1
0
78
1
0
80
0
0
79
1
0
78
1
0
78
1
0
78
1
0
78
1
0
75
1
0
135
136
134
231
232
230
251
252
249
254
255
251
254
255
251
253
255
249
254
255
248
253
255
247
252
255
246
254
255
248
253
255
247
252
254
247
250
252
247
250
251
247
250
251
249
250
250
250
250
250
250
251
250
252
243
237
250
235
230
244
163
159
177
66
64
90
25
22
63
56
51
113
49
41
127
43
31
141
47
33
155
38
25
142
20
10
111
7
2
80
11
9
61
47
49
79
196
196
211
235
231
242
236
227
239
249
239
250
247
244
245
245
248
241
251
252
247
253
254
250
251
252
250
212
212
212
248
247
249
141
140
144
56
54
60
14
13
18
40
39
44
133
132
137
224
222
228
249
247
253
249
248
252
249
248
252
246
246
248
249
248
250
250
252
252
247
254
251
248
254
252
244
249
247
254
255
251
255
254
251
233
220
217
130
106
104
57
21
20
57
10
9
61
4
3
67
1
2
72
0
0
72
0
0
71
1
0
69
3
0
65
5
0
62
7
0
64
7
1
69
1
2
69
1
2
69
1
2
70
1
2
71
1
2
71
1
2
72
1
2
73
0
2
73
0
2
74
1
3
76
1
3
76
1
3
76
1
3
76
1
3
76
1
3
76
1
3
76
1
3
76
1
3
80
1
6
81
1
7
81
1
8
81
1
8
80
1
6
79
0
4
79
1
2
78
4
0
79
6
0
80
8
0
80
9
0
80
9
0
80
8
0
80
5
0
80
2
1
80
0
5
81
0
11
81
0
14
80
0
6
79
0
4
79
0
4
78
0
4
77
0
4
77
0
4
77
0
4
76
0
4
76
0
4
75
0
3
76
1
5
78
3
7
77
3
7
76
2
6
73
0
3
75
1
5
82
8
12
88
14
18
65
16
43
56
25
70
77
44
88
96
60
100
100
60
98
85
40
73
69
18
47
63
5
28
62
1
18
65
0
12
69
0
9
73
0
6
76
0
4
79
1
2
79
2
0
81
2
1
82
2
0
82
3
0
83
2
2
86
3
6
86
5
8
88
9
11
78
3
5
85
14
16
72
8
8
134
72
72
189
127
127
153
91
90
67
3
3
68
4
4
72
4
5
75
3
5
77
1
4
79
1
4
82
1
4
85
1
5
82
1
4
68
2
3
62
0
0
65
5
6
63
8
9
53
5
4
46
4
3
48
13
13
97
71
70
255
248
248
255
233
233
245
222
222
236
211
211
151
120
120
70
36
36
49
8
9
67
17
19
57
3
5
56
0
2
75
0
4
76
0
4
76
0
4
76
0
4
76
0
4
76
0
4
76
0
4
76
0
4
76
0
4
76
0
4
76
0
4
76
0
4
76
0
4
76
0
4
76
0
4
76
0
4
76
0
4
76
0
4
76
0
4
76
0
4
76
0
4
76
0
4
76
0
4
76
0
4
76
0
4
76
0
4
76
0
4
76
0
4
76
0
4
76
0
3
76
1
3
75
0
2
75
0
2
75
0
2
75
0
2
75
1
1
75
1
1
75
1
1
78
4
4
85
11
11
77
3
3
91
15
18
109
33
36
99
20
24
86
6
10
83
2
6
87
3
8
86
2
7
85
1
6
81
0
3
79
1
2
77
2
0
75
3
1
74
4
1
68
4
1
61
8
5
73
19
17
62
7
4
63
4
2
72
9
8
73
8
7
72
4
4
74
2
2
76
1
2
76
0
1
78
0
1
78
1
0
78
1
0
78
1
0
78
1
0
78
1
0
78
1
0
77
1
0
75
1
0
135
136
134
231
232
228
251
252
248
254
255
250
253
254
249
252
254
247
252
255
246
252
255
246
252
255
246
254
255
247
253
255
249
252
254
249
252
253
250
252
252
251
251
251
251
250
250
250
249
248
251
249
248
252
254
249
254
209
202
215
104
98
121
28
23
62
28
23
84
34
28
115
40
32
146
30
20
157
21
10
158
22
12
156
23
16
145
20
16
123
12
10
90
17
16
71
94
92
125
217
211
232
244
235
249
253
240
253
245
240
242
238
240
234
239
241
235
242
243
239
250
251
248
245
246
244
176
176
176
66
66
67
15
14
18
7
5
10
50
48
53
130
128
134
165
162
169
246
244
250
242
240
246
248
246
252
241
239
245
244
243
248
251
252
254
249
255
253
249
254
253
243
247
245
254
253
249
255
252
249
196
181
179
98
71
70
47
9
8
58
9
8
64
5
5
66
0
1
68
0
0
71
2
2
68
5
2
63
6
2
57
7
1
53
10
1
55
10
2
66
3
3
66
3
3
66
3
3
67
2
3
69
2
3
70
2
3
71
2
3
72
2
3
74
1
3
76
1
3
76
1
3
77
0
3
77
0
3
77
0
3
77
0
3
77
0
3
77
0
3
77
0
3
80
0
3
79
0
4
80
1
7
79
1
9
78
0
10
77
0
9
75
0
8
75
1
5
76
2
3
76
4
2
76
5
1
77
6
1
77
5
1
78
4
0
79
2
2
79
0
5
82
0
8
83
0
12
80
0
6
79
0
4
79
0
4
78
0
4
77
0
4
77
0
4
77
0
4
76
0
4
76
0
4
76
0
4
77
1
5
77
2
6
76
2
6
76
2
5
74
0
4
76
2
6
80
6
10
83
9
13
62
14
44
53
24
73
69
37
84
81
46
90
80
41
82
66
22
58
55
5
35
55
1
25
61
1
21
66
1
16
69
0
11
72
0
8
76
0
4
77
0
3
80
1
2
81
1
1
83
2
0
83
3
0
83
2
2
83
2
5
81
1
3
88
9
12
86
11
13
80
7
9
77
7
9
74
7
8
70
5
6
70
7
7
78
14
14
79
12
13
79
11
12
80
8
10
81
6
8
81
3
6
81
2
4
82
1
4
80
1
3
67
2
2
72
7
9
71
10
11
62
4
5
56
4
4
56
10
11
65
24
24
101
65
65
199
167
167
211
194
193
219
200
201
158
128
128
94
56
56
65
22
23
62
14
16
65
11
14
72
13
17
70
10
14
77
1
6
77
1
5
77
1
5
77
1
5
76
0
5
76
0
4
76
0
4
76
0
4
76
0
4
76
0
4
76
0
4
76
0
4
76
0
4
76
0
4
76
0
4
76
0
4
76
0
4
76
0
4
76
0
4
76
0
4
76
0
4
76
0
4
76
0
4
76
0
4
76
0
4
76
0
4
76
0
4
76
0
4
76
0
4
76
0
4
76
1
3
75
0
2
75
0
2
75
0
2
75
0
2
75
0
2
75
3
3
76
4
2
75
2
1
76
3
3
74
1
1
89
12
15
87
11
14
83
9
12
107
32
37
106
30
36
80
5
11
79
5
9
76
3
7
74
2
4
72
1
3
73
2
2
73
3
3
74
4
3
69
6
3
59
11
7
63
12
9
65
12
9
128
78
76
135
82
80
93
33
32
70
5
5
73
5
4
77
5
5
75
1
1
76
0
1
78
0
1
78
0
1
78
0
1
78
0
1
78
0
1
78
0
1
78
0
1
75
1
1
136
137
135
232
233
230
252
253
249
254
255
251
253
254
249
251
253
247
251
254
246
252
254
247
252
255
247
252
254
247
252
254
248
253
254
249
252
253
250
251
252
251
251
250
251
249
248
251
247
246
250
246
245
250
249
245
248
235
229
239
120
113
139
29
23
71
39
33
107
26
19
124
29
21
153
31
24
178
17
10
174
10
5
166
19
15
163
34
32
158
34
33
133
11
10
84
11
8
58
119
112
141
206
196
214
244
232
244
253
248
250
250
251
246
248
249
244
249
250
246
240
241
237
239
240
238
42
42
42
9
9
10
11
10
13
17
15
19
18
17
21
15
13
19
29
27
33
239
237
243
246
244
249
245
243
250
244
242
248
245
243
249
248
248
252
249
255
253
248
254
252
245
248
246
255
254
250
255
251
248
166
149
147
77
47
46
44
2
2
57
4
4
68
7
7
67
1
2
67
1
0
69
5
4
66
10
5
59
11
4
51
11
3
46
13
3
47
14
5
58
6
4
59
6
4
60
6
4
62
5
4
64
5
4
66
4
4
68
4
4
71
4
4
73
3
4
75
1
3
76
1
3
77
0
3
78
0
3
79
0
3
79
0
3
79
0
3
80
0
3
80
0
3
77
4
0
75
2
2
74
0
5
74
0
10
74
0
15
73
0
18
72
0
20
70
0
20
70
0
18
69
1
14
70
1
11
71
2
8
71
2
5
73
1
3
75
1
2
76
0
3
79
0
5
81
0
6
79
0
4
79
0
4
79
0
4
78
0
4
77
0
4
77
0
4
77
0
4
76
0
4
76
0
4
77
1
5
77
1
5
76
1
4
74
1
5
75
1
5
76
2
6
77
3
7
78
4
8
78
4
8
60
7
32
51
13
55
62
21
62
70
27
65
70
23
59
60
11
40
56
2
27
58
1
22
65
3
21
69
2
16
69
0
10
72
0
7
75
0
5
76
0
3
78
1
2
79
1
1
80
1
1
80
2
1
83
3
4
86
6
8
82
2
5
83
5
7
77
2
4
80
7
9
84
13
14
79
10
11
75
7
8
76
10
11
72
6
6
73
5
6
74
4
5
75
3
4
76
1
3
77
0
3
79
0
3
81
1
3
81
2
4
77
5
7
71
0
3
72
6
7
73
9
11
72
12
14
68
13
15
61
10
12
52
5
7
53
8
10
62
20
21
79
37
38
65
20
21
64
15
17
69
17
19
69
13
16
67
6
10
72
7
12
66
0
4
77
2
6
78
2
6
77
1
5
77
1
5
77
1
5
77
1
5
76
0
4
76
0
4
76
0
4
76
0
4
76
0
4
76
0
4
76
0
4
76
0
4
76
0
4
76
0
4
75
0
4
75
0
4
75
0
4
75
0
4
75
0
4
76
0
4
76
0
4
76
0
4
76
0
4
76
0
4
76
0
4
76
0
4
76
0
4
76
0
4
76
0
3
75
0
2
75
0
2
75
0
2
75
0
2
75
0
2
74
4
3
72
7
4
74
7
5
81
12
11
75
3
3
81
8
10
91
17
20
95
23
28
140
71
76
126
60
65
68
6
10
65
5
9
62
4
7
61
4
6
63
4
4
66
4
5
68
6
6
71
7
7
68
9
7
58
10
6
59
10
6
76
25
22
212
177
174
216
176
173
127
72
70
76
12
11
71
5
4
73
3
3
74
1
1
76
0
1
77
0
1
78
0
1
78
0
1
78
0
1
78
0
1
78
0
1
77
0
1
75
1
1
136
137
136
231
231
230
241
241
239
248
248
246
252
253
249
249
251
246
250
252
247
253
254
250
254
255
250
249
251
246
252
253
249
252
253
250
250
251
249
250
250
250
253
252
253
250
249
253
245
243
248
248
246
252
248
245
242
232
226
233
125
118
145
37
31
85
39
32
118
29
21
139
30
23
168
2
1
162
13
10
183
7
6
177
15
15
174
27
27
167
28
27
143
18
16
106
4
0
65
42
36
74
138
130
152
217
208
221
244
240
243
246
247
245
249
250
247
249
249
247
235
236
233
252
253
251
64
65
64
15
15
15
17
17
17
27
27
29
28
27
30
19
18
22
25
24
29
186
184
189
240
238
244
244
241
249
248
245
253
248
245
252
246
247
250
247
253
251
247
252
250
250
252
250
255
255
251
235
227
225
119
97
96
55
21
20
48
3
3
60
4
4
72
8
8
67
1
1
70
5
4
73
13
11
59
9
5
50
10
4
40
11
3
34
13
3
39
18
7
49
10
6
49
8
4
50
7
3
54
7
4
58
8
5
63
9
7
67
8
7
69
7
6
71
5
5
73
1
2
75
2
3
77
1
3
79
1
3
79
1
3
80
1
3
80
0
2
80
0
2
80
0
2
77
12
1
75
11
3
72
6
7
73
6
17
74
6
27
71
3
33
67
0
37
69
2
42
66
0
40
65
0
35
65
0
30
67
1
25
70
3
20
72
5
14
73
4
8
72
3
3
75
2
1
76
3
1
78
1
3
79
0
4
79
0
4
78
0
4
77
0
4
77
0
4
77
0
4
76
0
4
76
0
4
77
1
5
76
0
4
75
0
4
74
0
4
74
1
5
75
1
5
76
2
6
75
2
5
75
1
5
61
0
17
53
1
28
58
4
31
64
8
32
64
7
30
63
2
22
62
0
16
64
0
12
67
0
10
69
0
9
71
0
7
73
0
5
74
0
4
75
0
3
75
0
3
75
0
3
75
0
3
75
0
3
77
0
3
80
0
4
81
2
6
81
4
8
78
2
5
80
7
10
75
2
5
72
2
4
71
2
4
72
2
4
77
8
10
77
7
9
77
5
8
76
3
6
77
2
5
77
1
4
77
0
3
79
0
3
79
0
3
77
0
3
77
0
5
82
8
11
82
9
12
73
3
7
66
0
4
65
2
6
66
6
9
59
1
5
64
6
10
58
2
5
65
7
11
73
13
17
74
11
15
73
5
10
75
5
10
78
4
10
76
0
7
77
1
4
77
1
4
76
1
4
76
1
4
76
0
3
76
0
3
75
0
3
75
0
3
75
0
3
75
0
2
77
2
5
77
2
5
75
1
3
74
1
3
77
3
5
77
3
6
72
0
2
73
0
3
73
0
2
73
0
3
73
0
3
76
2
5
80
5
9
77
2
6
74
0
2
79
3
7
76
1
4
76
0
4
76
0
4
76
0
4
76
0
3
75
0
2
75
0
2
75
0
2
75
0
2
75
0
2
69
3
2
65
6
2
67
7
3
71
7
5
71
3
3
76
8
9
83
16
18
71
7
11
67
8
12
61
8
12
50
4
6
47
5
7
57
17
18
62
22
22
70
26
26
59
10
10
65
12
12
68
11
11
61
7
5
59
10
8
61
13
10
55
4
2
107
53
51
103
45
44
76
15
14
68
4
3
72
4
5
71
1
2
74
1
2
76
1
2
76
0
2
78
0
2
78
0
2
78
0
2
78
0
2
78
0
2
78
0
2
75
1
2
142
141
144
236
235
236
237
236
238
243
243
244
246
246
246
239
240
238
238
239
237
247
248
245
252
253
250
251
252
249
254
254
252
252
252
251
247
247
247
246
245
247
251
250
252
250
250
253
246
244
250
253
251
255
253
252
245
217
214
218
106
102
130
29
22
82
36
28
123
25
17
144
14
8
161
3
0
170
8
7
182
4
5
178
7
9
173
13
14
163
22
20
149
31
29
134
19
15
93
11
5
54
64
58
88
192
186
203
244
242
247
248
248
247
247
248
247
250
250
249
244
244
244
240
240
240
166
166
166
76
76
76
29
29
29
51
51
52
114
114
115
157
156
159
138
138
140
80
79
83
228
226
232
250
248
252
251
249
255
247
245
252
246
247
251
248
254
252
247
252
250
244
246
244
255
252
249
181
165
163
73
47
46
44
5
6
58
8
9
67
8
9
71
6
6
68
0
1
68
4
3
67
11
8
51
8
2
56
26
17
60
41
30
55
46
34
60
53
39
71
49
41
70
46
39
64
37
30
55
23
17
51
14
8
54
10
5
58
8
5
60
5
3
61
2
2
69
2
2
73
3
3
77
2
3
78
2
3
79
2
3
80
2
2
81
0
2
80
0
1
80
0
1
72
15
0
75
18
6
70
11
9
68
8
20
69
6
34
71
7
48
75
10
63
84
19
79
77
13
74
64
2
57
61
0
46
60
1
37
63
2
28
67
4
21
70
6
13
71
6
5
73
6
0
75
8
0
78
2
3
79
0
4
79
0
4
78
0
4
77
0
4
77
0
4
77
0
4
76
0
4
76
0
4
76
0
4
76
0
4
75
0
4
74
0
4
74
0
4
74
0
4
74
0
4
74
0
4
74
0
4
71
0
9
69
0
13
70
0
12
71
0
11
72
0
10
72
0
8
73
0
7
73
0
5
73
0
4
74
0
4
75
1
4
75
1
3
74
1
3
74
0
4
73
0
5
72
0
5
72
0
6
71
0
6
74
0
6
78
0
4
78
0
4
77
0
4
76
0
4
75
0
4
74
0
4
74
0
4
73
0
4
73
0
4
73
0
4
73
0
4
74
0
4
75
0
4
76
0
4
77
0
4
77
0
4
78
0
4
78
0
4
82
0
5
82
0
5
81
0
5
80
0
6
79
0
6
77
0
7
75
0
6
73
0
6
71
0
6
69
0
6
69
1
6
69
0
6
71
0
6
73
0
6
76
0
7
78
0
7
80
0
7
81
0
7
76
1
3
76
1
3
76
1
3
75
0
2
75
0
2
75
0
2
75
0
2
75
0
2
75
0
2
74
0
2
78
3
5
77
3
5
74
2
3
72
1
1
74
2
3
75
2
4
75
3
4
82
9
11
81
8
10
80
8
9
76
4
5
72
1
2
75
3
5
76
2
6
78
5
8
82
6
10
76
1
4
75
0
3
76
0
4
76
0
4
76
0
3
75
0
2
75
0
2
75
0
2
75
0
2
75
0
2
65
3
1
58
5
0
61
5
1
66
7
3
73
9
7
72
7
8
66
4
5
60
4
6
55
7
10
62
22
24
101
69
70
167
145
144
190
176
176
193
174
173
197
179
179
114
83
82
64
25
25
58
13
14
64
16
15
60
9
8
59
7
6
58
4
3
59
2
1
61
0
0
64
0
0
67
0
1
70
1
2
74
1
3
75
1
3
77
0
3
77
0
3
77
0
3
78
0
3
78
0
3
78
0
3
78
0
3
77
0
3
76
1
3
130
127
137
237
233
239
248
245
252
247
245
251
249
248
252
250
249
251
250
250
251
251
250
251
241
241
241
244
244
243
248
249
248
251
251
251
250
250
251
251
250
252
254
253
254
254
252
254
248
246
252
252
250
255
252
254
247
197
198
204
91
88
120
25
18
85
31
22
125
18
7
143
16
6
165
10
6
178
5
3
177
3
4
175
2
2
167
10
9
164
25
22
163
34
30
150
47
40
136
20
13
78
12
9
50
151
148
175
229
227
239
247
247
250
246
245
248
244
243
245
254
253
254
235
235
235
239
239
239
119
119
119
35
35
35
87
87
87
198
198
198
250
249
250
229
229
230
39
38
40
228
227
231
248
247
251
241
240
245
245
243
248
250
251
252
247
253
251
248
252
250
246
245
244
255
254
251
128
110
109
60
29
29
51
8
9
62
8
10
67
6
7
70
4
5
72
4
5
63
2
0
50
1
1
42
6
0
68
46
36
86
78
64
80
82
66
71
77
61
71
66
56
80
73
63
72
61
51
51
34
25
38
13
7
40
8
3
51
11
7
60
12
9
61
8
5
64
4
2
69
4
3
74
3
3
77
2
3
79
2
3
80
2
2
81
1
2
80
0
1
80
0
1
66
13
0
73
20
7
67
12
10
59
4
15
58
2
30
68
9
55
87
26
87
106
44
113
97
36
106
80
19
86
68
9
66
60
3
46
58
0
31
62
2
21
68
6
15
71
9
7
73
8
0
72
8
0
77
2
3
79
0
4
79
0
4
78
0
4
77
0
4
77
0
4
77
0
4
76
0
4
76
0
4
76
0
4
76
0
4
75
0
4
74
0
4
74
0
4
74
0
4
74
0
4
74
0
4
74
0
4
79
0
3
82
1
2
83
2
2
83
2
2
83
2
2
82
2
1
82
2
1
80
2
0
79
2
0
78
2
0
76
2
1
76
1
2
74
1
3
73
2
5
71
1
7
71
1
7
70
0
9
69
0
9
72
0
7
77
0
4
77
0
4
76
0
4
76
0
4
76
0
4
76
0
4
75
0
4
74
0
4
74
0
4
74
0
4
74
0
4
74
0
4
76
0
4
76
0
4
76
0
4
76
0
4
76
0
4
77
0
4
84
0
6
84
0
6
84
0
6
84
0
7
83
0
7
83
0
7
82
0
7
80
0
7
79
0
7
78
0
7
77
0
7
77
0
7
78
0
7
79
0
7
80
0
7
82
0
7
84
0
7
84
0
7
76
1
3
76
1
3
76
1
3
75
0
2
75
0
2
75
0
2
75
0
2
75
0
2
75
0
2
78
3
5
74
1
2
73
1
2
75
2
4
76
4
5
75
2
4
73
0
2
73
1
2
76
3
5
75
2
4
76
3
5
76
3
5
74
2
4
73
0
3
74
0
4
74
1
4
73
1
3
76
1
4
76
0
4
76
0
4
76
0
4
76
0
4
75
1
3
75
0
2
75
0
2
75
0
2
75
0
2
65
4
1
57
7
0
60
6
0
65
6
2
70
6
5
68
4
4
63
4
5
62
10
12
61
20
21
106
76
78
188
170
171
241
232
231
212
210
208
222
217
216
251
248
246
188
170
169
116
87
88
66
30
30
51
6
6
63
8
7
62
6
5
62
3
3
62
1
1
64
0
1
67
0
1
69
0
1
72
1
2
74
1
3
76
1
3
77
0
3
77
0
3
77
0
3
77
0
3
76
0
3
76
1
3
76
1
3
76
1
3
76
1
3
144
138
155
231
226
241
240
235
250
242
237
250
246
243
253
245
242
250
236
234
240
238
237
241
251
250
254
253
252
254
252
251
253
250
249
251
246
245
247
243
242
245
243
242
246
244
243
247
246
244
250
250
248
254
249
253
251
167
170
181
66
64
105
23
15
92
35
23
136
19
6
148
12
1
163
15
8
178
5
1
173
6
5
174
8
6
172
17
13
173
25
19
169
22
13
149
52
43
158
52
46
127
13
7
67
79
77
121
180
178
199
240
237
245
252
249
255
253
251
254
248
247
251
250
249
251
247
247
247
157
157
157
102
102
101
156
157
155
227
228
226
226
227
225
226
227
225
120
120
120
223
223
225
250
249
250
247
246
249
249
248
251
250
252
252
244
250
248
249
251
250
255
255
254
255
252
250
100
80
80
48
15
15
51
4
6
61
4
6
64
1
2
71
2
3
74
6
7
65
6
4
49
1
0
40
7
0
64
48
36
76
76
61
61
73
55
47
65
47
56
70
56
70
80
67
67
74
61
49
49
37
33
24
14
29
11
2
35
8
1
44
8
2
52
6
2
60
5
2
67
4
3
72
3
3
76
3
3
77
2
3
78
2
2
79
1
2
80
0
1
80
0
1
68
15
0
72
18
7
64
10
9
58
3
15
58
2
30
65
9
52
81
23
80
99
42
105
94
38
103
87
30
91
75
18
72
64
7
51
60
2
34
62
3
23
69
7
15
73
9
8
74
6
0
73
4
0
78
1
3
79
0
4
79
0
4
78
0
4
77
0
4
77
0
4
77
0
4
76
0
4
76
0
4
76
0
4
76
0
4
75
0
4
74
0
4
74
0
4
74
0
4
74
0
4
74
0
4
74
0
4
82
1
2
89
2
0
89
2
0
88
2
0
87
3
0
87
3
0
85
3
0
84
3
0
82
3
0
80
2
0
78
2
1
76
1
2
74
1
3
73
2
5
73
0
8
71
0
9
70
0
10
69
0
10
71
0
8
76
0
4
76
0
4
76
0
4
76
0
4
76
0
4
76
0
4
76
0
4
76
0
4
76
0
4
76
0
4
76
0
4
76
0
4
76
0
4
76
0
4
76
0
4
76
0
4
76
0
4
77
0
4
80
0
7
82
0
7
82
0
7
83
0
7
84
0
7
84
0
7
84
0
7
84
0
7
84
0
7
82
0
7
82
0
7
80
0
7
80
0
7
81
0
7
82
0
7
82
0
7
82
0
7
84
0
7
76
1
3
76
1
3
76
1
3
75
0
2
75
0
2
75
0
2
75
0
2
75
0
2
75
0
2
77
4
6
71
1
2
72
1
2
76
3
5
78
5
7
75
2
4
73
0
2
72
0
1
72
0
1
75
2
4
71
1
2
72
1
2
78
5
7
81
8
11
81
7
11
72
0
2
72
0
2
82
8
12
79
4
8
76
0
4
76
0
4
76
0
4
76
0
4
76
1
3
76
1
3
75
0
2
75
0
2
66
3
1
59
6
0
63
5
0
68
5
1
71
4
3
69
1
2
65
4
5
67
15
17
67
28
29
117
92
94
197
187
187
236
238
236
236
243
239
249
253
252
253
249
248
235
222
223
212
189
189
121
90
91
46
2
3
68
6
6
69
5
5
67
3
3
67
1
2
68
0
1
71
0
2
74
0
2
75
0
2
76
1
3
77
0
3
77
0
3
77
0
4
76
0
4
76
0
4
75
0
4
74
0
4
74
0
4
74
0
4
76
0
4
95
86
110
197
190
213
236
230
246
247
240
254
248
242
255
248
243
255
248
243
254
248
245
254
249
247
253
249
248
252
247
246
250
250
249
253
254
253
255
253
252
254
250
249
252
251
250
252
251
249
252
249
247
250
235
241
246
122
128
150
34
33
85
20
12
101
42
28
153
30
13
164
16
0
166
20
7
179
14
5
174
14
6
173
18
9
177
23
13
180
24
11
174
17
4
156
32
18
154
49
40
145
39
34
115
24
22
86
116
113
145
206
202
213
237
233
243
246
243
252
243
240
248
247
245
250
243
242
244
250
249
250
242
242
241
242
243
240
243
244
240
235
236
232
247
248
245
242
243
240
237
237
237
247
247
247
252
252
252
251
250
252
249
251
251
249
254
253
251
253
251
252
248
247
255
246
244
75
51
51
42
7
7
50
3
4
63
3
6
72
5
7
73
2
3
71
3
4
67
8
6
54
11
6
41
14
5
54
46
33
60
68
52
47
68
49
40
68
48
46
79
59
54
83
64
63
86
68
66
81
65
58
64
49
46
41
27
37
21
10
39
12
2
47
11
3
53
6
0
63
6
1
68
5
1
72
4
1
76
3
1
78
2
0
79
1
0
79
0
0
80
0
0
72
10
1
69
7
4
62
3
6
64
4
17
66
7
31
62
6
40
58
5
45
67
14
60
67
17
62
60
9
49
55
4
38
55
1
28
58
1
21
64
2
15
70
3
11
74
3
7
80
4
6
84
7
6
80
2
4
79
0
4
79
0
4
78
0
4
77
0
4
77
0
4
77
0
4
76
0
4
76
0
4
76
0
4
76
0
4
75
0
4
74
0
4
74
0
4
74
0
4
74
0
4
74
0
4
74
0
4
80
0
3
83
0
2
82
1
2
82
1
1
82
1
1
81
1
1
80
1
1
79
2
1
78
2
1
77
1
1
76
1
2
75
1
2
74
1
3
74
0
6
74
0
8
74
0
9
74
0
9
74
0
10
74
0
9
75
0
6
75
0
6
76
0
6
76
0
6
76
0
6
76
0
6
76
0
6
77
0
7
77
0
7
77
0
7
77
0
7
76
0
6
76
0
6
74
0
6
74
0
6
74
0
6
74
0
6
73
0
6
74
0
6
74
0
6
76
0
7
78
0
7
80
0
7
80
0
7
81
0
7
81
0
6
81
0
6
81
0
6
80
0
6
79
0
7
78
0
7
77
0
7
77
0
7
77
0
7
77
0
7
78
0
7
76
2
2
76
2
2
76
2
2
75
1
1
75
1
1
75
1
1
75
1
1
74
0
0
74
0
0
71
0
0
74
3
3
77
5
5
75
4
4
72
1
1
72
2
2
74
2
2
74
4
4
78
7
7
82
10
11
78
5
7
76
3
5
76
4
5
72
1
2
77
3
7
80
6
10
75
1
5
74
1
4
75
0
4
76
0
4
76
0
4
76
0
4
76
0
4
76
1
3
76
1
3
76
1
3
76
1
3
69
2
2
65
4
0
71
5
1
78
6
4
83
7
7
79
3
6
72
3
7
67
10
15
63
22
26
127
103
106
222
216
215
245
251
251
223
236
234
225
236
234
235
238
236
250
244
245
241
221
223
141
111
114
53
6
9
72
2
4
72
2
4
73
2
3
74
0
2
75
0
2
76
0
2
76
0
2
77
0
3
78
0
4
79
0
4
77
0
4
77
0
4
76
0
4
74
0
4
73
0
4
73
1
4
71
1
4
72
1
4
76
0
4
33
23
52
88
80
106
130
121
148
177
168
191
219
212
231
244
238
254
249
244
255
247
243
255
245
241
249
247
245
251
242
240
245
246
245
249
251
250
254
250
249
252
245
244
248
245
244
248
245
244
247
239
238
243
215
222
236
93
99
131
18
17
79
19
9
108
40
22
156
35
13
173
20
0
171
27
10
181
20
7
175
17
5
172
17
5
174
22
7
179
26
8
181
25
6
173
22
5
157
27
14
140
45
39
139
13
11
92
75
72
112
175
170
183
237
232
243
246
242
253
244
239
250
244
241
246
237
236
238
244
243
244
240
241
239
245
246
243
249
250
246
240
241
237
241
242
237
248
249
244
250
251
248
245
246
243
248
249
247
249
250
249
246
249
247
245
251
248
253
254
253
252
247
246
245
235
233
69
42
43
56
17
18
60
10
11
62
2
4
73
5
7
79
6
8
74
4
5
65
6
5
52
9
5
35
12
2
47
43
30
54
67
50
45
72
52
39
74
53
30
76
54
34
76
55
45
81
61
57
84
66
60
77
60
55
59
44
45
37
24
40
21
10
44
13
5
50
7
0
60
6
1
66
5
1
70
4
1
75
3
1
77
3
0
78
2
0
78
1
0
80
0
0
73
2
4
70
1
5
66
0
7
68
5
18
69
8
27
61
5
27
51
1
23
53
5
29
53
6
27
50
4
21
51
3
16
55
3
12
61
4
11
68
4
9
74
2
8
79
0
8
86
1
10
93
4
15
82
1
7
79
0
4
79
0
4
78
0
4
77
0
4
77
0
4
77
0
4
76
0
4
76
0
4
76
0
4
76
0
4
75
0
4
74
0
4
74
0
4
74
0
4
74
0
4
74
0
4
74
0
4
75
0
7
76
0
9
75
0
9
75
0
8
74
0
7
74
0
6
74
1
5
73
1
4
73
1
4
73
1
4
73
1
4
74
0
3
74
0
4
76
0
6
77
0
7
77
0
7
78
0
8
78
0
8
77
0
8
74
0
6
74
0
6
75
0
6
76
0
6
76
0
6
76
0
6
77
0
6
77
0
7
77
0
7
77
0
7
77
0
7
76
0
6
75
0
6
74
0
6
73
0
6
73
0
6
73
0
6
71
0
6
66
1
6
68
0
6
70
0
6
72
0
6
73
0
6
75
0
6
76
0
6
78
0
5
78
0
4
76
1
5
76
1
5
75
0
5
73
0
6
72
0
6
72
0
6
71
0
6
71
0
6
71
0
6
76
2
2
76
2
2
76
2
2
75
1
1
75
1
1
75
1
1
74
0
0
74
0
0
73
0
0
72
1
1
77
5
5
75
3
3
72
1
1
76
5
5
85
13
13
81
8
8
73
4
4
90
20
20
86
15
16
75
5
6
81
10
11
87
14
17
77
4
6
73
0
3
80
6
10
74
1
4
74
1
4
75
0
4
75
0
4
76
0
4
76
0
4
76
0
4
77
1
4
77
2
4
77
2
4
77
2
4
76
6
4
75
7
2
76
4
0
79
1
0
85
1
2
85
2
5
84
8
14
84
21
26
81
36
41
139
113
116
220
213
213
235
242
241
237
250
249
226
240
238
240
243
243
252
249
251
244
226
229
143
111
115
51
2
6
75
1
3
76
1
3
77
1
3
78
0
3
79
0
4
79
0
4
80
0
4
80
0
4
80
0
4
80
0
4
79
0
4
77
0
4
76
0
4
75
0
4
72
0
4
70
1
4
70
1
4
70
1
4
76
0
4
46
35
67
24
16
44
22
13
41
53
44
71
96
87
112
122
115
136
123
117
133
124
119
134
119
116
125
111
108
117
123
121
127
160
158
163
201
200
204
230
229
233
242
241
245
248
247
251
246
245
247
231
230
234
202
210
229
82
89
128
18
16
86
19
7
115
29
10
151
30
6
170
27
2
177
31
12
184
19
4
170
18
5
170
20
5
174
25
6
181
27
6
185
23
4
177
31
9
173
34
19
157
46
38
151
13
11
106
27
23
71
91
85
103
174
168
185
238
233
247
250
246
254
245
242
249
248
247
250
252
251
252
249
249
248
249
250
247
252
253
249
254
255
250
252
254
249
245
247
241
250
252
247
253
254
250
248
249
245
245
247
244
242
245
243
240
244
242
252
253
252
255
251
249
198
182
181
60
32
32
55
15
16
61
9
11
63
0
4
72
2
5
76
3
6
74
4
5
62
5
3
47
6
2
34
12
2
51
49
35
60
75
58
49
78
58
37
77
55
28
82
59
32
82
59
36
80
58
45
78
59
54
76
59
60
70
54
59
56
43
52
36
25
46
18
9
48
7
0
57
7
1
64
5
1
69
4
1
73
4
1
76
3
1
77
2
0
78
1
0
79
1
0
76
0
7
80
4
14
73
2
12
69
2
15
65
3
17
59
2
17
54
3
16
56
10
19
47
3
6
52
9
9
54
8
5
58
6
4
64
6
3
71
5
4
79
2
6
83
0
8
90
0
13
97
1
19
83
0
7
79
0
4
79
0
4
78
0
4
77
0
4
77
0
4
77
0
4
76
0
4
76
0
4
76
0
4
76
0
4
75
0
4
74
0
4
74
0
4
74
0
4
74
0
4
74
0
4
74
0
4
72
0
11
70
0
16
70
0
15
69
0
14
69
0
13
68
0
11
69
0
9
68
0
8
68
0
7
70
0
6
71
0
6
73
0
5
74
0
5
76
0
6
78
0
7
79
0
7
80
0
7
81
0
7
79
0
7
74
0
6
74
0
6
74
0
6
76
0
6
76
0
6
76
0
6
77
0
7
78
0
7
78
0
7
78
0
7
77
0
7
76
0
6
74
0
6
74
0
6
73
0
6
72
0
6
72
0
6
70
0
6
61
2
6
63
1
6
65
1
6
67
1
6
70
0
6
72
0
6
73
0
5
74
0
4
75
0
4
73
1
4
73
1
4
71
1
4
70
1
5
68
1
6
68
1
6
67
1
6
66
1
6
66
1
6
76
2
2
76
2
2
76
2
2
76
2
2
75
1
1
75
1
1
74
0
0
74
0
0
72
0
0
72
1
1
80
8
8
78
6
6
75
4
4
80
8
8
86
14
14
76
5
5
106
34
34
185
113
113
177
104
106
112
42
43
79
7
9
81
8
10
79
6
8
73
1
2
81
7
11
73
0
3
74
1
4
74
0
4
75
0
4
76
0
4
76
0
4
77
1
5
77
1
5
77
2
4
78
3
5
78
3
5
78
4
4
79
4
2
81
3
1
87
3
3
95
5
7
95
6
10
87
6
13
79
11
17
67
18
23
83
55
58
130
122
123
185
191
190
237
251
249
211
224
222
216
219
219
242
235
236
241
219
222
142
107
112
53
0
5
78
0
2
78
0
3
81
1
3
81
0
4
82
0
5
83
0
4
82
0
4
82
0
4
82
0
4
81
0
4
79
0
4
77
0
4
76
0
4
74
0
4
71
1
4
69
1
4
68
2
4
69
2
4
76
0
4
29
21
108
25
17
103
22
14
97
18
11
90
15
9
84
14
8
77
12
6
70
13
9
66
9
6
58
4
3
47
11
12
48
29
30
61
55
56
82
86
88
110
121
124
142
153
157
171
166
170
181
156
160
171
139
138
168
65
61
104
22
17
74
27
19
95
45
34
130
44
30
144
35
21
152
37
21
167
26
10
167
20
4
169
25
5
179
26
6
183
23
2
179
26
3
175
30
7
171
37
17
164
50
33
165
22
9
131
18
9
71
38
30
54
114
107
128
239
233
251
249
244
255
241
239
250
244
243
249
250
251
253
247
250
249
245
249
246
247
252
246
249
255
248
250
255
249
248
254
247
243
251
243
247
254
248
246
252
248
246
253
248
247
249
248
248
241
247
254
243
249
255
249
253
131
103
107
57
18
23
61
13
16
66
10
12
66
5
5
70
5
3
70
5
1
71
12
5
55
6
1
47
11
0
41
19
4
61
52
35
74
77
57
67
79
57
57
74
52
45
73
55
53
81
61
55
78
60
51
71
54
53
68
52
61
70
54
66
68
53
63
57
44
56
41
29
47
21
11
44
6
1
63
14
10
67
10
7
68
3
2
76
4
3
86
7
7
87
3
4
85
0
1
76
1
3
78
3
5
76
3
5
75
2
5
74
3
6
73
4
7
72
5
8
73
8
10
69
5
4
70
5
5
71
5
4
72
4
3
73
3
3
75
2
3
78
1
5
78
0
5
80
0
7
83
0
9
78
0
5
77
0
4
77
0
4
77
0
4
76
0
4
76
0
4
76
0
4
76
0
4
76
0
4
76
0
4
76
0
4
76
0
4
75
0
4
75
0
4
75
0
4
75
0
4
75
0
4
75
0
4
74
0
6
73
0
7
73
0
6
73
0
6
73
0
6
72
0
5
73
0
5
73
0
4
73
0
4
74
0
3
74
0
3
75
0
3
75
0
3
76
0
3
78
0
3
78
0
3
79
0
3
79
0
3
76
1
3
70
2
3
70
2
3
71
2
3
72
2
3
72
2
3
73
2
3
74
1
3
74
1
3
75
1
3
75
1
3
75
1
3
76
1
3
75
1
3
75
1
3
75
1
3
75
1
3
75
1
3
74
1
3
71
1
5
71
1
5
72
1
5
73
0
5
74
0
5
74
0
5
75
0
4
75
0
4
75
0
4
75
0
4
75
0
4
74
0
4
74
0
4
73
0
5
73
0
5
73
0
5
72
0
5
72
0
5
77
1
11
77
1
10
77
1
7
76
1
4
74
2
1
74
3
0
73
4
0
73
4
0
73
3
0
74
4
4
73
4
4
72
3
4
75
4
8
79
7
14
81
8
15
78
4
12
109
35
40
159
85
91
139
68
70
99
29
31
76
7
8
73
4
3
73
4
3
72
4
1
76
6
4
72
3
1
74
4
1
75
3
1
76
2
1
77
1
1
78
0
2
80
0
4
82
0
6
83
1
8
84
1
10
84
1
11
83
2
7
81
2
3
79
1
2
80
2
4
85
7
10
84
11
14
77
10
13
67
9
12
59
9
12
52
11
13
57
25
26
107
81
83
248
236
238
238
235
236
240
232
236
209
180
185
157
119
124
89
47
53
56
1
5
78
2
5
78
1
5
78
0
4
77
0
4
78
0
4
78
0
4
79
1
5
80
2
6
80
2
5
77
0
4
77
0
4
76
0
4
76
0
4
75
0
4
74
0
4
74
0
4
73
1
4
74
1
4
76
0
4
39
28
155
38
27
152
35
26
148
32
23
141
27
19
133
22
15
123
17
10
111
14
7
101
12
7
93
5
1
78
6
4
73
5
4
65
3
3
55
5
5
49
11
12
51
18
19
59
23
24
60
21
22
55
48
41
87
28
20
70
15
8
65
26
19
86
40
33
112
34
27
119
25
16
127
27
14
146
20
5
154
18
1
161
21
3
171
21
3
173
20
2
168
30
9
172
26
7
159
22
4
142
40
23
152
27
12
134
19
7
71
24
14
38
98
89
112
244
235
255
249
243
255
250
246
255
245
243
251
250
249
254
251
253
254
250
253
253
246
249
248
239
243
240
240
244
241
250
255
253
248
254
251
241
247
245
239
244
243
244
250
248
252
253
254
254
248
254
252
242
248
231
212
217
95
62
68
57
14
18
65
13
16
71
12
14
71
8
7
71
6
4
70
8
3
72
14
7
54
8
0
48
12
1
42
16
4
61
47
33
77
73
57
74
77
60
64
72
54
56
76
57
58
76
58
56
74
55
54
70
52
55
70
52
61
72
55
68
75
59
74
75
61
77
70
57
62
45
34
39
10
2
53
13
6
59
8
3
63
2
0
72
2
3
83
4
6
85
1
3
87
0
3
77
3
1
77
3
1
78
3
1
78
4
2
79
5
4
79
5
5
80
6
6
81
7
7
81
7
7
78
3
5
78
3
5
77
2
4
77
2
4
77
2
4
77
1
5
76
0
4
76
0
4
76
0
4
76
0
4
76
0
4
76
0
4
76
0
4
76
0
4
76
0
4
76
0
4
76
0
4
76
0
4
76
0
4
76
0
4
76
0
4
76
0
4
76
0
4
76
0
4
76
0
4
76
0
4
76
0
4
75
0
3
75
0
2
75
0
2
75
0
2
75
0
2
75
0
2
76
0
2
76
0
2
76
0
2
76
0
2
76
0
2
76
0
2
76
0
2
78
0
2
78
0
2
78
0
2
78
0
2
78
0
2
75
1
2
70
3
2
70
3
2
70
3
2
71
2
2
71
2
2
73
2
2
74
2
2
74
2
2
74
2
2
76
2
2
76
2
2
76
2
2
76
2
2
76
2
2
76
2
2
76
2
2
76
2
2
76
2
2
76
0
4
76
0
4
76
0
4
76
0
4
76
0
4
76
0
4
76
0
4
76
0
4
76
0
4
76
0
4
76
0
4
76
0
4
76
0
4
76
0
4
76
0
4
76
0
4
76
0
4
76
0
4
78
0
15
78
0
13
77
0
9
75
0
5
74
2
2
75
4
0
74
5
0
73
5
0
72
4
0
76
6
6
71
2
3
70
0
4
75
3
10
80
7
17
82
6
17
78
3
11
83
9
15
95
20
27
87
16
21
79
9
15
74
4
8
71
2
4
71
3
3
71
4
2
70
3
0
71
3
0
73
5
0
74
4
0
75
3
0
76
2
1
77
1
2
78
0
3
80
0
5
83
0
8
83
0
9
85
0
11
83
1
8
79
1
4
75
0
1
73
0
1
72
1
4
68
3
5
63
4
5
63
7
10
65
13
15
68
20
22
62
17
18
58
18
19
141
100
103
131
94
97
124
83
89
91
46
52
67
21
27
56
10
16
63
5
10
79
3
7
78
2
6
76
0
4
75
0
3
75
0
3
76
0
4
77
1
5
78
2
6
78
2
6
76
0
4
76
0
4
76
0
4
76
0
4
76
0
4
76
0
4
76
0
4
76
0
4
76
0
4
76
0
4
33
19
175
34
20
176
35
22
175
36
24
173
35
23
168
33
20
160
29
17
151
24
14
140
20
11
132
27
19
133
32
25
132
36
29
129
35
28
122
28
22
110
18
13
96
10
4
84
8
3
81
11
7
82
10
2
70
8
0
67
7
0
71
8
0
79
7
1
88
4
0
96
4
0
109
10
2
127
7
0
136
16
5
152
26
13
166
30
16
170
33
18
168
39
25
168
31
18
150
26
14
132
39
29
136
26
18
120
20
9
64
29
16
40
108
96
116
251
240
254
244
234
251
249
239
255
242
236
248
247
241
251
249
244
251
252
249
253
255
253
255
254
252
255
254
250
255
254
250
255
252
248
254
251
247
253
247
244
252
247
244
253
248
243
250
246
238
241
230
216
218
137
116
118
44
11
15
45
1
3
58
3
6
68
5
8
70
3
5
70
2
3
77
8
9
74
10
10
63
9
8
50
9
7
37
8
5
54
37
33
75
67
63
77
76
72
63
71
63
61
86
64
53
79
56
50
76
53
54
77
55
56
77
57
57
74
56
59
73
55
68
76
59
80
80
65
84
75
61
45
24
13
42
9
2
49
5
0
58
4
0
65
3
0
72
1
1
75
0
1
84
4
5
78
4
2
78
4
2
78
4
2
79
5
3
79
5
4
80
6
6
80
6
6
81
7
7
81
7
7
77
3
4
77
2
4
77
2
4
77
2
4
77
1
4
76
0
4
76
0
4
76
0
4
76
0
4
76
0
4
76
0
4
76
0
4
76
0
4
76
0
4
76
0
4
76
0
4
76
0
4
76
0
4
76
0
4
76
0
4
76
0
4
76
0
4
76
0
4
76
0
4
76
0
4
76
0
4
76
0
4
75
0
3
75
0
2
76
0
2
76
0
2
76
0
2
76
0
2
76
0
2
76
0
2
76
0
2
76
0
2
76
0
2
76
0
2
78
0
2
78
0
2
78
0
2
78
0
2
78
0
2
78
0
2
76
1
2
72
2
2
72
2
2
72
2
2
74
2
2
74
2
2
75
2
2
76
2
2
76
2
2
77
1
2
77
1
2
77
1
2
77
1
2
77
1
2
77
1
2
76
2
2
76
2
2
76
2
2
76
2
2
76
0
4
76
0
4
76
0
4
76
0
4
76
0
4
76
0
4
76
0
4
76
0
4
76
0
4
76
0
4
76
0
4
76
0
4
76
0
4
76
0
4
76
0
4
76
0
4
76
0
4
76
0
4
79
0
12
78
0
11
77
0
7
75
1
4
74
2
2
75
4
1
75
4
0
74
3
0
73
2
0
76
4
4
73
1
3
72
0
4
76
3
8
83
9
15
87
13
18
88
12
16
83
8
10
80
5
7
79
7
15
76
5
15
72
2
10
71
1
8
72
2
8
73
3
9
70
1
4
69
1
2
71
2
2
71
1
1
71
1
1
73
2
2
74
2
2
74
1
3
76
1
3
77
2
4
78
2
6
78
2
6
79
1
5
79
1
4
78
2
4
77
3
5
75
4
7
67
2
4
63
2
3
65
7
8
69
14
16
66
15
17
58
8
10
51
3
5
51
4
7
67
20
23
57
7
11
48
1
4
50
1
6
52
1
7
60
1
6
78
2
6
77
1
5
76
0
4
75
0
3
75
0
3
75
0
4
77
1
4
77
1
5
77
1
5
76
0
4
76
0
4
76
0
4
76
0
4
76
0
4
76
0
4
76
0
4
76
0
4
76
0
4
76
0
4
14
0
184
15
0
185
17
2
185
20
5
185
21
6
183
22
7
180
21
7
176
20
6
171
20
6
165
28
15
168
22
9
158
17
5
149
20
7
147
23
11
147
23
12
143
18
7
136
18
7
133
22
12
137
22
11
114
24
13
110
18
9
107
9
4
101
8
6
103
14
10
117
11
9
120
0
0
117
0
1
124
4
1
130
16
11
143
27
21
152
30
23
149
29
23
141
29
24
131
45
42
134
48
46
129
22
20
97
13
8
49
33
24
42
117
106
123
247
237
249
241
231
245
253
245
253
250
241
251
250
241
250
247
239
246
246
238
245
250
242
248
254
247
253
255
247
254
251
242
251
251
241
252
253
242
252
252
242
252
252
242
252
250
242
247
241
235
231
209
196
193
69
48
46
35
3
2
53
7
6
64
5
6
75
7
9
81
6
10
82
3
8
82
5
12
75
3
9
69
9
16
53
5
13
39
3
11
48
26
34
67
57
65
76
73
81
63
71
72
43
75
49
47
78
52
49
80
54
48
79
54
48
78
53
48
75
51
50
72
50
53
70
49
60
69
49
83
82
65
54
43
29
40
19
7
42
9
1
51
7
0
59
4
0
65
2
0
71
2
1
78
6
5
76
2
1
76
2
1
76
2
1
77
3
1
77
3
2
78
4
4
78
4
4
78
4
4
78
4
4
76
1
3
75
1
3
76
1
3
76
1
3
76
0
3
76
0
4
76
0
4
76
0
4
76
0
4
76
0
4
76
0
4
76
0
4
76
0
4
76
0
4
76
0
4
76
0
4
76
0
4
76
0
4
76
0
4
76
0
4
76
0
4
76
0
4
76
0
4
76
0
4
76
0
4
76
0
4
76
0
4
77
0
3
77
0
3
77
0
3
77
0
3
77
0
3
77
0
3
77
0
3
77
0
3
77
0
3
77
0
3
77
0
3
77
0
3
77
0
3
77
0
3
78
0
3
78
0
3
78
0
3
78
0
3
77
1
3
74
2
2
75
2
2
75
2
2
76
2
2
76
2
2
77
1
2
78
1
2
79
1
2
80
1
2
80
1
2
79
1
2
79
1
2
79
1
2
78
1
2
77
1
2
77
1
2
76
2
2
76
1
2
76
0
4
76
0
4
76
0
4
76
0
4
76
0
4
76
0
4
76
0
4
76
0
4
76
0
4
76
0
4
76
0
4
76
0
4
76
0
4
76
0
4
76
0
4
76
0
4
76
0
4
76
0
4
74
0
6
75
1
6
74
0
4
74
1
3
74
1
3
74
2
2
74
2
1
75
2
1
75
1
1
78
3
6
78
2
6
76
1
4
75
0
3
78
3
5
83
8
9
88
14
14
88
14
13
85
11
8
79
4
12
75
1
12
74
0
11
75
1
12
76
3
13
75
4
14
72
2
9
71
0
7
71
1
7
70
0
5
69
1
3
69
2
3
70
3
3
70
4
3
69
3
2
70
4
1
70
5
1
71
6
1
74
3
3
77
1
3
77
2
4
77
5
6
79
9
10
74
8
10
69
5
7
66
6
7
67
8
10
66
9
11
65
9
13
67
13
16
53
1
2
67
13
17
64
8
13
63
6
11
63
5
10
62
3
9
67
1
6
77
1
5
76
1
5
75
0
4
75
0
3
75
0
3
75
0
3
76
0
4
77
1
5
77
1
4
76
0
4
76
0
4
76
0
4
76
0
4
76
0
4
76
0
4
76
0
4
76
0
4
76
0
4
76
0
4
14
0
195
13
0
193
14
0
192
13
0
190
12
0
187
12
0
184
12
0
182
13
0
179
14
0
177
22
10
180
17
5
173
15
2
167
18
4
167
23
10
170
24
10
168
19
6
162
20
6
161
25
11
165
27
13
146
30
18
143
26
16
139
21
14
135
24
19
137
29
27
145
16
17
134
2
4
122
9
11
132
7
8
128
5
4
124
6
5
122
7
6
118
9
7
112
12
11
103
25
26
106
27
29
100
10
12
76
15
11
47
34
26
42
86
78
93
172
165
179
184
177
189
200
193
204
198
191
200
209
202
209
227
220
226
245
237
243
255
247
252
254
246
251
254
245
250
250
242
248
255
245
252
252
243
250
250
239
248
247
235
244
245
235
238
231
226
217
176
164
157
44
23
18
46
9
4
59
9
6
66
3
3
75
2
3
84
2
6
88
2
7
86
2
9
79
0
8
72
5
15
55
1
11
44
5
15
43
18
28
54
41
52
69
64
75
67
73
76
36
72
42
48
84
53
49
85
55
41
76
48
38
72
44
43
76
48
51
80
54
55
78
55
56
71
50
65
71
51
62
57
41
45
30
16
41
14
3
47
8
0
55
6
0
63
5
2
70
6
5
71
4
4
74
1
0
74
1
0
74
1
0
75
1
0
75
1
0
76
1
1
76
1
1
76
1
1
76
2
2
75
0
2
75
0
2
75
0
2
76
1
2
76
0
3
76
0
4
76
0
4
76
0
4
76
0
4
76
0
4
76
0
4
76
0
4
76
0
4
76
0
4
76
0
4
76
0
4
76
0
4
76
0
4
76
0
4
76
0
4
76
0
4
76
0
4
76
0
4
76
0
4
76
0
4
76
0
4
76
0
4
78
0
4
79
0
4
79
0
4
78
0
4
78
0
4
77
0
4
77
0
4
77
0
4
77
0
4
77
0
4
77
0
4
77
0
4
77
0
4
77
0
4
76
0
4
76
0
4
76
0
4
76
0
4
76
1
3
75
2
2
76
2
2
76
1
2
78
1
2
79
1
2
80
1
2
81
1
2
82
1
2
82
0
2
83
0
2
82
1
2
82
1
2
80
1
2
79
1
2
78
1
2
77
1
2
76
1
2
76
1
2
76
0
4
76
0
4
76
0
4
76
0
4
76
0
4
76
0
4
76
0
4
76
0
4
76
0
4
76
0
4
76
0
4
76
0
4
76
0
4
76
0
4
76
0
4
76
0
4
76
0
4
76
0
4
73
1
2
73
1
2
74
1
2
74
1
3
75
1
3
76
0
3
76
0
3
77
1
4
77
1
5
78
2
5
79
3
6
80
3
6
78
2
3
76
1
1
76
1
0
78
4
2
80
6
2
78
5
0
78
2
8
76
0
9
75
0
9
76
1
10
78
2
13
78
2
14
75
1
11
73
0
10
73
1
9
72
0
8
70
1
6
69
2
5
69
3
4
68
4
3
67
6
1
67
7
0
67
8
0
67
9
0
76
9
5
80
6
7
75
2
3
71
0
1
72
2
3
72
5
6
71
5
6
70
6
7
70
7
9
67
6
8
64
4
6
66
6
9
69
7
12
59
0
3
67
4
9
66
3
8
65
1
6
67
2
8
72
2
8
76
0
4
76
0
4
75
0
3
75
0
3
75
0
3
75
0
3
75
0
3
76
0
4
76
0
4
76
0
4
76
0
4
76
0
4
76
0
4
76
0
4
76
0
4
76
0
4
76
0
4
76
0
4
76
0
4
10
0
186
9
0
184
9
0
184
9
0
183
9
0
181
10
0
180
11
1
180
11
1
179
13
2
179
12
1
173
13
2
174
16
5
175
20
7
177
21
8
176
19
5
172
15
1
166
15
1
167
20
6
170
21
6
163
25
10
163
22
11
159
17
9
152
16
11
148
18
16
148
10
11
139
9
12
136
25
27
151
24
25
148
13
13
134
5
5
122
6
5
117
8
6
111
2
1
96
3
3
85
4
5
78
1
2
71
9
8
47
15
13
33
22
20
40
40
39
56
54
51
69
59
56
71
62
60
72
85
81
93
118
114
124
151
146
155
175
170
178
184
180
186
180
174
179
162
154
160
185
175
181
221
215
220
245
239
244
245
237
242
240
233
232
218
211
203
127
113
106
33
10
5
50
11
7
63
9
7
76
8
8
85
5
6
91
4
7
95
4
8
90
1
6
85
2
7
73
4
8
56
0
4
54
12
17
41
14
18
38
24
28
57
51
55
74
78
76
48
83
51
55
90
59
53
88
58
43
78
48
37
72
42
40
73
45
49
78
52
55
79
55
57
74
52
54
63
43
69
66
48
47
33
19
41
15
4
48
10
2
58
10
3
64
7
3
71
8
7
71
4
4
74
1
0
74
1
0
74
1
0
74
1
0
75
1
0
75
1
1
75
1
1
75
1
1
75
1
1
75
0
2
75
0
2
75
0
2
75
0
2
75
0
2
75
0
3
76
0
4
76
0
4
76
0
4
76
0
4
76
0
4
76
0
4
76
0
4
76
0
4
76
0
4
76
0
4
76
0
4
76
0
4
76
0
4
76
0
4
76
0
4
76
0
4
76
0
4
76
0
4
76
0
4
76
0
4
76
0
4
78
0
4
80
0
5
80
0
5
80
0
5
80
0
5
78
1
5
78
1
5
78
1
5
77
1
5
77
1
5
75
1
5
75
1
5
75
1
5
73
1
5
73
1
5
73
1
5
72
2
5
72
2
5
73
2
4
75
2
2
75
2
2
76
1
2
79
1
2
80
1
2
82
0
2
83
0
2
84
0
2
85
0
2
85
0
2
85
0
2
83
0
2
82
0
2
81
1
2
79
1
2
78
1
2
76
1
2
76
1
2
76
0
4
76
0
4
76
0
4
76
0
4
76
0
4
76
0
4
76
0
4
76
0
4
76
0
4
76
0
4
76
0
4
76
0
4
76
0
4
76
0
4
76
0
4
76
0
4
76
0
4
76
0
4
72
3
0
73
2
0
73
1
1
74
1
2
75
0
3
76
0
5
77
0
6
79
0
8
80
1
8
76
0
2
77
1
3
80
3
4
82
6
4
81
6
3
80
6
1
78
4
0
78
5
0
78
6
1
79
4
4
78
2
4
76
1
3
77
1
4
79
2
8
80
2
9
77
0
9
76
0
7
76
0
8
75
0
8
73
1
6
72
1
5
70
3
4
69
5
4
68
6
1
69
8
1
67
9
0
67
9
0
78
13
8
83
12
12
77
7
7
74
4
4
75
5
5
74
6
7
73
6
7
75
8
9
77
11
12
75
8
10
68
3
4
68
2
4
80
11
15
68
0
4
74
4
8
73
3
7
71
1
6
74
2
8
75
2
7
75
0
3
75
0
3
75
0
3
75
0
3
75
0
3
75
0
3
75
0
3
75
0
3
75
0
3
76
0
4
76
0
4
76
0
4
76
0
4
76
0
4
76
0
4
76
0
4
76
0
4
76
0
4
76
0
4
12
6
175
11
5
174
11
5
173
11
4
172
11
3
172
11
3
171
11
3
171
13
3
171
14
4
172
15
4
171
15
4
170
15
4
170
15
3
168
16
3
168
18
4
170
20
7
172
21
7
172
22
7
172
16
2
176
19
5
179
19
7
176
15
6
168
12
7
162
15
12
160
15
15
156
13
15
152
18
19
153
19
19
152
15
13
144
15
11
140
19
15
139
17
11
129
9
4
114
13
7
108
11
5
100
6
1
90
5
3
63
16
17
57
20
21
63
3
3
44
11
11
50
0
0
33
5
5
37
9
8
39
15
14
40
35
33
58
61
58
81
73
70
90
65
63
80
38
35
50
68
64
77
141
137
150
208
204
215
241
236
244
250
245
248
215
207
207
95
77
78
36
8
10
51
9
10
62
6
7
80
10
11
88
7
9
93
3
6
97
4
6
94
5
4
91
7
7
75
5
1
58
1
0
63
22
16
42
14
10
28
12
7
49
42
32
77
80
66
44
71
42
45
75
45
48
77
50
50
79
52
48
77
50
46
74
48
48
73
49
54
75
52
63
77
56
58
63
44
74
68
53
46
30
16
41
12
2
54
13
6
64
13
8
67
7
5
73
6
5
75
4
4
75
2
0
75
2
0
75
2
0
75
2
0
75
2
1
75
2
2
75
2
2
75
2
2
75
2
2
75
0
2
75
0
2
75
0
2
75
0
2
75
0
2
75
0
3
76
0
4
76
0
4
76
0
4
76
0
4
76
0
4
76
0
4
76
0
4
76
0
4
76
0
4
76
0
4
76
0
4
76
0
4
76
0
4
76
0
4
76
0
4
76
0
4
76
0
4
76
0
4
76
0
4
76
0
4
76
0
4
79
0
5
81
0
5
80
0
5
80
0
5
80
0
5
78
1
5
77
1
5
76
1
5
75
1
5
73
2
5
71
2
5
70
3
5
69
2
6
67
2
6
66
3
6
66
3
6
65
3
6
64
3
6
67
3
5
71
2
2
73
2
2
75
2
2
77
1
2
79
1
2
82
0
2
83
0
2
85
0
2
86
0
2
86
0
2
86
0
2
84
0
2
83
0
2
82
1
2
79
1
2
77
1
2
76
1
2
76
1
2
76
0
4
76
0
4
76
0
4
76
0
4
76
0
4
76
0
4
76
0
4
76
0
4
76
0
4
76
0
4
76
0
4
76
0
4
76
0
4
76
0
4
76
0
4
76
0
4
76
0
4
76
0
4
73
6
0
73
4
0
73
2
0
74
0
2
76
0
5
77
0
8
79
0
10
80
0
10
80
0
8
81
2
7
79
1
3
78
2
1
79
4
2
80
7
2
80
6
2
77
4
0
75
3
0
76
5
1
81
8
1
80
6
1
78
4
0
78
2
1
80
3
2
81
3
3
80
1
3
80
0
4
79
1
4
79
0
5
78
1
5
76
1
5
75
2
4
74
4
5
73
5
4
72
6
3
70
7
2
70
8
2
72
6
3
74
5
5
77
7
7
82
12
12
85
15
15
82
13
13
76
7
7
73
4
5
75
4
6
77
5
7
75
3
6
72
0
3
75
2
4
80
6
9
75
1
4
76
0
5
77
1
7
77
1
7
76
1
5
75
0
3
75
0
3
75
0
4
75
0
4
75
0
4
75
0
4
75
0
3
75
0
3
75
0
3
76
0
4
76
0
4
76
0
4
76
0
4
76
0
4
76
0
4
76
0
4
76
0
4
76
0
4
76
0
4
16
7
165
16
7
165
15
6
164
14
5
164
14
4
165
14
4
165
16
4
165
16
5
166
17
6
166
20
6
168
20
6
168
20
5
168
20
5
167
20
5
168
21
5
170
22
5
170
22
6
171
22
5
170
16
1
188
15
1
190
14
1
185
12
1
179
11
4
173
12
7
168
13
9
164
11
9
160
13
9
158
15
9
158
18
9
158
21
10
158
24
12
157
28
14
155
33
19
154
36
23
152
31
17
141
22
8
127
15
8
106
15
14
97
19
18
101
21
20
100
25
23
100
16
16
90
12
10
82
12
10
77
17
15
78
14
13
71
12
10
65
20
19
70
26
24
72
20
18
60
15
13
52
21
19
56
33
32
68
47
46
79
87
80
106
138
123
139
128
108
123
51
19
34
43
1
13
72
16
26
74
7
16
83
6
12
91
6
10
90
2
4
87
2
1
84
5
1
76
9
0
65
11
0
56
16
2
46
19
1
40
24
3
42
34
11
51
50
27
63
80
58
55
73
51
57
75
54
52
71
50
52
72
50
58
78
56
59
78
57
55
68
50
61
70
52
71
72
55
41
30
17
33
10
4
47
12
5
59
13
7
64
6
4
68
2
2
79
5
5
85
8
9
75
1
0
75
1
0
75
1
0
75
1
0
75
1
0
75
1
1
75
1
1
75
1
1
75
1
1
75
0
2
75
0
2
75
0
2
75
0
2
76
1
3
76
0
4
77
1
5
77
1
5
77
1
5
76
0
4
76
0
4
76
0
4
76
0
4
76
0
4
76
0
4
76
0
4
76
0
4
76
0
4
76
0
4
76
0
4
76
0
4
76
0
4
76
0
4
76
0
4
76
0
4
76
0
4
76
0
4
81
2
6
83
2
6
79
0
4
80
1
6
79
2
6
74
0
1
75
1
4
74
3
8
69
1
5
67
1
5
65
2
6
60
1
3
62
4
7
56
0
3
63
8
11
54
2
4
50
0
2
54
4
6
61
7
8
67
5
4
64
0
0
68
0
0
80
7
8
76
1
2
81
2
3
83
2
3
86
1
3
89
3
5
87
0
3
87
0
3
85
1
3
83
0
2
81
1
2
78
0
1
76
0
1
75
1
1
75
1
2
76
0
4
76
0
4
76
0
4
76
0
4
76
0
4
76
0
4
76
0
4
76
0
4
76
0
4
76
0
4
76
0
4
76
0
4
76
0
4
76
0
4
76
0
4
76
0
4
76
0
4
76
0
4
74
7
0
74
6
0
74
4
2
75
1
4
77
0
7
78
0
10
79
0
12
81
0
11
80
0
7
81
2
6
79
3
3
79
4
1
78
5
0
77
5
1
75
4
1
72
2
3
70
1
3
69
1
6
76
7
2
77
8
0
77
7
0
78
6
0
78
5
0
80
4
0
83
3
1
84
4
4
87
6
5
85
3
4
83
1
4
83
2
5
82
3
6
81
3
6
79
3
6
79
5
6
77
5
6
77
5
6
82
13
13
82
15
14
96
27
27
158
94
94
233
204
204
108
36
36
80
9
9
80
6
7
80
5
7
79
3
6
79
3
5
78
2
5
80
1
5
81
2
7
79
0
5
80
0
5
80
0
5
80
0
5
78
0
5
76
0
4
76
0
4
76
0
4
76
0
4
76
0
4
76
0
4
76
0
4
76
0
4
76
0
4
76
0
4
76
0
4
76
0
4
76
0
4
76
0
4
76
0
4
76
0
4
76
0
4
76
0
4
76
0
4
20
4
167
20
4
166
19
3
166
19
3
165
19
2
165
20
2
166
20
3
167
20
3
169
21
3
170
22
4
171
22
4
172
23
3
172
24
3
173
24
3
173
24
3
173
24
2
173
24
2
175
24
2
175
18
0
194
15
0
196
14
0
191
13
0
186
12
1
180
12
3
177
13
4
173
12
4
171
14
3
171
15
3
170
19
3
173
23
4
175
26
5
176
30
9
176
37
14
178
40
17
176
35
13
165
27
5
156
18
5
149
15
7
146
18
10
149
24
15
151
26
18
152
24
15
146
16
8
136
16
8
131
19
11
129
19
11
125
19
12
121
24
18
122
30
24
122
30
23
117
20
16
103
12
7
90
5
2
82
1
0
77
10
3
67
34
16
60
58
34
77
29
0
40
37
0
32
60
10
43
62
4
29
67
0
22
73
0
17
75
1
11
77
5
10
75
8
6
68
10
2
61
14
0
53
18
0
47
22
0
43
26
1
40
30
3
43
39
14
65
68
57
73
78
67
71
78
66
65
73
61
65
74
62
56
65
53
48
56
44
55
61
49
60
61
49
66
59
49
44
27
18
37
7
4
44
3
1
57
4
3
72
8
7
84
11
12
88
9
10
82
0
0
75
1
0
75
1
0
75
1
0
75
1
0
75
1
0
75
1
1
75
1
1
75
1
1
75
1
1
75
0
2
75
0
2
75
0
2
75
0
2
76
1
3
76
0
4
77
1
5
77
1
5
77
1
5
76
0
4
76
0
4
76
0
4
76
0
4
76
0
4
76
0
4
76
0
4
76
0
4
76
0
4
76
0
4
76
0
4
76
0
4
76
0
4
76
0
4
76
0
4
76
0
4
76
0
4
76
0
4
80
1
6
81
1
5
78
0
4
78
1
5
77
0
7
72
0
4
74
4
10
75
9
14
69
7
11
63
5
8
63
9
11
63
12
15
48
1
3
72
30
31
55
16
17
45
9
9
48
13
13
43
9
9
42
2
1
59
7
5
75
21
18
62
4
2
64
1
1
78
10
10
76
5
5
75
1
1
80
1
2
86
2
4
86
0
3
87
0
3
85
1
3
83
0
2
80
1
2
77
1
1
74
1
1
73
1
1
73
1
1
76
0
4
76
0
4
76
0
4
76
0
4
76
0
4
76
0
4
76
0
4
76
0
4
76
0
4
76
0
4
76
0
4
76
0
4
76
0
4
76
0
4
76
0
4
76
0
4
76
0
4
76
0
4
74
7
0
73
5
0
74
3
1
75
1
4
77
0
8
78
0
11
79
0
12
80
0
10
79
0
6
78
2
3
78
4
1
77
6
0
75
7
1
73
6
3
69
4
7
68
2
10
67
1
18
67
1
21
66
5
9
66
6
3
66
4
3
67
4
3
71
5
3
76
6
3
79
6
3
79
3
1
79
1
0
83
2
1
85
3
3
86
2
4
86
2
6
86
2
6
84
2
7
84
1
9
84
2
11
83
2
11
79
5
9
74
7
5
78
10
9
105
35
35
171
100
100
84
12
12
77
3
3
78
3
3
79
1
3
80
1
4
82
2
5
83
2
5
83
2
5
82
0
5
82
0
5
81
0
5
81
0
5
81
0
5
79
0
4
76
0
4
76
0
4
76
0
4
76
0
4
76
0
4
76
0
4
76
0
4
76
0
4
76
0
4
76
0
4
76
0
4
76
0
4
76
0
4
76
0
4
76
0
4
76
0
4
76
0
4
76
0
4
76
0
4
23
1
173
23
1
173
23
1
173
23
1
173
23
0
173
23
0
174
23
0
174
23
0
176
23
0
176
24
1
179
24
1
179
24
0
179
24
0
180
24
0
180
25
0
181
26
0
181
26
0
181
26
0
181
18
0
193
16
0
195
15
0
191
13
0
186
13
1
181
14
3
178
14
3
177
15
2
177
17
1
178
18
0
179
20
0
181
24
1
184
26
2
185
27
2
183
31
5
182
33
7
179
31
6
172
25
1
164
18
0
170
15
1
176
16
2
177
19
5
178
23
8
180
21
6
177
18
2
171
15
2
166
16
2
163
18
4
161
19
6
158
21
8
156
24
12
155
28
15
153
27
16
149
22
12
141
17
7
133
12
4
127
15
6
108
27
12
85
37
15
90
36
8
80
36
3
68
44
1
62
48
1
54
53
0
46
56
0
38
58
0
30
57
1
23
55
1
16
48
1
8
45
4
5
40
8
5
36
11
5
33
14
4
29
14
3
32
20
11
56
50
50
75
71
70
67
64
63
60
59
57
64
66
63
61
64
60
59
62
58
67
67
63
57
54
48
35
24
19
32
10
6
42
9
6
54
9
7
62
6
6
70
2
3
77
1
2
85
1
3
88
0
3
75
1
0
75
1
0
75
1
0
75
1
0
75
1
0
75
1
1
75
1
1
75
1
1
75
1
1
75
0
2
75
0
2
75
0
2
75
0
2
76
0
3
76
0
4
77
1
5
77
1
5
77
1
5
76
0
4
76
0
4
76
0
4
76
0
4
76
0
4
76
0
4
76
0
4
76
0
4
76
0
4
76
0
4
76
0
4
76
0
4
76
0
4
76
0
4
76
0
4
76
0
4
76
0
4
76
0
4
79
0
6
79
0
6
77
0
5
77
0
7
74
1
7
70
1
7
75
10
15
75
15
19
67
13
16
64
14
16
62
18
20
64
26
27
103
70
70
208
180
180
160
138
137
124
103
103
101
82
81
92
75
73
94
69
66
87
45
41
49
5
2
61
13
9
64
10
8
72
12
10
74
8
7
77
5
5
80
4
4
82
3
3
83
1
3
84
1
3
82
0
2
81
1
2
78
1
2
76
2
2
74
2
2
72
1
1
72
1
2
76
0
4
76
0
4
76
0
4
76
0
4
76
0
4
76
0
4
76
0
4
76
0
4
76
0
4
76
0
4
76
0
4
76
0
4
76
0
4
76
0
4
76
0
4
76
0
4
76
0
4
76
0
4
74
6
0
73
5
0
73
2
2
75
0
6
78
0
10
79
0
12
79
0
12
78
0
8
77
1
3
77
4
0
76
8
0
75
10
1
72
10
3
68
7
7
64
4
13
63
1
20
63
1
30
64
1
37
57
5
32
55
6
29
57
6
27
61
7
25
66
8
24
71
10
21
74
10
16
77
7
11
77
4
5
81
4
4
84
4
4
86
4
4
87
3
5
87
2
6
86
0
7
86
0
9
87
0
11
87
0
12
77
1
6
71
4
2
72
5
3
70
1
1
81
9
9
76
2
2
74
0
1
79
2
3
81
2
4
81
1
4
82
1
4
82
1
4
82
1
4
82
1
4
80
0
4
79
0
4
78
0
4
78
0
4
77
0
4
76
0
4
76
0
4
76
0
4
76
0
4
76
0
4
76
0
4
76
0
4
76
0
4
76
0
4
76
0
4
76
0
4
76
0
4
76
0
4
76
0
4
76
0
4
76
0
4
76
0
4
76
0
4
76
0
4
23
0
179
23
0
179
23
0
179
23
0
180
23
0
180
23
0
180
23
0
180
23
0
181
23
0
182
24
1
183
24
0
184
24
0
184
24
0
184
24
0
185
24
0
186
24
0
186
24
0
186
24
0
186
16
0
188
13
0
187
13
0
184
13
0
181
13
1
178
14
1
176
15
1
176
17
1
177
18
0
179
20
0
183
22
0
186
24
0
187
24
0
185
23
0
181
24
0
177
27
2
174
26
3
168
23
2
162
19
2
177
17
2
188
17
2
187
17
1
188
18
0
188
18
0
187
18
0
185
17
0
183
17
0
181
17
0
179
18
0
177
17
0
173
17
1
171
19
3
170
21
6
169
23
8
168
24
9
167
24
9
166
34
18
158
47
28
141
40
21
131
50
27
133
42
14
114
34
4
96
39
5
91
40
3
80
39
0
67
40
0
58
41
2
51
38
1
43
33
0
32
32
1
28
32
4
27
33
8
26
32
11
25
31
11
24
27
10
22
19
8
19
44
35
46
57
49
59
58
53
62
47
46
52
34
36
40
27
28
32
24
23
25
22
17
19
25
14
13
30
9
9
44
12
12
51
6
7
59
2
3
70
2
4
78
2
4
83
0
2
89
1
5
75
1
0
75
1
0
75
1
0
75
1
0
75
1
0
75
1
1
75
1
1
75
1
1
75
1
1
75
0
2
75
0
2
75
0
2
75
0
2
76
1
3
76
0
4
77
1
5
77
1
5
77
1
5
76
0
4
76
0
4
76
0
4
76
0
4
76
0
4
76
0
4
76
0
4
76
0
4
76
0
4
76
0
4
76
0
4
76
0
4
76
0
4
76
0
4
76
0
4
76
0
4
76
0
4
76
0
4
78
0
5
78
0
6
76
0
6
75
0
7
71
1
6
67
1
6
72
12
16
71
17
20
59
12
14
50
9
11
69
36
36
139
113
113
244
226
225
245
230
229
241
235
233
247
243
240
244
241
237
239
237
234
234
224
219
191
164
157
63
31
25
46
9
5
72
28
24
63
12
8
64
5
3
71
6
5
78
7
7
80
5
5
79
1
2
80
1
2
80
1
2
78
1
2
77
2
2
74
2
2
72
2
2
70
3
2
70
2
2
76
0
4
76
0
4
76
0
4
76
0
4
76
0
4
76
0
4
76
0
4
76
0
4
76
0
4
76
0
4
76
0
4
76
0
4
76
0
4
76
0
4
76
0
4
76
0
4
76
0
4
76
0
4
73
5
0
72
3
1
73
1
3
76
0
8
78
0
11
79
0
12
79
0
11
77
0
6
75
2
1
77
8
0
74
11
0
72
12
1
68
11
4
64
7
11
59
3
19
56
0
30
58
0
44
60
0
53
46
3
65
44
6
68
49
9
67
53
10
62
55
9
52
56
6
41
59
5
28
65
4
21
70
5
14
74
5
9
78
5
6
81
5
5
84
4
4
85
2
5
85
0
5
86
0
8
87
0
10
87
0
11
77
0
5
70
3
2
73
6
4
74
4
4
74
3
3
76
1
2
76
0
1
79
1
2
82
2
3
82
2
3
82
1
3
81
0
3
81
0
3
80
0
3
78
0
3
77
0
3
76
0
3
75
0
3
75
0
4
76
0
4
76
0
4
76
0
4
76
0
4
76
0
4
76
0
4
76
0
4
76
0
4
76
0
4
76
0
4
76
0
4
76
0
4
76
0
4
76
0
4
76
0
4
76
0
4
76
0
4
76
0
4
76
0
4
20
0
180
20
0
179
20
0
179
20
0
179
20
0
179
20
0
180
20
0
180
20
0
180
20
0
180
19
1
180
19
1
180
19
1
180
19
1
181
19
1
181
19
1
181
19
1
181
19
1
181
19
1
181
14
0
179
13
0
177
13
1
175
14
1
173
14
1
171
15
1
170
15
1
170
18
0
173
19
0
177
20
0
180
22
0
182
22
0
182
23
0
179
22
0
175
22
2
170
26
8
166
25
8
160
22
7
155
19
5
166
20
5
177
21
7
179
21
5
179
19
3
177
17
0
177
18
1
179
19
1
180
18
0
180
18
0
180
18
0
179
18
0
179
19
2
178
19
2
177
18
2
174
18
2
173
19
3
173
21
4
174
25
10
171
29
14
160
23
8
152
35
20
159
35
16
150
27
9
135
31
12
130
32
11
121
31
9
109
30
7
98
26
2
85
25
2
76
22
0
65
22
0
59
24
1
56
27
3
55
27
4
53
28
4
52
28
6
48
27
14
34
16
7
25
24
15
34
38
33
49
24
22
36
10
10
21
11
12
21
20
20
29
27
24
31
73
65
68
31
13
16
37
8
10
48
7
9
60
6
9
69
4
7
75
2
4
79
0
2
91
5
9
75
1
0
75
1
0
75
1
0
75
1
0
75
1
0
75
1
1
75
1
1
75
1
1
75
1
1
75
0
2
75
0
2
75
0
2
75
0
2
76
1
3
76
0
4
77
1
5
77
1
5
77
1
5
76
0
4
76
0
4
76
0
4
76
0
4
76
0
4
76
0
4
76
0
4
76
0
4
76
0
4
76
0
4
76
0
4
76
0
4
76
0
4
76
0
4
76
0
4
76
0
4
76
0
4
76
0
4
77
0
5
78
0
6
76
0
6
73
1
7
68
0
5
63
1
5
68
12
16
64
15
18
48
7
9
48
15
16
104
79
79
207
191
190
254
251
249
248
245
241
239
241
237
233
240
235
235
244
240
238
250
246
244
246
241
225
208
200
125
104
96
29
2
0
61
26
20
63
20
16
59
8
5
65
6
4
70
5
4
70
0
0
76
1
1
77
0
1
78
1
2
76
1
2
75
2
2
72
2
2
70
3
2
69
3
3
69
3
3
76
0
4
76
0
4
76
0
4
76
0
4
76
0
4
76
0
4
76
0
4
76
0
4
76
0
4
76
0
4
76
0
4
76
0
4
76
0
4
76
0
4
76
0
4
76
0
4
76
0
4
76
0
4
72
3
1
72
2
2
74
1
6
77
0
10
79
0
13
79
0
13
77
0
10
77
1
4
75
4
0
77
12
0
72
13
0
68
12
0
63
11
5
59
7
14
55
2
25
52
0
39
55
0
59
61
3
72
42
6
108
39
11
118
45
14
114
48
15
105
47
11
89
43
4
67
42
0
45
49
0
31
58
3
22
63
3
14
69
4
8
74
5
4
77
5
2
80
3
3
82
1
3
83
1
5
85
1
7
85
0
8
78
3
6
70
3
2
70
2
1
75
5
5
81
8
8
74
1
2
81
5
5
81
2
3
81
1
2
82
0
2
82
0
3
81
0
3
80
0
3
78
0
3
76
1
3
74
1
3
73
1
3
72
1
3
73
1
3
76
0
4
76
0
4
76
0
4
76
0
4
76
0
4
76
0
4
76
0
4
76
0
4
76
0
4
76
0
4
76
0
4
76
0
4
76
0
4
76
0
4
76
0
4
76
0
4
76
0
4
76
0
4
76
0
4
17
1
175
15
1
175
14
1
174
14
1
173
13
1
173
14
1
173
14
2
174
15
2
174
15
3
173
14
4
173
14
4
173
14
4
173
14
5
173
14
5
173
14
5
173
13
5
173
13
5
173
13
5
173
15
3
172
15
3
170
16
4
170
17
3
169
16
3
166
17
2
166
17
2
167
19
1
170
20
1
172
21
1
176
23
1
178
23
1
176
23
2
173
23
4
168
24
10
163
24
13
156
18
11
145
12
6
135
10
3
137
13
6
145
19
12
153
22
14
158
20
10
157
16
4
157
17
5
160
17
4
163
17
2
164
16
1
165
16
0
166
18
1
169
20
4
172
21
6
174
20
6
173
19
5
172
20
5
172
21
6
173
20
7
176
18
7
179
16
5
176
14
5
171
17
8
168
17
9
162
18
12
156
24
17
152
28
21
149
30
22
142
32
20
132
34
20
126
36
19
118
36
16
109
34
12
101
33
7
93
31
3
87
30
1
83
27
1
73
19
4
33
18
7
35
15
7
33
12
8
32
5
4
22
13
14
30
82
85
99
187
191
200
194
195
201
210
205
213
69
55
60
32
9
11
37
2
3
52
3
5
65
4
7
74
5
7
78
2
4
85
3
6
75
1
0
75
1
0
75
1
0
75
1
0
75
1
0
75
1
1
75
1
1
75
1
1
75
1
1
75
0
2
75
0
2
75
0
2
75
0
2
76
1
3
76
0
4
77
1
5
77
1
5
77
1
5
76
0
4
76
0
4
76
0
4
76
0
4
76
0
4
76
0
4
76
0
4
76
0
4
76
0
4
76
0
4
76
0
4
76
0
4
76
0
4
76
0
4
76
0
4
76
0
4
76
0
4
76
0
4
77
0
6
78
0
7
77
1
8
73
2
8
66
0
5
60
1
5
65
14
16
59
15
18
41
6
7
66
39
39
152
135
134
243
239
236
225
225
221
247
253
248
236
247
242
235
250
246
229
247
244
228
250
245
239
252
246
249
244
235
222
214
205
112
92
85
58
30
23
47
10
7
49
3
1
61
7
5
71
10
9
72
6
5
72
1
1
75
1
1
75
1
1
75
2
2
73
2
2
71
3
2
70
4
3
69
4
3
69
3
3
76
0
4
76
0
4
76
0
4
76
0
4
76
0
4
76
0
4
76
0
4
76
0
4
76
0
4
76
0
4
76
0
4
76
0
4
76
0
4
76
0
4
76
0
4
76
0
4
76
0
4
76
0
4
72
2
3
72
1
3
74
0
8
77
0
11
79
0
13
78
0
13
77
0
9
75
3
3
74
6
0
75
14
0
69
14
0
64
12
0
60
11
5
56
7
17
51
2
31
49
0
48
57
4
74
69
14
95
41
13
148
35
14
162
40
18
156
44
21
144
47
21
128
47
17
105
47
12
78
49
8
54
52
6
35
54
2
19
59
2
9
66
5
3
71
5
1
75
4
1
78
3
1
80
3
2
83
2
4
83
1
5
80
7
8
74
7
5
72
2
2
77
6
6
77
3
3
74
0
0
84
6
7
83
4
5
83
1
3
82
0
2
80
0
2
80
0
2
78
0
2
75
0
2
74
0
2
71
1
3
69
2
3
69
2
3
71
1
3
76
0
4
76
0
4
76
0
4
76
0
4
76
0
4
76
0
4
76
0
4
76
0
4
76
0
4
76
0
4
76
0
4
76
0
4
76
0
4
76
0
4
76
0
4
76
0
4
76
0
4
76
0
4
76
0
4
12
4
170
12
4
170
11
4
170
11
3
168
10
3
167
10
3
167
10
3
167
11
5
167
11
6
167
12
7
168
12
7
168
12
8
167
11
8
167
10
9
167
10
9
165
10
9
165
10
9
165
10
9
165
17
6
168
18
6
168
19
7
167
19
6
166
19
5
164
19
5
163
20
4
165
20
3
168
21
2
171
25
4
175
26
4
175
26
5
173
26
7
170
26
11
165
25
15
159
20
15
145
9
6
127
2
1
113
1
0
112
7
6
121
17
17
133
24
22
142
23
20
145
19
14
145
20
12
148
20
11
151
18
8
153
19
8
157
21
9
161
19
7
162
19
6
163
20
6
165
22
8
167
23
9
168
23
11
170
24
13
171
16
8
176
7
2
187
15
8
193
5
0
181
9
6
181
11
10
178
4
4
164
7
7
159
14
14
158
17
17
153
21
17
147
29
22
146
41
29
147
47
29
144
48
26
137
48
20
129
48
16
122
47
13
119
44
13
106
31
17
51
58
47
78
37
29
60
10
6
33
17
17
41
36
40
61
114
121
137
208
214
226
104
108
118
78
74
83
19
10
13
43
21
25
56
21
25
56
9
13
61
3
6
75
8
10
78
4
7
81
2
5
75
1
0
75
1
0
75
1
0
75
1
0
75
1
0
75
1
1
75
1
1
75
1
1
75
1
1
75
0
2
75
0
2
75
0
2
75
0
2
76
1
3
76
0
4
77
1
5
77
1
5
77
1
5
76
0
4
76
0
4
76
0
4
76
0
4
76
0
4
76
0
4
76
0
4
76
0
4
76
0
4
76
0
4
76
0
4
76
0
4
76
0
4
76
0
4
76
0
4
76
0
4
76
0
4
76
0
4
76
0
5
77
0
7
77
1
8
73
2
7
65
0
4
59
2
5
65
14
18
58
16
19
39
7
7
55
32
31
137
123
121
240
235
232
239
240
236
242
253
247
209
225
221
225
246
242
228
253
248
225
253
247
227
245
236
234
229
219
234
225
216
226
210
201
97
73
66
51
18
12
57
14
10
63
12
9
67
8
6
74
8
7
71
1
1
73
1
1
75
1
1
74
2
2
72
2
2
70
3
3
69
4
3
68
4
3
69
3
3
76
0
4
76
0
4
76
0
4
76
0
4
76
0
4
76
0
4
76
0
4
76
0
4
76
0
4
76
0
4
76
0
4
76
0
4
76
0
4
76
0
4
76
0
4
76
0
4
76
0
4
76
0
4
72
2
3
72
0
5
75
0
9
77
0
12
78
0
13
77
0
11
76
0
7
75
3
3
75
8
0
74
16
0
66
14
0
61
12
0
58
11
6
54
8
19
51
2
35
49
0
55
62
10
88
79
25
113
36
12
166
22
7
179
27
10
172
36
17
162
47
24
150
56
30
134
57
27
107
54
18
73
51
11
47
48
3
24
53
1
10
61
3
4
67
4
0
72
6
0
75
4
0
78
4
0
81
3
3
81
3
4
76
3
3
69
2
2
73
4
4
86
14
14
76
2
2
74
0
0
78
1
1
80
0
1
82
2
3
82
1
3
80
0
2
79
0
2
76
0
2
75
0
2
72
1
2
70
1
2
68
1
3
67
2
3
70
2
3
76
0
4
76
0
4
76
0
4
76
0
4
76
0
4
76
0
4
76
0
4
76
0
4
76
0
4
76
0
4
76
0
4
76
0
4
76
0
4
76
0
4
76
0
4
76
0
4
76
0
4
76
0
4
76
0
4
17
0
177
23
6
182
23
7
179
20
5
172
18
5
166
16
5
162
13
2
158
12
1
158
19
6
167
17
2
170
17
0
174
18
0
177
18
0
178
18
0
178
18
0
176
17
0
175
17
1
172
17
2
170
29
0
177
30
0
178
26
0
177
21
1
175
17
2
174
14
2
174
12
3
173
14
3
173
17
3
171
23
6
170
26
7
164
26
7
153
29
13
144
34
25
137
6
6
95
0
7
76
3
12
66
8
25
71
9
19
80
10
15
90
12
16
95
17
17
104
39
32
131
57
43
156
36
14
144
37
8
155
46
11
174
44
7
183
37
0
184
37
0
191
37
0
195
34
4
194
25
3
185
15
3
173
13
6
168
14
12
168
15
10
173
14
0
178
15
1
179
16
2
179
17
3
180
17
4
180
17
4
179
16
3
179
17
3
177
17
4
173
15
2
170
17
5
170
17
7
167
16
8
164
14
7
160
13
7
156
15
9
156
17
12
157
24
13
166
44
12
195
28
0
165
45
22
156
28
11
111
13
5
69
20
16
49
96
93
103
189
186
182
100
95
88
15
4
3
24
8
17
26
7
26
24
2
28
21
0
29
23
3
33
26
8
37
26
10
36
21
9
32
63
6
15
64
5
13
67
3
12
70
3
12
74
3
11
78
2
11
81
2
9
86
3
9
89
4
9
90
3
7
91
4
6
90
5
5
89
6
4
87
5
3
84
5
1
81
5
1
77
5
0
77
4
0
70
8
0
69
8
1
73
5
2
78
2
4
86
1
7
92
0
12
96
0
15
96
0
15
93
0
14
88
0
11
83
0
8
78
1
6
74
1
5
71
1
3
70
0
2
73
0
5
75
0
6
77
0
7
69
3
5
63
5
4
65
4
5
68
4
6
71
6
8
72
7
9
69
9
13
65
12
15
57
15
17
46
15
17
108
92
93
251
248
248
235
240
239
238
250
248
237
252
251
228
244
243
233
249
249
226
242
241
226
235
233
244
242
237
238
232
228
211
198
194
121
96
94
60
24
23
55
9
9
65
7
8
72
4
7
77
1
5
80
0
5
82
0
5
82
0
5
80
0
6
78
0
7
74
0
6
71
0
6
69
0
6
69
1
6
76
0
4
76
0
4
76
0
4
76
0
4
76
0
4
76
0
4
76
0
4
76
0
4
76
0
4
76
0
4
76
0
4
76
0
4
76
0
4
76
0
4
76
0
4
76
0
4
76
0
4
76
0
4
79
2
0
77
0
1
76
0
4
76
0
7
75
0
9
72
0
9
71
0
5
72
3
0
74
7
0
76
11
1
70
8
1
59
3
6
50
0
21
45
0
44
40
1
73
40
2
106
42
10
139
45
16
159
13
10
197
1
7
202
0
6
189
5
8
176
15
15
162
26
20
144
33
18
115
36
8
82
41
1
54
51
0
34
63
0
22
73
1
14
80
2
9
82
3
5
80
4
5
76
4
4
72
4
3
69
4
3
72
2
4
76
0
4
76
0
4
76
0
4
76
0
4
76
0
4
76
0
4
76
0
4
76
0
4
76
0
4
76
0
4
76
0
4
76
0
4
76
0
4
76
0
4
76
0
4
76
0
4
76
0
4
76
0
4
76
0
4
76
0
4
76
0
4
76
0
4
76
0
4
76
0
4
76
0
4
76
0
4
76
0
4
76
0
4
76
0
4
76
0
4
76
0
4
76
0
4
76
0
4
76
0
4
76
0
4
76
0
4
76
0
4
24
5
183
20
3
178
17
3
171
16
3
166
17
5
164
19
8
164
20
9
165
18
7
164
16
3
164
17
2
169
17
1
173
17
0
176
18
0
178
18
0
177
18
0
176
17
0
175
17
1
172
17
2
170
28
0
178
29
0
179
25
0
177
21
1
175
17
2
174
14
2
174
12
3
173
15
3
172
18
4
170
21
4
166
23
4
159
27
9
153
27
14
142
13
7
115
0
0
82
15
26
92
41
65
116
72
103
144
85
114
164
66
90
151
27
47
113
0
11
84
4
6
89
25
21
118
24
10
123
37
15
145
39
12
158
39
10
168
37
8
177
33
4
181
30
1
185
30
6
190
27
8
186
19
6
178
13
4
169
9
3
163
10
2
166
14
2
174
14
3
174
14
3
175
15
3
176
15
2
176
15
2
176
16
1
177
17
2
176
15
1
174
13
0
170
15
2
170
17
5
169
17
7
167
17
8
165
16
8
162
17
8
160
19
10
160
22
10
163
30
3
176
25
5
158
36
19
147
23
11
108
10
6
70
8
7
45
29
28
48
52
50
60
17
13
20
16
5
21
21
7
34
23
5
43
22
2
49
24
3
55
28
9
61
30
13
64
24
10
58
14
2
48
48
3
32
51
4
32
55
5
32
61
6
33
65
7
32
68
6
29
70
3
25
72
1
20
75
0
17
77
0
14
79
0
13
80
2
11
80
3
9
79
5
8
78
5
6
76
6
5
73
4
2
72
4
1
63
6
1
62
6
1
67
4
2
73
2
4
80
1
7
87
0
10
93
0
13
93
0
13
90
2
11
86
2
9
82
3
7
78
4
5
75
4
3
73
4
2
72
3
2
74
2
2
76
1
3
77
1
3
68
1
2
61
1
1
62
0
1
65
0
2
66
0
2
66
1
3
65
2
6
59
4
7
51
6
9
43
10
11
108
87
87
246
235
235
228
226
226
233
239
238
232
243
241
234
244
244
234
245
244
236
246
246
243
247
246
249
244
239
225
214
210
71
52
49
36
7
7
45
6
6
53
4
4
66
6
7
74
6
8
76
0
4
81
0
5
84
0
5
84
0
5
81
0
6
79
0
7
75
0
6
72
0
6
70
0
6
70
1
6
76
0
4
76
0
4
76
0
4
76
0
4
76
0
4
76
0
4
76
0
4
76
0
4
76
0
4
76
0
4
76
0
4
76
0
4
76
0
4
76
0
4
76
0
4
76
0
4
76
0
4
76
0
4
79
2
0
77
0
1
76
0
3
76
0
6
74
0
9
73
0
9
73
0
6
74
2
2
76
6
0
72
6
0
69
7
1
63
5
7
53
1
18
47
1
39
48
6
73
55
17
112
54
21
140
46
14
147
12
4
178
2
1
183
3
3
174
8
7
163
20
16
152
31
21
136
38
18
108
39
7
75
43
1
48
54
1
32
67
1
21
76
2
13
81
2
7
81
2
3
80
2
2
75
2
2
71
3
3
69
3
3
72
1
4
76
0
4
76
0
4
76
0
4
76
0
4
76
0
4
76
0
4
76
0
4
76
0
4
76
0
4
76
0
4
76
0
4
76
0
4
76
0
4
76
0
4
76
0
4
76
0
4
76
0
4
76
0
4
76
0
4
76
0
4
76
0
4
76
0
4
76
0
4
76
0
4
76
0
4
76
0
4
76
0
4
76
0
4
76
0
4
76
0
4
76
0
4
76
0
4
76
0
4
76
0
4
76
0
4
76
0
4
76
0
4
26
9
184
22
6
178
23
8
175
21
9
170
16
5
162
12
2
156
13
4
156
18
7
163
17
5
165
17
3
168
17
1
172
17
0
175
18
0
177
18
0
178
18
0
177
17
0
175
17
1
172
17
1
171
26
0
179
26
0
179
23
0
177
19
0
176
17
2
174
14
2
174
14
3
173
17
3
171
20
3
170
22
4
164
21
2
155
23
7
148
22
12
136
2
1
106
4
10
94
78
103
163
125
161
205
154
196
230
159
211
246
144
200
239
97
145
189
23
57
108
2
25
85
1
7
81
26
30
117
25
18
122
28
15
133
35
18
151
36
17
163
27
8
165
21
2
168
19
2
172
18
2
174
16
2
172
15
1
171
16
2
171
16
4
170
14
5
167
14
5
168
13
4
168
13
2
170
13
1
172
14
1
175
15
0
176
16
0
177
16
0
177
15
0
176
16
1
175
18
3
175
18
5
171
18
5
168
18
6
165
17
6
163
18
7
162
20
9
162
28
10
168
31
17
160
34
23
144
21
16
110
15
14
83
16
18
66
12
14
48
3
3
30
11
8
41
11
1
46
15
0
59
16
0
69
19
0
80
26
7
92
34
17
105
38
23
110
32
19
103
21
9
91
30
4
65
31
3
62
33
2
60
37
2
58
42
2
55
46
2
52
51
1
47
55
0
43
61
1
39
63
0
33
65
0
30
66
1
26
66
1
22
66
2
19
65
3
15
63
2
12
61
2
8
58
1
5
54
5
7
56
5
8
61
4
8
67
2
9
73
1
10
78
1
10
83
1
11
83
1
9
81
1
6
80
3
6
78
5
4
75
7
2
73
7
1
72
8
1
73
7
1
75
5
0
77
5
0
79
4
0
71
4
3
65
3
5
66
2
4
68
2
4
69
2
4
69
2
4
67
2
7
63
4
8
57
6
10
44
5
7
90
63
64
214
197
198
253
247
247
254
251
251
205
206
206
219
220
220
235
235
236
239
238
239
241
236
236
230
218
215
158
138
136
34
7
5
48
13
12
58
14
13
62
7
7
67
3
5
74
2
5
81
2
6
84
0
5
85
0
5
85
0
5
82
0
5
80
0
6
77
0
6
73
0
6
71
0
6
71
0
5
76
0
4
76
0
4
76
0
4
76
0
4
76
0
4
76
0
4
76
0
4
76
0
4
76
0
4
76
0
4
76
0
4
76
0
4
76
0
4
76
0
4
76
0
4
76
0
4
76
0
4
76
0
4
80
3
0
77
2
1
76
0
3
75
0
6
74
0
9
73
0
9
74
0
7
74
1
3
76
4
0
71
2
0
70
5
1
65
4
5
58
1
15
51
1
34
54
8
65
62
22
102
60
24
126
50
16
130
25
12
164
18
11
172
21
14
165
27
19
155
35
24
141
40
24
123
43
18
95
42
7
63
47
1
39
60
3
28
72
4
20
79
3
11
83
2
5
82
1
2
79
1
1
76
1
1
72
2
3
70
3
4
73
1
4
76
0
4
76
0
4
76
0
4
76
0
4
76
0
4
76
0
4
76
0
4
76
0
4
76
0
4
76
0
4
76
0
4
76
0
4
76
0
4
76
0
4
76
0
4
76
0
4
76
0
4
76
0
4
76
0
4
76
0
4
76
0
4
76
0
4
76
0
4
76
0
4
76
0
4
76
0
4
76
0
4
76
0
4
76
0
4
76
0
4
76
0
4
76
0
4
76
0
4
76
0
4
76
0
4
76
0
4
76
0
4
18
2
173
16
1
170
19
5
169
20
8
167
19
9
163
17
9
160
17
8
158
16
7
159
12
1
159
16
3
167
17
1
172
18
0
175
18
0
177
18
0
178
18
0
176
17
0
175
17
1
173
17
1
172
23
0
179
23
0
180
20
0
178
18
0
176
16
1
175
15
2
174
15
3
173
19
3
171
22
4
168
29
10
169
28
10
159
27
12
149
21
14
133
0
3
102
4
22
100
115
151
205
160
207
245
156
210
237
139
215
237
125
212
234
118
198
222
115
184
212
100
156
193
57
91
140
15
25
85
7
17
90
6
13
99
10
12
113
15
13
128
15
10
139
19
10
153
20
10
162
18
5
167
16
1
168
17
0
172
22
3
178
22
6
174
14
8
163
14
7
164
13
5
165
12
2
168
12
1
171
14
0
174
15
0
177
16
0
180
17
0
181
19
1
182
18
0
180
18
1
176
17
1
172
18
2
169
19
4
167
19
6
165
20
8
163
21
9
161
24
14
154
29
23
153
29
24
137
14
13
107
9
11
87
8
10
74
6
8
63
6
5
61
14
9
75
24
14
93
26
11
106
25
7
116
25
5
125
28
10
135
34
17
143
37
22
148
32
20
143
23
13
135
29
22
119
29
20
114
28
16
110
28
12
103
29
9
95
32
6
88
36
4
81
41
3
76
47
4
70
45
0
58
48
0
52
50
0
47
51
1
42
51
1
37
49
1
31
49
0
27
47
0
24
47
0
21
43
2
21
44
3
20
49
2
19
55
1
18
62
1
18
67
1
16
70
1
14
71
1
10
70
1
7
68
3
5
66
4
3
65
6
1
66
8
0
68
8
0
70
8
0
74
8
0
78
8
0
80
7
0
71
5
2
64
3
4
66
2
4
68
2
4
71
1
4
72
2
5
71
3
8
68
5
9
62
6
10
56
10
12
72
36
38
128
101
102
187
169
171
173
159
159
85
73
74
85
73
74
147
134
135
216
202
204
239
220
221
185
157
155
68
37
34
50
13
11
66
22
21
62
9
9
71
9
11
79
10
13
84
7
11
86
4
9
86
0
6
87
0
6
85
0
5
83
0
5
81
0
5
78
0
5
75
0
5
72
0
5
72
0
6
76
0
4
76
0
4
76
0
4
76
0
4
76
0
4
76
0
4
76
0
4
76
0
4
76
0
4
76
0
4
76
0
4
76
0
4
76
0
4
76
0
4
76
0
4
76
0
4
76
0
4
76
0
4
80
4
0
77
3
0
76
1
2
75
0
5
74
0
8
73
0
10
75
0
9
75
0
5
77
2
1
76
3
1
72
2
0
67
1
2
63
2
11
59
4
28
55
5
48
54
9
71
54
15
95
58
20
110
43
19
144
39
21
153
43
24
147
45
25
136
44
23
118
42
16
95
40
7
67
43
2
43
52
0
27
66
4
21
77
6
15
83
5
8
85
3
3
83
1
0
80
0
0
76
0
1
73
2
2
70
3
4
73
1
4
76
0
4
76
0
4
76
0
4
76
0
4
76
0
4
76
0
4
76
0
4
76
0
4
76
0
4
76
0
4
76
0
4
76
0
4
76
0
4
76
0
4
76
0
4
76
0
4
76
0
4
76
0
4
76
0
4
76
0
4
76
0
4
76
0
4
76
0
4
76
0
4
76
0
4
76
0
4
76
0
4
76
0
4
76
0
4
76
0
4
76
0
4
76
0
4
76
0
4
76
0
4
76
0
4
76
0
4
76
0
4
19
4
172
24
10
176
21
9
169
16
6
162
15
5
158
15
7
156
15
6
154
17
8
159
27
16
173
18
4
168
17
1
171
17
0
175
18
0
177
18
0
177
18
0
177
17
0
175
17
1
173
17
1
172
21
0
180
20
0
181
18
0
179
16
0
177
16
1
175
16
2
174
17
2
173
21
3
170
24
4
167
28
7
165
29
9
158
30
15
150
23
16
132
0
2
97
1
15
90
88
130
179
154
208
241
138
202
225
107
205
219
102
218
230
113
223
236
109
210
226
108
195
216
150
224
238
81
133
167
23
65
110
3
24
80
1
8
78
2
6
91
4
8
107
11
13
129
22
17
150
23
13
162
22
7
168
22
4
174
25
5
181
24
8
177
17
11
165
15
9
165
14
6
167
13
3
169
14
1
173
15
0
176
17
0
180
18
0
183
20
0
185
20
0
184
18
0
181
18
0
175
17
0
172
20
4
169
22
7
167
23
10
165
24
12
163
26
16
161
35
31
158
36
32
152
27
25
133
10
10
107
3
3
90
1
1
79
9
8
84
22
18
104
14
6
103
37
23
137
35
18
147
31
11
155
27
7
160
24
6
164
24
8
168
23
10
169
21
10
168
17
9
164
18
24
155
20
24
154
23
24
152
26
23
147
29
21
141
31
18
133
33
14
124
35
12
115
38
11
107
39
8
97
42
9
90
44
9
83
44
7
76
42
5
68
38
2
59
35
0
53
32
0
47
31
0
45
26
0
39
27
0
37
32
0
35
38
0
33
45
0
30
50
0
27
53
0
23
56
0
18
55
0
15
53
1
12
52
2
10
53
4
8
55
6
6
57
6
4
62
7
3
68
7
1
72
8
0
75
8
0
68
5
2
63
1
3
65
1
3
68
1
3
72
1
4
76
1
5
76
2
8
72
4
10
68
6
10
59
6
8
52
8
9
56
19
21
71
41
43
58
33
33
38
13
13
31
5
7
88
61
63
175
146
149
200
167
169
132
92
91
65
21
19
76
28
27
63
8
8
69
7
9
76
7
9
86
10
15
89
9
13
84
1
4
87
0
6
87
0
5
87
0
5
84
0
5
82
0
5
79
0
4
76
0
4
74
0
4
74
0
4
76
0
4
76
0
4
76
0
4
76
0
4
76
0
4
76
0
4
76
0
4
76
0
4
76
0
4
76
0
4
76
0
4
76
0
4
76
0
4
76
0
4
76
0
4
76
0
4
76
0
4
76
0
4
80
5
0
78
4
0
77
2
2
75
0
5
73
0
8
73
0
11
75
0
10
77
0
7
77
0
3
82
6
4
76
2
1
71
0
0
70
2
8
67
5
21
57
2
30
45
1
38
46
4
60
60
19
82
50
14
108
48
15
115
50
19
111
50
18
100
46
13
83
41
5
60
40
0
40
49
0
27
61
2
19
72
6
13
81
6
9
86
5
4
88
3
2
86
1
0
82
1
0
77
0
2
73
1
3
71
1
5
74
1
5
76
0
4
76
0
4
76
0
4
76
0
4
76
0
4
76
0
4
76
0
4
76
0
4
76
0
4
76
0
4
76
0
4
76
0
4
76
0
4
76
0
4
76
0
4
76
0
4
76
0
4
76
0
4
76
0
4
76
0
4
76
0
4
76
0
4
76
0
4
76
0
4
76
0
4
76
0
4
76
0
4
76
0
4
76
0
4
76
0
4
76
0
4
76
0
4
76
0
4
76
0
4
76
0
4
76
0
4
76
0
4
13
0
166
23
11
173
15
4
162
11
1
154
21
12
162
33
25
172
28
19
167
15
6
156
25
14
170
18
4
168
17
1
171
17
0
175
18
0
177
18
0
177
18
0
176
17
0
175
17
1
173
17
1
172
17
0
180
17
0
181
15
0
179
14
0
177
15
1
176
16
2
174
18
2
173
21
3
170
26
3
167
22
1
157
23
4
151
26
10
145
18
12
129
0
4
99
0
9
81
36
79
128
138
196
227
147
214
234
106
216
231
78
214
227
78
210
224
91
217
230
129
244
250
103
206
222
118
207
228
122
198
224
107
168
201
50
90
134
0
22
79
0
15
87
2
13
103
20
22
133
35
29
160
36
24
173
28
12
174
20
3
173
18
5
171
20
12
172
19
10
171
17
7
172
15
3
174
16
1
177
17
0
180
19
0
184
21
0
186
21
1
185
21
0
182
20
0
178
20
1
174
22
5
171
24
9
168
24
11
163
23
11
157
22
10
152
21
11
148
28
23
144
22
16
134
10
7
117
2
2
103
0
0
97
1
0
98
13
8
111
31
21
134
27
15
140
31
15
155
26
6
163
23
2
170
20
1
175
18
0
179
16
0
181
13
1
181
13
3
181
12
4
180
1
6
163
1
7
164
5
10
164
13
13
165
19
15
164
22
15
159
25
15
153
29
14
147
32
15
140
41
21
139
44
22
134
44
21
127
42
19
119
39
16
109
35
11
100
29
6
92
24
3
85
23
0
81
20
1
76
20
1
72
23
0
68
27
0
63
31
0
56
34
0
50
37
0
43
37
0
38
38
0
33
39
1
31
39
2
29
40
3
26
42
3
23
45
5
19
51
4
15
57
4
10
62
5
8
65
5
6
66
5
6
67
5
6
69
4
6
73
4
7
77
3
7
80
3
7
80
3
9
79
4
11
75
6
11
64
4
7
58
5
7
61
14
16
45
4
5
39
1
2
62
23
24
53
14
16
49
8
9
56
13
15
62
15
17
60
7
7
64
7
8
76
17
18
62
1
1
74
5
7
76
2
4
85
5
8
91
7
11
89
2
6
89
0
4
89
0
4
87
0
4
84
0
5
82
0
5
79
0
4
76
0
4
75
0
4
74
0
4
76
0
4
76
0
4
76
0
4
76
0
4
76
0
4
76
0
4
76
0
4
76
0
4
76
0
4
76
0
4
76
0
4
76
0
4
76
0
4
76
0
4
76
0
4
76
0
4
76
0
4
76
0
4
80
5
0
78
4
0
76
2
1
75
1
4
73
0
7
73
0
10
75
0
11
77
0
8
79
0
4
83
3
5
81
2
1
77
1
0
74
2
3
70
3
10
60
1
15
49
0
20
49
0
33
54
10
48
50
4
68
50
5
74
51
7
70
51
7
62
47
4
50
47
2
36
51
3
26
61
4
17
71
7
14
77
6
7
83
5
3
88
4
1
90
4
0
89
3
1
86
3
2
80
1
4
76
1
5
72
1
6
74
0
5
76
0
4
76
0
4
76
0
4
76
0
4
76
0
4
76
0
4
76
0
4
76
0
4
76
0
4
76
0
4
76
0
4
76
0
4
76
0
4
76
0
4
76
0
4
76
0
4
76
0
4
76
0
4
76
0
4
76
0
4
76
0
4
76
0
4
76
0
4
76
0
4
76
0
4
76
0
4
76
0
4
76
0
4
76
0
4
76
0
4
76
0
4
76
0
4
76
0
4
76
0
4
76
0
4
76
0
4
76
0
4
20
6
172
24
11
174
13
3
160
28
19
172
76
67
211
117
109
245
103
95
234
46
36
187
16
5
161
19
5
169
18
2
172
17
1
175
18
0
177
18
0
177
18
0
177
17
0
175
17
1
173
17
2
173
15
0
180
14
0
181
13
0
179
12
0
178
12
1
176
14
2
174
17
2
173
20
2
171
25
2
169
27
2
163
30
6
157
27
8
146
17
8
129
6
9
108
0
2
79
0
27
79
94
146
181
129
191
216
87
200
225
66
211
238
78
221
248
70
210
236
70
204
229
94
220
242
96
211
231
109
212
232
129
219
240
142
218
243
136
195
229
101
146
191
45
75
138
0
6
91
0
0
108
14
9
137
23
12
158
29
14
171
27
12
178
21
9
181
20
8
181
18
5
181
19
2
181
18
1
182
18
0
182
19
0
184
22
1
185
24
3
183
24
3
180
24
5
175
25
9
171
28
12
167
29
15
161
26
14
153
20
10
142
13
4
131
8
1
124
9
0
121
10
0
121
11
1
120
18
7
126
27
14
134
33
19
143
33
17
147
30
11
150
39
19
169
34
11
172
26
4
176
22
1
180
21
0
185
20
1
188
17
2
188
14
1
186
11
1
184
9
2
182
9
5
181
7
5
179
7
3
175
7
2
172
8
1
169
11
1
166
15
2
164
18
3
161
23
7
158
21
5
152
22
7
149
25
10
148
29
14
148
31
18
148
34
20
148
35
22
146
33
23
145
33
23
145
29
20
136
29
19
131
30
19
125
32
18
117
34
16
108
35
14
99
36
12
90
35
11
83
34
11
78
28
7
70
25
4
64
24
2
58
26
1
52
32
1
46
36
1
38
42
0
30
47
1
23
52
2
20
61
5
13
67
6
8
69
4
7
72
3
6
75
1
5
78
1
5
80
0
6
79
0
6
76
1
7
71
2
7
66
3
7
59
2
5
53
1
2
63
11
13
53
2
3
56
1
4
59
2
5
63
4
7
68
7
9
71
7
9
65
1
2
77
9
11
78
6
8
76
1
2
83
4
6
85
3
5
84
0
2
87
0
3
88
0
4
87
0
4
86
0
4
84
0
4
81
0
3
78
0
4
77
0
4
76
0
4
76
0
4
76
0
4
76
0
4
76
0
4
76
0
4
76
0
4
76
0
4
76
0
4
76
0
4
76
0
4
76
0
4
76
0
4
76
0
4
76
0
4
76
0
4
76
0
4
76
0
4
76
0
4
76
0
4
79
4
0
78
4
0
77
3
2
75
1
4
73
0
7
72
0
9
73
0
11
77
0
10
80
0
7
82
0
3
84
2
2
84
3
1
80
3
1
75
2
2
69
3
6
66
5
13
58
4
16
52
1
15
57
0
33
58
0
37
56
0
33
55
1
28
55
1
23
57
3
19
62
5
14
68
6
9
73
5
3
80
5
0
86
4
0
90
4
0
92
4
0
90
4
2
87
3
3
81
2
5
76
1
5
73
1
7
74
0
5
76
0
4
76
0
4
76
0
4
76
0
4
76
0
4
76
0
4
76
0
4
76
0
4
76
0
4
76
0
4
76
0
4
76
0
4
76
0
4
76
0
4
76
0
4
76
0
4
76
0
4
76
0
4
76
0
4
76
0
4
76
0
4
76
0
4
76
0
4
76
0
4
76
0
4
76
0
4
76
0
4
76
0
4
76
0
4
76
0
4
76
0
4
76
0
4
76
0
4
76
0
4
76
0
4
76
0
4
76
0
4
13
1
167
26
13
179
16
4
164
14
4
159
36
27
179
59
50
200
50
42
190
24
15
165
29
18
175
27
13
177
21
6
175
17
1
175
17
0
176
18
0
178
18
1
177
17
0
175
17
1
172
19
4
174
16
1
180
14
0
181
13
1
179
12
1
178
12
1
177
12
2
175
14
1
173
19
1
172
24
0
169
30
4
168
34
9
164
31
10
153
22
9
135
11
9
115
0
1
84
0
10
70
34
78
121
118
171
204
89
197
235
55
199
240
66
208
248
73
215
252
64
204
242
74
210
242
79
208
236
92
213
235
97
207
226
107
205
223
130
214
233
150
218
242
124
172
217
14
30
93
1
6
94
17
19
128
23
17
144
28
16
156
26
10
171
16
0
183
17
1
184
17
1
184
18
0
184
17
0
182
16
0
179
18
0
178
21
3
178
25
6
177
24
6
172
26
9
168
29
14
163
29
15
156
26
14
148
21
10
137
14
5
125
7
1
115
5
0
113
14
1
129
17
2
132
24
5
138
31
11
145
36
16
152
39
18
159
38
16
163
35
11
166
31
6
170
29
3
174
25
1
179
24
0
182
21
0
184
18
1
184
15
1
182
13
1
180
11
1
178
10
2
176
16
1
180
16
1
179
16
1
179
16
1
178
17
1
177
18
1
175
19
1
173
19
1
172
19
2
171
18
2
169
17
3
167
18
5
166
17
6
166
16
6
164
14
7
163
13
7
162
11
7
160
10
7
160
16
13
162
20
16
161
23
18
157
27
20
151
31
21
145
35
23
139
36
23
133
35
22
127
34
22
124
33
21
121
27
15
111
22
7
99
22
5
90
28
7
82
33
7
71
34
4
54
37
1
44
42
3
40
57
6
24
67
7
11
69
5
9
71
3
8
76
1
7
80
0
7
82
1
5
81
1
5
79
1
5
75
1
5
71
2
5
67
3
5
64
4
5
63
4
4
64
4
4
67
3
4
69
3
4
71
2
4
72
2
4
73
2
4
74
2
4
76
2
4
79
1
4
80
1
4
83
0
4
84
0
4
85
0
4
86
0
3
85
0
3
85
0
3
83
0
2
82
0
3
80
0
3
78
0
4
77
1
4
77
2
4
77
2
4
76
0
4
76
0
4
76
0
4
76
0
4
76
0
4
76
0
4
76
0
4
76
0
4
76
0
4
76
0
4
76
0
4
76
0
4
76
0
4
76
0
4
76
0
4
76
0
4
76
0
4
76
0
4
80
3
0
77
3
0
75
1
0
73
1
3
71
0
6
72
0
9
73
0
10
77
0
10
80
1
8
85
2
6
87
3
4
88
4
3
86
5
2
82
6
2
77
6
3
71
6
4
65
6
7
62
6
8
69
2
17
70
1
19
68
2
18
67
3
16
66
4
13
66
5
10
68
7
6
73
8
3
78
7
1
83
6
0
88
4
0
91
3
0
91
2
0
89
2
2
86
2
4
81
2
5
77
2
6
75
2
7
75
1
6
76
0
4
76
0
4
76
0
4
76
0
4
76
0
4
76
0
4
76
0
4
76
0
4
76
0
4
76
0
4
76
0
4
76
0
4
76
0
4
76
0
4
76
0
4
76
0
4
76
0
4
76
0
4
76
0
4
76
0
4
76
0
4
76
0
4
76
0
4
76
0
4
76
0
4
76
0
4
76
0
4
76
0
4
76
0
4
76
0
4
76
0
4
76
0
4
76
0
4
76
0
4
76
0
4
76
0
4
76
0
4
19
5
178
26
13
183
17
5
170
10
1
160
17
9
163
28
19
172
27
17
170
19
9
163
30
19
177
26
12
177
21
5
175
17
1
175
17
0
176
18
0
178
18
1
177
17
0
175
16
0
171
19
4
172
17
1
178
16
1
179
14
1
178
12
1
177
11
2
176
11
2
176
12
1
174
17
0
174
21
0
172
26
2
170
32
6
167
33
9
160
30
13
149
27
19
135
0
1
96
6
19
92
3
27
84
114
153
200
104
200
244
65
198
245
66
200
248
76
211
254
69
205
252
59
194
238
74
208
246
80
210
241
79
203
226
87
205
222
104
211
226
119
211
230
133
206
235
85
138
185
34
60
129
13
20
110
20
17
126
31
20
143
29
13
165
18
1
188
19
1
188
18
0
185
18
1
182
18
1
178
16
0
172
17
1
168
20
4
167
23
8
165
24
9
160
29
15
159
32
19
155
28
15
145
19
8
132
12
3
121
8
1
114
7
0
112
12
3
120
32
11
154
32
10
155
32
9
156
32
9
158
32
8
161
33
7
164
32
5
167
30
4
170
29
2
174
29
2
178
26
2
179
24
2
180
22
2
180
20
3
178
18
3
177
16
4
175
14
5
173
13
5
172
27
1
179
26
0
179
26
0
179
25
0
178
25
0
178
24
0
178
23
0
178
21
0
178
20
0
178
16
0
177
15
0
177
13
1
177
11
1
177
9
2
178
6
2
178
5
1
177
3
1
177
2
1
176
6
5
178
9
7
176
11
8
171
14
9
165
17
11
159
19
12
155
21
14
151
21
14
150
20
15
149
22
16
149
22
16
146
23
16
140
27
17
132
34
20
124
42
22
112
42
18
90
38
9
70
33
2
54
49
4
27
64
6
9
66
4
8
70
2
7
75
1
6
80
0
7
82
1
6
83
1
6
82
2
7
79
2
6
74
2
5
70
3
4
68
3
4
67
3
4
70
3
4
73
3
3
76
2
3
78
2
3
79
2
3
77
1
4
78
1
4
78
1
4
80
1
4
81
1
4
82
1
3
83
1
3
83
1
3
83
1
3
82
0
2
81
0
2
80
0
1
80
0
2
78
0
3
78
1
4
78
1
4
77
2
4
77
2
4
76
0
4
76
0
4
76
0
4
76
0
4
76
0
4
76
0
4
76
0
4
76
0
4
76
0
4
76
0
4
76
0
4
76
0
4
76
0
4
76
0
4
76
0
4
76
0
4
76
0
4
76
0
4
81
1
0
78
1
1
76
1
1
73
1
3
71
1
5
70
0
7
71
1
8
74
1
7
78
0
7
83
1
6
86
2
5
87
3
3
87
3
2
85
4
1
81
5
1
76
6
1
71
7
1
68
7
2
76
3
7
78
2
9
75
2
8
73
4
6
71
5
4
70
6
4
70
6
2
74
6
2
78
6
0
83
5
0
87
4
1
90
3
1
91
2
2
89
1
3
86
1
4
81
1
5
77
2
6
75
2
7
75
1
6
76
0
4
76
0
4
76
0
4
76
0
4
76
0
4
76
0
4
76
0
4
76
0
4
76
0
4
76
0
4
76
0
4
76
0
4
76
0
4
76
0
4
76
0
4
76
0
4
76
0
4
76
0
4
76
0
4
76
0
4
76
0
4
76
0
4
76
0
4
76
0
4
76
0
4
76
0
4
76
0
4
76
0
4
76
0
4
76
0
4
76
0
4
76
0
4
76
0
4
76
0
4
76
0
4
76
0
4
76
0
4
20
4
183
23
7
183
21
8
178
18
7
171
16
7
166
16
8
164
18
9
164
22
12
168
30
17
179
24
10
176
20
4
175
17
1
175
17
0
176
18
0
178
18
1
177
17
1
173
16
1
170
18
4
171
19
2
177
18
1
177
15
1
176
12
1
176
11
2
176
10
2
176
10
2
176
13
1
176
18
0
176
23
1
175
27
2
171
27
3
162
30
10
155
34
22
150
10
6
116
21
32
120
3
11
84
110
133
197
121
201
249
91
206
251
75
193
245
71
190
244
77
201
255
72
201
249
74
208
252
72
209
247
77
214
242
79
213
233
86
213
227
100
213
226
96
192
210
139
212
245
116
163
218
39
60
135
15
19
112
29
21
127
34
19
160
19
1
187
18
0
183
16
0
179
18
3
175
19
5
171
18
5
164
19
6
159
21
10
156
27
16
156
32
21
155
30
18
149
25
13
138
17
6
129
13
2
123
12
1
120
15
2
121
18
5
124
24
9
135
38
17
171
36
14
170
34
10
170
31
6
169
29
3
170
28
2
171
28
1
174
28
2
177
28
3
178
26
2
178
24
3
177
22
3
176
22
4
174
20
4
173
18
5
171
16
5
170
15
5
169
15
5
169
32
0
176
32
0
176
31
0
177
29
0
177
28
0
177
27
0
178
26
0
178
23
0
179
20
0
181
17
0
180
15
0
181
12
0
182
10
0
183
9
0
184
6
0
184
5
0
185
3
0
184
3
0
184
3
1
184
3
1
181
4
1
176
6
1
171
8
2
166
9
2
162
11
5
161
11
6
163
11
7
165
13
9
167
14
11
168
16
12
163
20
13
153
26
16
141
37
22
129
44
25
111
39
17
87
30
5
65
46
3
30
61
5
8
63
3
7
68
1
6
72
0
5
78
0
6
81
0
5
83
1
6
82
1
6
79
1
5
75
2
4
72
3
4
70
4
3
70
4
3
74
3
3
77
2
3
80
2
3
82
2
2
81
1
2
77
0
3
77
0
3
77
0
3
78
1
3
78
1
3
78
1
2
79
1
2
79
1
2
78
1
2
78
0
1
77
0
1
77
0
1
76
1
1
76
1
2
77
1
3
77
2
4
77
2
4
77
2
4
76
0
4
76
0
4
76
0
4
76
0
4
76
0
4
76
0
4
76
0
4
76
0
4
76
0
4
76
0
4
76
0
4
76
0
4
76
0
4
76
0
4
76
0
4
76
0
4
76
0
4
76
0
4
81
1
3
79
0
3
77
0
2
73
1
3
70
1
4
69
1
5
70
2
6
72
2
6
77
1
6
82
0
5
84
1
4
86
1
3
87
1
2
85
1
2
82
3
1
78
4
0
74
5
0
71
6
0
80
3
2
82
2
2
79
2
2
75
3
1
72
4
1
70
4
1
69
5
0
72
5
1
76
4
1
81
3
1
84
2
2
87
1
2
88
1
3
88
0
4
85
0
4
80
0
5
76
1
5
74
2
6
75
1
5
76
0
4
76
0
4
76
0
4
76
0
4
76
0
4
76
0
4
76
0
4
76
0
4
76
0
4
76
0
4
76
0
4
76
0
4
76
0
4
76
0
4
76
0
4
76
0
4
76
0
4
76
0
4
77
1
5
77
1
5
77
1
5
77
1
5
77
1
5
77
1
5
77
1
5
77
1
5
76
0
4
76
0
4
76
0
4
76
0
4
76
0
4
76
0
4
76
0
4
76
0
4
76
0
4
76
0
4
76
0
4
17
0
183
15
1
178
19
4
179
22
8
178
19
7
172
15
5
165
16
6
165
19
10
169
17
5
169
20
7
176
19
2
176
17
0
176
17
0
177
18
0
178
18
1
177
17
1
173
16
1
169
18
4
170
23
1
175
22
1
175
18
1
174
14
2
174
11
3
175
7
3
176
7
1
178
9
0
179
12
0
180
21
4
184
24
2
178
22
0
167
26
5
160
35
18
159
23
12
135
19
19
122
4
10
99
57
68
148
94
153
207
116
208
243
117
213
251
95
197
248
88
199
253
89
211
255
63
197
247
52
195
238
57
205
239
64
213
236
73
217
232
88
221
231
99
214
227
114
205
229
149
210
251
126
161
223
41
51
127
19
15
105
28
17
146
17
1
177
14
0
172
14
0
167
19
8
165
24
13
163
23
14
156
21
14
147
22
16
141
25
18
139
25
17
135
18
9
127
10
2
119
11
0
120
17
3
127
26
7
136
32
11
144
34
13
148
33
13
153
27
10
174
25
8
173
24
6
173
22
2
174
21
0
176
22
0
177
22
1
179
23
1
180
22
3
180
19
1
176
19
2
174
18
3
171
17
3
170
15
3
169
15
3
168
14
3
168
14
3
168
14
3
168
29
0
174
29
0
174
29
0
174
28
0
176
27
0
177
26
0
177
24
0
178
22
0
178
21
0
179
18
0
178
16
0
180
14
0
180
13
0
181
12
0
183
11
0
183
10
0
183
8
0
183
8
0
183
10
1
186
10
0
184
10
0
179
10
1
174
10
2
170
12
2
169
12
4
172
13
5
176
11
5
179
7
3
178
7
2
177
8
3
172
11
5
160
16
6
145
26
14
131
38
22
114
35
16
89
25
5
66
45
7
33
65
10
13
68
8
12
71
5
10
75
3
9
80
2
9
84
2
8
84
2
7
83
3
7
80
3
5
76
2
4
73
3
3
72
3
3
72
3
3
75
4
1
78
3
1
82
2
1
84
2
1
82
1
2
77
0
3
77
1
2
76
2
2
76
2
2
76
2
2
76
2
2
76
2
2
75
2
2
74
1
2
73
1
1
73
1
1
73
1
1
73
1
1
74
2
2
75
2
3
75
3
3
75
2
3
75
2
4
76
0
4
76
0
4
76
0
4
76
0
4
76
0
4
76
0
4
76
0
4
76
0
4
76
0
4
76
0
4
76
0
4
76
0
4
76
0
4
76
0
4
76
0
4
76
0
4
76
0
4
76
0
4
84
0
7
80
0
5
77
0
4
72
0
3
69
1
3
68
2
3
68
4
4
69
3
4
76
2
5
80
1
6
84
1
6
86
0
5
87
0
5
86
1
4
84
1
4
79
2
2
77
3
1
73
4
1
81
1
0
82
1
0
79
1
0
74
1
0
70
2
0
67
2
1
66
2
1
68
2
2
71
1
2
76
1
3
80
0
4
83
0
4
85
0
4
85
0
5
82
0
5
78
0
4
75
0
4
73
1
5
74
1
4
76
0
4
76
0
4
76
0
4
76
0
4
76
0
4
76
0
4
76
0
4
76
0
4
76
0
4
76
0
4
76
0
4
76
0
4
76
0
4
76
0
4
76
0
4
76
0
4
76
0
4
76
0
4
77
1
5
77
1
5
77
1
5
77
1
5
77
1
5
77
1
5
77
1
5
77
1
5
77
1
5
76
0
4
76
0
4
76
0
4
76
0
4
76
0
4
76
0
4
76
0
4
76
0
4
76
0
4
76
0
4
19
1
191
13
0
183
15
0
180
17
2
177
15
2
171
14
2
167
15
4
168
17
6
170
11
0
165
17
4
174
16
1
176
16
0
176
17
0
177
18
0
178
18
1
177
17
1
173
16
1
169
17
3
169
26
1
172
26
1
173
22
1
173
17
2
173
11
3
174
7
3
176
4
2
178
5
2
182
9
0
183
16
1
186
20
1
184
22
0
176
26
4
169
36
15
168
35
19
156
15
6
123
19
16
120
8
7
103
6
44
94
47
115
139
105
180
210
118
203
243
84
184
232
89
207
255
68
202
254
62
211
253
62
219
254
64
225
249
65
221
236
70
214
224
98
224
235
109
207
228
134
204
240
153
197
251
53
70
142
4
8
91
12
8
125
16
5
167
13
4
161
15
6
156
22
16
156
27
23
152
24
22
142
17
16
129
13
11
120
10
8
112
4
1
105
2
0
103
6
0
111
19
4
127
33
13
146
43
19
161
45
18
167
42
12
166
32
6
164
13
4
171
12
3
173
12
2
175
12
0
177
13
0
180
13
0
182
13
0
183
12
0
180
11
0
177
11
1
175
11
2
172
12
2
169
12
2
168
12
1
168
11
1
169
11
0
170
12
0
172
12
0
173
22
0
175
23
0
176
22
0
176
21
0
176
21
0
176
21
0
176
21
1
177
21
1
177
19
2
177
17
0
175
17
0
175
17
0
175
17
0
176
17
1
176
16
1
176
17
1
176
16
0
175
16
0
175
16
0
178
17
1
177
17
1
174
17
1
171
18
2
169
17
3
169
17
4
174
14
3
179
12
2
184
8
1
186
7
1
185
10
3
180
15
7
170
23
12
156
31
18
136
34
20
109
27
11
79
18
3
56
42
7
30
64
11
15
66
9
12
69
6
11
73
3
9
79
2
9
81
1
6
83
1
6
82
2
5
79
2
5
76
2
3
73
3
3
71
4
3
73
4
1
75
4
1
79
3
1
82
3
0
84
2
0
81
2
0
75
1
1
75
1
1
73
1
1
73
1
1
73
1
1
72
1
1
71
1
1
71
1
1
70
1
1
69
2
1
69
2
1
71
1
1
71
1
1
72
2
2
74
2
2
75
3
3
75
3
3
75
2
3
76
0
4
76
0
4
76
0
4
76
0
4
76
0
4
76
0
4
76
0
4
76
0
4
76
0
4
76
0
4
76
0
4
76
0
4
76
0
4
76
0
4
76
0
4
76
0
4
76
0
4
76
0
4
86
1
10
84
0
8
79
1
6
73
1
4
69
2
2
67
3
2
68
4
3
69
4
3
74
4
4
78
1
4
83
1
5
86
0
7
86
0
8
86
0
8
84
0
7
80
0
5
76
1
3
74
1
3
81
0
1
82
0
0
79
0
0
74
0
1
70
1
2
66
1
3
64
1
3
66
0
5
68
0
5
73
0
6
78
0
7
82
0
8
85
0
8
84
0
7
81
0
4
77
0
4
74
1
3
73
2
3
74
1
3
76
0
4
76
0
4
76
0
4
76
0
4
76
0
4
76
0
4
76
0
4
76
0
4
76
0
4
76
0
4
76
0
4
76
0
4
76
0
4
76
0
4
76
0
4
76
0
4
76
0
4
77
1
4
78
2
6
78
2
6
78
2
6
78
2
6
78
2
6
78
2
6
78
2
6
78
2
6
77
1
5
76
0
4
76
0
4
76
0
4
76
0
4
76
0
4
76
0
4
76
0
4
76
0
4
76
0
4
76
0
4
19
1
193
17
0
189
15
0
183
13
0
178
14
2
175
16
4
172
16
5
170
16
4
170
16
3
171
17
3
174
15
1
176
16
0
176
18
0
178
19
1
178
18
2
176
17
1
172
16
2
168
17
3
168
29
0
171
30
0
172
24
1
172
17
2
173
10
3
174
5
3
176
2
2
180
2
1
184
5
0
186
8
0
185
16
2
187
23
3
184
25
2
175
30
8
168
37
19
163
24
11
138
28
20
134
9
6
109
1
12
55
14
47
56
71
126
142
145
218
246
97
190
229
81
199
247
62
199
250
54
207
253
47
211
248
51
218
245
58
221
239
65
214
226
83
213
224
117
220
239
128
203
236
141
191
238
48
72
137
1
11
89
12
15
122
26
20
167
23
17
159
21
18
152
27
25
148
27
28
142
19
22
127
8
12
109
1
4
96
0
1
92
2
1
94
8
3
106
22
11
125
33
15
143
39
16
157
42
14
167
42
9
172
40
4
175
32
2
174
3
4
172
4
3
176
5
3
179
6
2
182
6
2
185
7
1
186
8
1
186
7
1
184
7
2
180
7
2
175
8
3
173
9
3
171
9
3
170
9
1
171
10
0
174
10
0
177
11
0
180
11
0
181
14
0
176
14
0
176
14
0
176
15
0
177
15
1
176
15
2
176
16
3
175
16
3
175
17
4
173
16
1
170
17
1
169
19
2
169
20
3
169
21
3
169
22
3
169
23
2
167
23
2
167
24
1
166
22
0
169
21
0
168
22
1
166
23
1
165
23
2
164
22
2
166
19
1
169
14
0
176
11
0
182
11
1
188
10
1
188
11
3
182
18
9
173
28
18
161
33
21
139
27
14
100
20
6
68
16
2
48
38
4
24
56
5
9
59
3
8
63
2
6
67
0
5
75
0
5
77
0
3
79
0
4
78
1
4
77
1
4
75
2
3
72
3
2
71
4
1
73
4
1
75
4
1
78
3
0
82
3
0
84
2
0
81
1
0
73
1
1
73
1
1
72
1
1
71
1
1
69
2
1
69
2
1
68
2
1
67
2
1
67
2
1
67
2
1
67
2
1
68
2
1
70
3
2
71
2
2
72
2
2
74
3
3
74
3
3
75
2
3
76
0
4
76
0
4
76
0
4
76
0
4
76
0
4
76
0
4
76
0
4
76
0
4
76
0
4
76
0
4
76
0
4
76
0
4
76
0
4
76
0
4
76
0
4
76
0
4
76
0
4
76
0
4
86
1
13
84
1
11
79
0
8
73
1
5
69
3
2
66
4
0
65
4
0
68
5
1
71
4
2
75
1
3
79
0
5
83
0
7
85
0
9
86
0
10
84
0
9
80
0
9
76
0
6
73
0
5
81
0
3
82
0
2
78
1
3
74
1
4
68
1
5
65
1
6
63
1
7
64
0
9
67
0
10
71
0
11
75
0
11
80
0
11
83
0
10
83
0
9
80
0
7
77
0
4
74
1
3
72
2
3
74
1
3
76
0
4
76
0
4
76
0
4
76
0
4
76
0
4
76
0
4
76
0
4
76
0
4
76
0
4
76
0
4
76
0
4
76
0
4
76
0
4
76
0
4
76
0
4
76
0
4
76
0
4
77
1
5
78
2
6
78
2
6
78
2
6
78
2
6
78
2
6
78
2
6
78
2
6
78
2
6
77
1
5
76
0
4
76
0
4
76
0
4
76
0
4
76
0
4
76
0
4
76
0
4
76
0
4
76
0
4
76
0
4
16
0
185
17
0
184
16
0
181
15
0
177
16
1
175
17
3
174
16
2
171
15
1
170
16
1
172
16
1
174
16
0
175
16
0
176
17
0
177
18
0
177
18
1
175
17
1
173
16
1
171
17
2
171
27
0
171
27
0
171
23
0
172
18
1
174
14
2
176
10
2
177
7
2
180
6
1
182
9
0
184
9
1
182
16
3
184
21
4
182
21
3
173
22
4
164
27
11
160
26
12
149
23
11
138
13
3
125
8
14
78
4
23
49
43
76
102
135
195
224
127
210
243
97
209
245
68
202
241
59
210
248
54
216
251
52
218
247
56
218
241
69
219
236
89
221
235
102
208
229
129
205
240
139
189
238
47
64
136
7
11
100
19
21
129
28
25
153
31
27
151
27
26
141
32
29
136
21
20
119
16
13
108
11
6
101
11
2
100
17
2
109
22
5
124
29
8
140
39
15
158
40
13
167
36
8
170
32
3
171
30
2
173
31
4
177
28
5
178
6
3
172
6
3
174
7
3
177
8
3
180
9
3
182
10
3
183
10
3
183
10
3
182
11
4
180
8
2
175
9
3
174
9
3
173
10
2
172
11
2
173
11
1
175
12
1
176
12
1
179
12
1
178
13
0
176
13
0
176
13
0
176
14
1
176
14
1
176
14
2
176
15
2
175
16
2
174
17
2
173
16
1
171
17
1
170
18
2
170
20
2
170
21
2
170
22
2
169
23
2
169
23
2
167
22
1
167
22
2
168
22
2
169
23
2
169
24
3
169
25
4
170
23
4
171
19
3
170
16
2
172
12
3
175
10
1
179
10
1
180
14
4
179
23
9
175
30
11
160
35
17
137
27
7
90
25
5
62
24
4
42
45
4
20
62
3
8
63
2
7
66
2
4
69
1
4
74
1
4
76
2
3
78
1
4
78
2
4
77
3
4
75
2
4
74
2
3
75
2
4
76
3
4
76
2
1
79
3
1
84
5
2
85
4
1
80
2
0
73
1
1
73
1
2
73
2
2
72
3
3
70
2
2
68
1
1
66
1
1
68
2
2
69
4
3
68
2
0
73
5
4
72
3
2
72
2
1
74
3
2
77
3
3
78
2
3
78
3
3
80
4
5
73
1
4
73
1
4
73
0
4
74
0
4
74
0
4
75
0
4
75
0
4
76
0
4
76
0
4
76
0
4
76
0
4
75
0
4
75
0
4
74
0
4
74
0
4
73
0
4
73
1
4
73
1
4
81
0
10
80
0
9
76
0
7
73
1
4
70
2
3
69
3
2
68
3
2
69
4
2
71
2
2
73
1
3
76
0
4
79
0
6
80
0
8
81
0
9
80
0
9
77
0
8
75
0
6
73
0
6
79
0
4
80
0
3
78
0
3
74
0
4
70
1
5
68
1
5
66
1
7
66
1
7
68
1
8
71
1
9
73
0
9
76
0
9
78
0
8
78
0
7
78
0
7
76
0
5
75
1
4
74
1
4
73
1
4
73
1
4
73
1
4
74
0
4
75
0
4
76
0
4
78
0
4
79
0
4
80
0
4
81
1
4
81
1
3
79
0
2
79
0
2
80
2
2
79
3
2
78
3
2
78
4
2
79
6
2
80
5
4
78
1
7
78
1
6
79
1
6
80
2
7
80
2
6
79
1
5
80
1
5
81
2
5
80
3
5
78
0
3
77
0
3
76
0
4
76
0
4
75
0
5
75
0
5
74
0
6
74
0
6
74
0
6
76
0
4
17
0
175
17
0
175
17
0
175
17
0
175
17
0
175
17
0
175
17
0
175
17
0
175
17
0
175
17
0
175
17
0
175
17
0
175
17
0
175
17
0
175
17
0
175
17
0
175
17
0
175
17
0
175
21
0
173
22
0
173
21
0
174
20
0
176
19
0
177
18
0
178
17
1
179
15
1
179
15
1
179
14
1
177
14
2
175
15
4
172
15
4
167
17
5
163
21
9
162
25
13
160
21
9
153
14
2
144
10
5
104
7
9
74
25
41
95
83
127
169
145
215
244
116
215
238
90
212
238
71
208
239
56
204
238
56
210
243
67
219
248
75
218
241
79
207
226
105
209
232
143
216
253
97
141
204
29
43
131
20
17
124
34
28
140
29
25
132
38
34
137
36
33
129
37
31
121
15
5
95
14
0
92
21
1
105
35
8
129
48
13
154
46
6
167
44
1
181
41
0
189
37
0
192
32
0
190
27
2
186
23
4
180
20
7
175
17
8
172
13
2
171
13
2
172
14
3
173
15
4
174
16
4
176
16
4
176
15
3
175
15
3
175
15
3
175
13
1
173
13
1
173
13
1
173
13
1
173
13
1
172
13
2
172
13
2
172
13
2
172
13
2
171
17
0
175
17
0
175
17
0
175
17
0
175
17
0
175
17
0
175
17
0
175
17
0
175
17
0
175
17
0
175
17
0
175
17
0
175
17
0
175
17
0
175
17
0
175
17
0
175
17
0
175
17
0
175
15
1
171
16
1
172
17
0
175
19
0
178
21
0
178
20
1
176
17
3
169
13
5
165
11
7
163
9
3
164
10
1
169
21
6
177
33
12
181
34
6
162
45
15
143
35
4
90
37
9
59
33
6
31
55
3
15
73
1
9
73
1
7
72
2
3
71
2
1
74
5
1
76
5
2
76
3
1
76
3
3
76
2
4
74
1
5
74
0
6
81
2
12
83
5
14
77
1
4
77
1
2
80
5
3
80
5
2
79
6
4
78
8
9
72
1
3
70
1
2
69
3
3
69
1
2
69
2
3
69
3
4
70
3
4
73
6
6
77
8
9
74
5
5
77
3
4
81
4
5
80
3
3
82
2
3
85
3
5
88
4
6
83
3
4
69
1
4
69
1
4
70
1
4
71
1
4
73
0
4
74
0
4
75
0
4
76
0
4
76
0
4
76
0
4
76
0
4
75
0
4
74
0
4
72
1
4
71
1
4
70
1
4
69
1
4
69
1
4
73
0
4
73
0
4
73
0
4
73
0
4
73
0
4
73
0
4
73
0
4
73
0
4
73
0
4
73
0
4
73
0
4
73
0
4
73
0
4
73
0
4
73
0
4
73
0
4
73
0
4
73
0
4
76
0
3
77
0
3
77
0
3
76
0
3
76
1
3
74
1
3
73
1
3
72
2
3
71
2
3
71
1
3
71
1
4
71
1
4
72
1
4
72
1
4
74
0
6
74
0
6
76
0
6
76
0
6
71
1
5
68
2
4
70
1
4
72
1
4
74
0
4
77
0
4
81
0
4
83
0
3
85
0
3
87
1
3
86
1
2
83
0
0
83
0
0
85
6
2
83
8
1
80
7
0
78
8
0
79
11
0
81
9
3
79
1
9
78
0
7
79
0
7
83
3
8
83
2
7
82
1
4
82
0
3
83
2
4
84
4
5
81
1
2
79
0
3
77
0
4
76
0
5
75
0
6
73
0
7
72
0
9
71
0
10
71
0
9
76
0
4
17
0
175
17
0
175
17
0
175
17
0
175
17
0
175
17
0
175
17
0
175
17
0
175
17
0
175
17
0
175
17
0
175
17
0
175
17
0
175
17
0
175
17
0
175
17
0
175
17
0
175
17
0
175
21
0
172
22
0
172
21
0
174
20
0
176
19
0
177
18
0
178
17
1
179
15
0
180
15
1
179
14
0
177
13
1
174
14
2
172
15
3
168
17
5
165
21
9
164
24
11
162
21
8
155
15
2
147
9
0
105
8
8
81
16
30
91
43
78
124
114
173
207
142
229
250
111
218
247
89
210
244
77
208
245
73
208
244
71
206
236
76
203
225
101
215
232
128
220
238
137
202
234
61
98
152
14
26
104
25
20
116
43
34
138
34
30
132
28
24
124
23
17
114
21
13
108
16
5
103
16
1
105
26
6
121
43
17
147
51
21
167
41
6
169
41
3
180
37
1
187
33
0
188
28
0
186
24
1
182
21
3
178
19
5
174
16
5
171
12
1
171
12
1
171
13
1
173
14
2
174
15
3
175
15
3
175
14
2
174
14
2
174
14
2
174
13
1
173
13
1
173
13
1
173
13
1
173
13
1
173
13
1
173
13
1
172
13
2
172
13
2
172
17
0
175
17
0
175
17
0
175
17
0
175
17
0
175
17
0
175
17
0
175
17
0
175
17
0
175
17
0
175
17
0
175
17
0
175
17
0
175
17
0
175
17
0
175
17
0
175
17
0
175
17
0
175
15
2
170
16
1
171
17
0
175
19
0
178
21
0
178
20
0
176
17
3
169
13
5
165
11
6
164
12
5
168
11
2
170
16
2
175
27
6
178
36
9
167
50
19
151
38
7
97
36
7
61
31
4
34
55
1
17
75
0
11
75
0
9
74
1
6
75
3
4
77
8
5
77
9
5
75
7
5
73
5
5
74
6
9
77
9
14
75
7
15
76
7
17
75
8
17
68
2
7
64
1
1
68
7
4
75
15
10
76
15
11
68
5
6
65
3
3
66
5
5
68
7
7
69
9
9
67
7
6
66
5
5
66
4
4
67
4
4
72
7
7
69
3
3
82
13
14
87
14
15
84
8
10
80
2
5
83
2
5
84
3
5
78
0
0
71
1
4
71
1
4
71
1
4
73
0
4
74
0
4
76
0
4
77
0
4
77
0
4
78
0
4
78
0
4
77
0
4
77
0
4
76
0
4
74
0
4
73
0
4
71
1
4
71
1
4
71
1
4
75
0
4
75
0
4
75
0
4
75
0
4
75
0
4
75
0
4
75
0
4
75
0
4
75
0
4
75
0
4
75
0
4
75
0
4
75
0
4
75
0
4
75
0
4
75
0
4
75
0
4
75
0
4
76
0
3
77
0
3
77
0
3
77
0
3
76
1
3
75
1
3
74
1
3
73
1
3
72
2
3
72
2
3
72
1
4
72
1
4
72
1
4
73
0
4
74
0
4
74
0
6
75
0
6
76
0
6
72
1
5
70
1
4
70
1
4
72
1
4
74
1
3
77
0
3
79
0
3
81
0
3
82
0
3
83
1
3
83
2
4
82
2
5
82
4
7
82
9
10
78
9
8
74
6
7
70
5
6
70
7
7
74
7
9
78
2
10
76
0
8
77
0
7
80
2
9
81
2
7
80
1
4
79
0
3
81
2
4
82
3
4
79
1
2
79
0
3
77
0
4
76
0
4
75
0
5
73
0
7
73
0
9
72
0
10
72
0
9
76
0
4
17
0
175
17
0
175
17
0
175
17
0
175
17
0
175
17
0
175
17
0
175
17
0
175
17
0
175
17
0
175
17
0
175
17
0
175
17
0
175
17
0
175
17
0
175
17
0
175
17
0
175
17
0
175
21
0
172
21
0
172
20
0
173
20
0
175
19
0
177
18
0
178
17
1
179
17
0
181
15
0
181
14
0
178
14
0
175
15
1
173
16
2
171
18
4
169
22
7
167
23
9
165
19
5
159
16
1
153
22
7
122
18
8
92
5
5
77
7
19
77
26
70
116
111
176
213
98
181
221
102
198
240
97
201
245
95
204
244
88
196
228
80
182
205
116
207
221
104
178
189
28
73
96
8
21
62
14
13
78
43
32
116
53
40
132
28
21
116
12
4
100
5
2
95
4
1
97
21
8
118
24
8
128
31
12
143
38
16
158
38
14
168
34
7
172
33
5
178
30
2
182
27
1
182
24
1
181
22
1
179
20
2
176
18
2
174
17
2
172
12
0
172
12
0
172
13
1
173
14
2
174
14
2
174
14
1
173
13
1
173
13
1
173
13
1
173
13
1
173
13
1
173
13
1
173
13
1
173
13
1
173
13
1
173
13
1
173
13
1
173
13
1
173
17
0
175
17
0
175
17
0
175
17
0
175
17
0
175
17
0
175
17
0
175
17
0
175
17
0
175
17
0
175
17
0
175
17
0
175
17
0
175
17
0
175
17
0
175
17
0
175
17
0
175
17
0
175
15
2
170
15
2
171
17
1
174
19
0
178
21
0
178
20
0
175
17
2
170
13
5
165
11
6
165
12
6
170
11
3
173
14
0
175
25
3
178
38
11
175
48
18
155
37
6
102
29
2
62
26
1
37
55
0
21
77
0
14
75
0
10
74
0
7
74
3
6
76
8
8
74
9
8
69
6
6
65
4
4
64
6
8
64
7
13
59
4
11
53
2
8
54
2
10
54
6
9
47
3
2
43
2
1
45
5
2
50
6
2
53
2
2
59
7
7
52
2
1
54
4
3
67
16
16
72
21
20
72
21
19
66
12
11
58
2
1
63
5
5
72
11
11
74
10
10
68
4
4
81
12
13
81
7
9
77
0
3
82
4
6
89
11
14
73
1
3
73
1
3
75
1
3
75
1
3
76
0
3
78
0
3
79
0
3
80
0
3
80
0
3
80
0
3
80
0
3
79
0
3
77
0
3
76
0
3
75
1
3
75
1
3
73
1
3
73
1
3
77
0
3
77
0
3
77
0
3
77
0
3
77
0
3
77
0
3
77
0
3
77
0
3
77
0
3
77
0
3
77
0
3
77
0
3
77
0
3
77
0
3
77
0
3
77
0
3
77
0
3
77
0
3
78
0
3
78
0
3
77
0
3
77
0
3
76
0
3
76
1
3
76
1
3
74
1
3
74
1
3
73
1
3
73
1
3
73
1
3
74
0
4
74
0
4
74
0
4
74
0
4
76
0
4
76
0
4
73
0
4
71
1
4
72
1
4
74
0
4
74
1
3
76
1
3
77
1
2
77
1
2
78
0
3
78
2
5
79
4
9
78
5
12
77
7
16
74
7
20
69
6
21
63
4
20
60
3
21
59
3
23
64
4
19
74
3
10
71
0
7
73
0
7
75
3
9
78
3
8
78
2
5
77
1
3
78
1
3
79
3
3
79
1
2
77
0
3
77
0
3
76
0
4
76
0
5
75
0
7
74
0
8
73
0
9
73
0
9
76
0
4
17
0
175
17
0
175
17
0
175
17
0
175
17
0
175
17
0
175
17
0
175
17
0
175
17
0
175
17
0
175
17
0
175
17
0
175
17
0
175
17
0
175
17
0
175
17
0
175
17
0
175
17
0
175
19
1
172
20
1
172
20
0
172
20
0
174
19
0
176
18
0
178
17
1
179
17
0
181
17
0
181
16
0
179
15
0
177
15
0
175
16
1
175
19
3
174
22
5
172
22
5
168
20
5
164
18
3
161
40
20
147
50
31
132
32
24
113
6
13
88
3
27
88
46
88
143
142
198
243
135
201
254
98
170
225
104
180
230
133
210
250
145
219
244
158
226
238
69
122
132
4
11
27
19
26
60
18
14
68
30
13
82
34
18
98
18
10
97
4
0
88
5
0
96
7
0
109
28
14
141
32
14
155
33
15
165
31
12
170
26
7
171
25
7
174
24
6
177
23
5
176
20
4
176
19
3
175
18
2
174
18
1
175
18
1
176
17
1
176
13
0
175
13
0
175
13
0
175
14
1
176
14
1
176
13
0
175
13
0
174
12
0
173
12
0
172
13
1
173
13
0
175
13
0
175
13
0
175
13
0
175
13
0
175
13
0
175
13
0
175
13
0
175
17
0
175
17
0
175
17
0
175
17
0
175
17
0
175
17
0
175
17
0
175
17
0
175
17
0
175
17
0
175
17
0
175
17
0
175
17
0
175
17
0
175
17
0
175
17
0
175
17
0
175
17
0
175
15
2
170
15
2
171
16
1
174
19
0
178
21
0
178
20
0
175
17
2
170
13
5
166
11
5
166
10
4
170
10
1
176
15
0
181
26
4
184
40
12
181
40
10
153
32
3
106
25
0
67
25
1
44
55
1
28
76
0
18
73
0
13
70
0
10
70
2
9
70
7
9
64
6
5
59
4
3
55
4
5
52
4
8
53
8
14
55
14
21
48
11
18
42
9
16
45
15
18
38
13
12
35
14
9
41
21
14
48
23
17
52
17
14
60
24
21
50
15
12
52
14
12
45
7
5
46
7
5
57
17
15
62
20
18
61
16
15
70
21
20
50
0
0
65
8
9
75
14
14
89
24
25
81
13
14
74
2
4
75
2
4
73
0
2
76
1
3
76
1
3
76
1
3
77
0
3
78
0
3
80
0
3
81
0
3
81
0
3
83
0
3
83
0
3
81
0
3
81
0
3
80
0
3
78
0
3
77
0
3
76
1
3
76
1
3
76
1
3
79
0
3
79
0
3
79
0
3
79
0
3
79
0
3
79
0
3
79
0
3
79
0
3
79
0
3
79
0
3
79
0
3
79
0
3
79
0
3
79
0
3
79
0
3
79
0
3
79
0
3
79
0
3
77
0
4
77
0
4
77
0
3
77
0
3
77
0
3
77
0
3
76
1
3
76
1
3
76
1
3
76
1
3
76
1
3
76
1
3
75
1
3
74
1
3
74
0
4
74
0
4
74
0
4
74
0
4
73
1
4
73
1
4
74
0
4
74
1
3
74
1
3
76
2
2
76
2
2
75
2
2
73
2
3
71
2
6
69
2
10
64
2
13
60
0
18
55
0
23
52
0
28
50
0
33
47
0
37
44
0
38
52
2
30
70
5
13
68
1
8
67
0
6
73
3
9
75
4
8
76
4
6
76
2
4
76
2
3
77
2
3
77
1
2
77
0
3
77
0
3
76
0
4
76
0
5
75
0
7
75
0
8
75
0
8
75
0
7
76
0
4
17
0
175
17
0
175
17
0
175
17
0
175
17
0
175
17
0
175
17
0
175
17
0
175
17
0
175
17
0
175
17
0
175
17
0
175
17
0
175
17
0
175
17
0
175
17
0
175
17
0
175
17
0
175
19
1
173
20
1
172
19
0
172
19
0
174
19
0
176
18
0
177
19
0
179
18
0
181
17
0
181
18
1
182
17
0
180
16
0
177
18
1
176
19
3
176
22
3
175
20
2
171
22
5
172
25
8
175
40
17
160
41
16
139
30
13
124
25
19
116
8
9
93
7
27
105
82
106
183
113
146
213
124
163
221
116
158
216
101
143
196
85
125
162
52
87
107
5
34
46
20
39
54
87
92
122
41
35
79
26
9
67
31
11
84
15
2
88
16
5
98
21
5
116
26
7
139
27
8
156
25
6
168
23
5
176
21
5
181
18
5
181
13
4
176
12
6
173
13
7
171
14
5
170
15
4
170
16
3
172
18
1
175
19
0
178
20
0
179
16
0
177
16
0
177
16
1
176
17
2
177
17
2
177
16
1
175
15
0
174
14
0
172
14
0
172
15
1
173
15
1
173
15
0
174
15
0
175
15
0
175
15
0
175
15
0
175
15
0
176
15
0
176
17
0
175
17
0
175
17
0
175
17
0
175
17
0
175
17
0
175
17
0
175
17
0
175
17
0
175
17
0
175
17
0
175
17
0
175
17
0
175
17
0
175
17
0
175
17
0
175
17
0
175
17
0
175
15
2
170
15
2
171
16
1
174
18
0
177
20
0
177
20
0
175
17
2
170
15
4
166
12
4
167
9
1
170
13
2
179
19
3
188
26
3
189
37
9
184
33
4
154
40
12
123
31
6
82
28
4
57
50
3
36
67
1
23
64
0
18
62
2
15
62
6
15
59
9
13
52
7
7
50
8
8
52
14
15
50
16
19
53
23
29
66
39
47
58
36
44
41
22
30
47
34
37
52
41
41
55
47
44
64
59
56
77
68
67
85
69
67
89
69
66
58
38
35
50
28
26
36
13
10
26
4
2
34
8
7
42
12
10
48
15
12
78
41
39
138
103
102
145
98
98
67
16
16
59
2
4
62
2
4
67
5
7
73
9
10
72
4
7
75
1
3
75
1
3
76
0
3
77
0
3
78
0
3
79
0
3
81
0
3
82
0
3
82
0
3
82
0
3
82
0
3
81
0
3
79
0
3
78
0
3
77
0
3
76
0
3
75
1
3
75
1
3
78
0
3
78
0
3
78
0
3
78
0
3
78
0
3
78
0
3
78
0
3
78
0
3
78
0
3
78
0
3
78
0
3
78
0
3
78
0
3
78
0
3
78
0
3
78
0
3
78
0
3
78
0
3
77
0
4
76
0
4
76
0
4
77
0
4
77
0
4
77
0
3
77
0
3
77
0
3
77
0
3
77
0
3
77
0
3
76
1
3
76
1
3
76
1
3
76
1
3
76
1
3
74
1
3
74
1
3
74
0
4
75
0
5
75
0
3
76
1
3
76
2
2
74
3
0
74
3
0
70
3
1
67
3
3
65
2
7
62
2
13
57
2
20
54
1
27
51
3
39
54
10
55
54
13
66
50
11
70
42
5
68
47
4
49
68
8
16
64
2
11
63
0
6
67
3
8
72
6
9
72
4
7
72
2
4
73
0
1
74
1
1
76
2
2
77
1
3
77
0
3
76
0
4
76
0
4
76
0
5
76
0
7
75
0
7
75
0
7
76
0
4
17
0
175
17
0
175
17
0
175
17
0
175
17
0
175
17
0
175
17
0
175
17
0
175
17
0
175
17
0
175
17
0
175
17
0
175
17
0
175
17
0
175
17
0
175
17
0
175
17
0
175
17
0
175
18
1
172
19
1
172
19
0
172
19
0
174
19
0
176
18
0
177
19
0
179
19
0
181
19
0
181
21
1
184
20
1
182
18
0
180
19
0
179
20
1
179
21
1
177
19
1
175
23
4
178
29
10
183
34
9
168
35
8
152
35
14
148
37
26
146
32
29
138
20
24
126
2
2
101
4
12
113
14
27
125
14
28
116
5
18
90
1
12
65
6
15
49
0
11
32
29
36
58
72
70
104
36
27
73
17
1
59
20
1
75
22
7
97
37
21
122
40
21
142
41
21
166
25
4
168
25
4
182
20
3
188
14
1
189
11
3
186
5
2
177
6
5
172
7
7
166
9
6
166
10
5
167
13
4
171
17
1
176
20
0
180
21
0
183
17
1
178
17
1
178
17
1
178
18
3
178
18
3
177
17
2
175
15
2
173
15
1
172
15
1
172
15
1
172
15
1
172
15
1
173
15
0
174
15
0
174
15
0
175
15
0
176
15
0
176
15
0
176
17
0
175
17
0
175
17
0
175
17
0
175
17
0
175
17
0
175
17
0
175
17
0
175
17
0
175
17
0
175
17
0
175
17
0
175
17
0
175
17
0
175
17
0
175
17
0
175
17
0
175
17
0
175
15
2
170
15
2
171
16
1
174
18
0
177
20
0
177
20
0
175
18
2
170
15
4
166
12
4
168
9
1
171
15
4
183
19
4
192
21
1
190
31
5
185
32
4
160
51
26
143
41
18
100
31
11
69
44
6
42
53
2
26
50
2
22
51
5
22
54
12
22
50
14
19
43
11
12
45
17
16
53
28
28
82
61
62
130
112
116
173
157
164
178
167
173
151
141
148
145
139
143
158
155
156
187
187
185
226
228
224
249
249
245
243
241
237
237
231
227
180
172
168
129
120
116
77
65
62
33
20
17
25
10
7
33
13
11
52
29
27
120
94
93
209
191
190
198
160
160
69
27
28
51
3
5
54
2
4
56
1
4
59
2
4
62
3
5
72
1
3
72
1
3
74
1
3
75
1
3
75
1
3
76
0
3
78
0
3
79
0
3
79
0
3
79
0
3
79
0
3
78
0
3
76
0
3
75
1
3
75
1
3
74
1
3
72
1
3
72
1
3
76
0
3
76
0
3
76
0
3
76
0
3
76
0
3
76
0
3
76
0
3
76
0
3
76
0
3
76
0
3
76
0
3
76
0
3
76
0
3
76
0
3
76
0
3
76
0
3
76
0
3
76
0
3
73
0
4
72
0
5
73
0
4
75
0
4
75
0
4
76
0
4
76
0
3
77
0
3
77
0
3
78
0
3
78
0
3
77
0
3
77
0
3
76
1
3
76
1
3
76
1
3
75
1
3
74
1
3
75
1
4
76
0
5
76
0
4
76
1
3
76
2
1
74
3
0
72
3
0
69
3
1
64
3
3
60
3
7
56
2
14
53
3
24
52
5
36
56
14
58
65
26
82
67
32
97
60
27
99
46
14
92
47
7
63
67
8
17
61
3
11
59
0
7
64
3
9
70
6
11
71
5
8
71
3
5
71
1
2
72
1
1
75
2
2
76
2
2
76
0
3
77
0
3
76
0
4
76
0
4
76
0
5
76
0
6
76
0
6
76
0
4
17
0
175
17
0
175
17
0
175
17
0
175
17
0
175
17
0
175
17
0
175
17
0
175
17
0
175
17
0
175
17
0
175
17
0
175
17
0
175
17
0
175
17
0
175
17
0
175
17
0
175
17
0
175
18
1
172
18
1
172
18
1
173
18
0
174
18
0
176
19
0
177
19
0
178
20
0
181
20
0
181
22
1
183
22
1
183
20
0
181
20
0
181
20
0
180
19
0
178
19
0
178
21
2
179
25
6
183
27
3
176
30
5
169
29
8
163
22
7
149
27
18
150
23
16
142
11
7
131
11
6
131
15
11
132
13
10
121
10
9
102
12
16
89
19
28
80
12
21
57
6
8
43
17
14
57
16
6
63
20
3
72
28
9
93
34
17
118
41
22
135
38
17
149
35
13
169
24
3
177
24
4
192
19
3
197
11
0
194
6
0
188
2
1
179
2
4
172
3
7
166
5
6
164
8
5
166
12
3
170
15
1
175
18
0
180
20
0
183
18
1
178
18
1
178
17
1
176
16
2
175
16
2
174
18
3
174
19
4
175
18
3
172
16
1
170
18
4
172
21
7
176
23
8
179
20
5
176
16
1
174
15
0
174
17
0
176
18
2
178
19
3
179
17
0
175
17
0
175
17
0
175
17
0
175
17
0
175
17
0
175
17
0
175
17
0
175
17
0
175
17
0
175
17
0
175
17
0
175
17
0
175
17
0
175
17
0
175
17
0
175
17
0
175
17
0
175
15
3
171
15
3
171
17
2
174
18
1
176
20
0
177
19
0
175
19
2
169
15
4
166
12
4
168
10
2
173
14
3
184
17
3
192
18
0
191
25
2
184
32
7
167
50
27
149
43
23
111
31
13
79
35
9
50
37
5
31
33
3
24
37
9
26
42
18
28
34
14
18
30
12
12
111
97
95
157
143
143
196
184
185
236
226
229
252
244
249
253
248
254
249
244
250
253
249
253
254
252
254
250
251
250
249
251
249
247
248
245
243
244
241
252
255
250
250
251
247
233
233
229
186
184
180
122
118
114
72
65
62
40
29
27
27
13
10
45
28
26
75
51
51
80
50
50
52
19
19
44
6
7
46
4
6
49
4
6
51
3
5
57
6
8
67
4
5
69
4
5
71
5
7
70
3
5
68
1
2
70
1
3
76
4
7
78
6
9
75
2
5
79
6
9
72
0
2
71
0
2
76
6
8
84
16
18
81
15
16
69
4
5
78
13
15
65
1
2
71
2
5
73
4
6
72
3
5
69
1
3
68
0
2
70
1
4
73
5
7
73
4
6
68
0
1
75
6
8
71
2
4
73
5
7
79
10
12
79
10
12
73
4
6
75
7
9
80
11
14
70
1
4
66
0
4
68
1
6
70
3
8
73
4
8
75
3
8
76
3
6
75
0
4
76
1
3
81
3
6
80
1
4
78
0
2
78
0
2
77
0
1
76
0
1
76
0
1
75
1
1
75
1
1
75
1
1
76
1
3
77
0
4
77
0
3
76
0
1
75
1
0
73
2
0
72
4
0
68
4
0
63
3
2
58
1
6
53
1
12
49
1
23
50
5
38
55
16
62
68
32
91
74
42
110
66
35
112
48
18
101
46
7
66
64
7
16
61
4
13
61
2
10
65
3
9
67
4
9
69
4
7
71
4
5
72
3
4
73
3
4
74
2
2
76
2
2
76
1
2
77
0
3
76
0
3
76
0
4
76
0
4
76
0
5
76
0
6
76
0
4
17
0
175
17
0
175
17
0
175
17
0
175
17
0
175
17
0
175
17
0
175
17
0
175
17
0
175
17
0
175
17
0
175
17
0
175
17
0
175
17
0
175
17
0
175
17
0
175
17
0
175
17
0
175
17
1
173
17
1
173
17
1
173
17
0
174
18
0
175
20
0
177
20
0
177
21
0
179
21
0
179
22
0
181
22
0
182
21
0
182
21
0
181
21
0
180
18
0
178
19
0
179
20
1
180
20
1
180
22
1
182
23
1
181
22
2
173
20
5
164
19
8
157
19
9
154
19
8
153
20
7
154
22
9
152
22
10
143
23
15
131
28
25
119
34
36
108
32
36
91
19
21
74
10
7
66
12
3
75
22
8
91
33
17
115
38
21
138
36
18
145
31
12
155
26
5
170
21
1
182
17
0
190
14
0
195
11
0
194
6
0
188
3
1
180
2
3
172
4
6
167
5
5
165
8
4
166
11
3
170
14
1
175
17
0
179
19
0
181
18
0
177
19
1
178
17
0
175
15
0
172
16
0
172
19
4
173
21
6
173
18
4
170
15
0
166
16
2
168
22
8
174
25
10
178
21
6
176
17
1
173
16
0
173
18
0
176
20
2
179
21
3
180
17
0
175
17
0
175
17
0
175
17
0
175
17
0
175
17
0
175
17
0
175
17
0
175
17
0
175
17
0
175
17
0
175
17
0
175
17
0
175
17
0
175
17
0
175
17
0
175
17
0
175
17
0
175
15
3
171
15
3
172
17
2
175
18
0
177
20
0
176
20
0
174
19
2
169
15
4
166
12
5
168
11
2
173
12
2
183
15
1
191
17
0
192
22
1
185
31
10
172
42
23
148
38
21
113
26
13
82
18
6
46
22
9
33
26
13
34
16
5
21
22
13
23
54
48
50
131
126
125
216
212
209
249
246
245
253
250
250
252
248
250
251
246
251
252
245
252
253
248
254
255
251
255
255
253
255
255
253
254
254
252
252
251
252
250
245
251
248
241
248
244
240
246
242
243
250
246
243
247
245
231
233
231
214
213
211
196
193
192
185
179
177
174
164
164
123
107
108
73
52
53
43
18
18
34
5
5
38
5
6
43
8
9
46
9
10
54
12
14
73
18
21
60
4
7
57
2
3
63
7
9
67
9
11
65
6
8
62
2
4
64
4
5
70
7
10
66
3
6
78
17
20
83
21
24
74
14
17
70
12
14
70
12
15
71
15
17
81
25
28
53
0
1
67
8
10
68
9
11
66
7
10
63
4
6
61
2
5
63
4
7
67
8
11
67
8
10
62
4
6
65
6
9
66
7
10
69
10
12
69
10
12
65
5
8
61
2
4
65
6
9
70
11
13
63
4
6
76
18
22
77
17
22
71
10
15
67
5
9
70
4
9
75
8
10
78
6
9
77
1
5
76
2
3
77
1
2
78
0
1
78
0
1
78
0
1
77
0
1
76
0
1
76
0
1
75
1
0
75
1
0
77
0
2
78
0
3
77
0
2
76
0
1
76
1
0
74
2
0
73
3
0
68
3
0
64
2
2
60
2
7
58
3
15
53
3
24
50
3
36
52
10
54
62
25
81
69
35
100
62
31
103
47
17
95
46
5
62
63
3
14
62
3
13
62
2
11
64
1
10
66
1
7
68
2
6
71
3
5
74
3
5
75
3
4
75
2
2
76
2
2
77
1
2
77
0
3
76
0
3
76
1
3
76
0
3
76
0
4
76
0
4
76
0
4
17
0
175
17
0
175
17
0
175
17
0
175
17
0
175
17
0
175
17
0
175
17
0
175
17
0
175
17
0
175
17
0
175
17
0
175
17
0
175
17
0
175
17
0
175
17
0
175
17
0
175
17
0
175
15
1
173
15
1
173
16
0
174
17
0
175
18
0
175
20
0
176
20
0
177
21
0
177
22
0
178
22
0
179
22
0
179
21
0
179
21
0
179
21
0
179
18
0
178
18
0
178
17
1
179
17
1
179
18
0
186
17
0
187
16
1
180
15
3
172
16
5
168
18
6
165
18
5
167
20
4
168
21
5
167
22
6
158
24
12
147
32
25
139
38
36
128
33
35
110
18
19
91
10
7
85
14
6
95
24
11
112
32
17
134
34
18
154
33
16
159
29
10
166
24
5
175
21
1
182
18
0
188
15
0
191
12
0
190
9
1
186
6
0
180
5
2
175
5
3
169
6
3
167
8
3
168
10
2
170
13
1
174
15
1
177
17
0
178
18
1
176
19
2
177
18
2
174
17
1
172
17
2
171
19
4
170
18
4
169
15
3
165
12
0
161
13
1
162
17
3
166
18
4
169
18
4
170
17
2
171
17
2
173
18
2
175
18
1
176
16
0
175
17
0
175
17
0
175
17
0
175
17
0
175
17
0
175
17
0
175
17
0
175
17
0
175
17
0
175
17
0
175
17
0
175
17
0
175
17
0
175
17
0
175
17
0
175
17
0
175
17
0
175
17
0
175
15
3
171
15
3
172
17
1
175
18
0
177
20
0
176
20
0
173
19
2
169
15
5
165
12
5
167
9
3
172
9
0
180
13
0
189
16
0
192
21
2
186
30
11
174
37
21
147
30
18
110
19
10
79
12
6
49
20
16
42
26
22
45
15
14
31
44
45
55
154
157
158
232
234
234
246
249
245
243
247
242
245
247
244
249
248
249
249
246
249
250
245
250
254
248
253
255
251
255
255
252
255
255
252
253
255
251
251
253
252
251
249
254
253
247
253
252
244
250
249
240
246
245
236
242
240
231
236
234
227
231
229
226
228
226
228
227
225
234
229
228
236
227
227
174
161
161
65
49
49
37
16
17
39
15
17
43
16
19
40
12
14
36
5
7
42
3
4
51
9
11
52
8
10
56
10
13
62
15
18
61
12
15
54
5
8
55
5
8
69
17
21
62
10
14
51
4
5
52
4
6
50
2
5
47
1
2
48
4
5
52
8
11
46
4
6
42
1
3
53
6
9
53
6
9
53
6
9
54
7
10
54
7
10
52
6
9
50
3
7
50
3
6
52
5
8
48
1
4
53
6
9
50
4
6
45
1
1
51
6
7
66
19
22
68
22
25
58
11
14
59
12
15
54
6
9
52
4
5
51
2
4
53
1
3
59
0
4
63
1
4
70
3
5
76
5
8
82
8
10
80
3
5
78
0
1
78
0
1
79
0
1
78
0
1
78
1
0
76
1
0
76
1
0
75
1
0
77
0
1
78
0
2
78
0
1
77
1
0
76
1
0
76
3
0
75
2
0
72
2
0
67
1
2
64
1
6
61
2
13
57
1
21
50
0
27
46
1
37
49
8
55
54
15
69
51
14
75
42
6
72
45
1
50
63
1
14
64
0
12
65
0
11
66
0
9
67
0
7
68
0
5
71
0
4
74
0
3
75
1
2
76
2
2
77
1
2
77
1
2
76
2
2
76
1
3
76
1
3
75
1
3
74
1
3
74
0
4
76
0
4
17
0
175
17
0
175
17
0
175
17
0
175
17
0
175
17
0
175
17
0
175
17
0
175
17
0
175
17
0
175
17
0
175
17
0
175
17
0
175
17
0
175
17
0
175
17
0
175
17
0
175
17
0
175
15
0
175
15
0
175
15
0
175
16
0
175
18
0
175
20
0
176
21
0
176
21
0
177
21
0
177
22
0
177
22
0
178
22
0
178
22
0
178
21
1
178
18
0
177
15
0
176
16
0
176
15
0
177
16
0
186
15
0
190
13
1
183
13
3
175
14
4
171
15
5
171
17
3
175
19
2
178
21
2
180
20
3
172
21
7
161
26
18
149
25
23
133
12
14
106
1
1
90
1
0
94
13
6
113
27
16
134
32
18
156
26
11
173
25
10
173
24
8
175
21
5
176
18
3
178
16
2
180
16
1
180
16
2
181
14
1
180
12
0
177
11
1
175
11
2
173
10
2
172
10
1
171
11
2
171
11
2
172
11
2
172
13
3
173
19
0
174
20
1
174
21
3
174
21
4
171
20
4
169
18
3
166
16
2
161
14
1
158
12
0
156
20
6
164
18
4
162
17
2
162
17
1
164
18
2
168
20
3
171
20
2
174
20
1
173
17
0
173
17
0
175
17
0
175
17
0
175
17
0
175
17
0
175
17
0
175
17
0
175
17
0
175
17
0
175
17
0
175
17
0
175
17
0
175
17
0
175
17
0
175
17
0
175
17
0
175
17
0
175
17
0
175
15
3
172
15
3
173
17
1
175
19
0
177
20
0
176
20
0
173
19
3
168
17
5
165
13
6
166
8
2
170
7
0
178
10
0
187
14
0
191
20
3
187
28
12
173
29
18
143
21
14
105
9
6
74
9
8
52
12
12
40
11
12
36
31
35
52
153
158
167
239
246
246
235
242
240
239
246
240
240
246
240
243
247
243
247
249
247
248
248
248
250
247
249
252
248
253
254
250
254
255
251
254
255
251
252
255
251
251
251
250
249
244
248
248
246
250
250
247
252
251
249
254
254
249
254
254
250
254
254
250
254
254
250
254
254
251
253
253
252
252
252
254
252
252
243
238
239
170
161
163
119
107
108
74
60
61
51
36
37
55
38
39
66
45
48
74
47
50
58
31
34
31
4
5
30
3
4
50
19
22
56
23
27
45
12
15
37
5
6
52
17
21
53
18
22
37
2
6
60
26
30
52
18
23
43
10
14
45
15
19
49
20
23
39
12
14
46
18
21
45
14
18
42
11
15
45
15
18
51
20
23
53
22
25
49
21
22
43
16
17
44
12
16
51
20
24
43
12
16
44
13
17
50
19
23
55
23
27
50
19
23
37
7
10
29
0
1
32
3
5
37
6
10
37
2
5
43
5
9
54
13
17
64
18
21
65
16
19
60
6
9
61
1
3
67
1
2
71
0
1
75
0
2
78
0
2
79
1
2
80
0
1
80
0
0
78
1
0
78
1
0
76
1
0
76
1
0
76
0
0
77
0
1
78
0
1
78
1
0
79
2
0
79
2
0
78
2
0
76
1
0
73
1
1
70
0
4
69
1
9
66
3
16
62
2
21
54
1
25
50
0
30
47
0
37
45
0
41
42
0
41
49
0
32
68
0
15
70
0
13
70
0
12
70
0
10
71
0
7
73
0
5
74
0
4
75
0
3
76
0
2
77
1
2
77
1
2
77
1
2
76
2
2
76
2
2
75
1
2
74
1
3
74
1
3
74
1
3
76
0
4
17
0
175
17
0
175
17
0
175
17
0
175
17
0
175
17
0
175
17
0
175
17
0
175
17
0
175
17
0
175
17
0
175
17
0
175
17
0
175
17
0
175
17
0
175
17
0
175
17
0
175
17
0
175
14
0
175
14
0
175
15
0
175
16
0
175
18
0
175
20
0
176
21
0
175
21
0
175
22
0
175
23
0
175
23
0
176
22
1
176
22
1
176
21
1
176
18
1
175
15
0
174
14
0
174
12
0
173
14
0
182
15
0
184
13
1
178
12
3
172
12
5
169
15
5
171
15
3
177
18
2
182
19
2
184
19
3
179
22
9
171
26
17
160
21
19
140
5
6
112
0
0
99
6
1
110
20
10
132
32
17
151
30
15
170
17
4
186
17
5
183
17
5
179
16
5
174
17
4
171
18
5
170
19
5
170
20
4
170
20
3
172
19
2
173
17
1
176
16
0
176
15
0
176
13
1
174
12
2
171
11
3
169
11
5
168
12
5
168
17
0
171
17
0
170
19
2
170
21
5
170
20
5
167
17
2
161
13
0
156
11
0
153
12
1
154
28
15
169
22
9
164
17
3
160
16
2
161
18
2
165
19
3
168
19
2
170
19
1
171
19
1
173
17
0
175
17
0
175
17
0
175
17
0
175
17
0
175
17
0
175
17
0
175
17
0
175
17
0
175
17
0
175
17
0
175
17
0
175
17
0
175
17
0
175
17
0
175
17
0
175
17
0
175
17
0
175
15
3
172
15
2
173
17
1
175
19
0
177
21
0
176
20
0
172
19
3
168
17
6
163
13
7
165
9
4
169
7
1
177
8
0
185
12
1
189
18
5
186
25
11
171
24
16
137
13
10
100
4
3
70
8
6
49
15
12
40
30
28
52
91
91
108
234
235
243
220
224
225
240
246
242
243
249
242
246
253
245
247
253
246
247
250
246
248
251
249
251
251
252
252
252
254
253
252
253
253
252
252
253
252
251
253
253
251
252
252
252
251
251
253
250
250
251
248
248
249
246
249
249
246
250
250
247
251
251
246
251
250
245
249
249
244
248
248
246
248
248
243
244
244
247
247
247
246
243
244
236
231
232
245
240
241
254
246
248
249
239
241
236
225
227
203
190
193
124
107
111
62
46
50
75
57
61
113
93
98
120
99
104
96
73
78
77
55
60
94
70
75
95
70
75
67
44
49
115
93
97
115
94
99
99
80
84
73
56
60
44
28
32
54
39
41
98
84
87
113
95
99
131
113
117
160
142
146
187
169
173
198
181
184
187
169
173
159
140
144
128
110
113
110
92
96
96
78
82
107
88
92
133
116
119
139
123
126
105
87
91
49
31
35
37
19
23
49
31
35
23
6
9
29
4
7
33
4
7
35
4
6
38
3
5
43
1
3
51
1
5
63
7
10
71
8
10
72
3
6
75
2
4
78
2
3
80
1
2
81
1
1
80
0
0
80
0
0
78
1
0
78
1
0
77
1
0
76
1
0
76
1
0
77
2
0
79
2
0
80
2
0
81
1
0
81
1
0
80
1
1
79
0
2
78
1
4
78
3
9
79
7
16
78
10
20
72
8
22
63
4
21
57
2
21
53
1
22
50
1
23
59
1
21
76
2
19
76
1
17
76
0
14
75
0
12
75
0
9
76
0
7
77
0
5
78
0
4
78
0
3
79
1
2
77
1
2
77
1
1
76
2
2
75
2
2
74
2
2
73
2
2
72
2
3
72
2
3
76
0
4
17
0
175
17
0
175
17
0
175
17
0
175
17
0
175
17
0
175
17
0
175
17
0
175
17
0
175
17
0
175
17
0
175
17
0
175
17
0
175
17
0
175
17
0
175
17
0
175
17
0
175
17
0
175
14
0
176
13
0
176
14
0
175
16
0
175
17
0
175
19
0
175
21
1
173
22
0
173
22
0
172
22
0
173
23
1
174
23
2
175
22
2
175
21
2
174
18
2
173
14
1
172
12
0
171
11
0
170
14
0
175
17
0
177
15
1
172
13
3
167
13
5
164
13
4
168
15
2
175
16
2
182
17
2
186
16
1
181
18
6
173
23
16
164
19
16
146
5
5
119
2
0
111
13
4
125
24
10
142
28
11
154
22
6
174
10
1
197
10
1
191
11
2
182
12
4
171
15
6
165
19
8
161
22
9
161
24
8
162
25
5
166
24
2
171
24
0
176
22
0
179
19
0
179
15
0
176
12
2
172
10
4
167
9
7
164
10
8
163
17
0
169
16
0
167
19
3
169
22
6
169
21
6
165
16
3
159
12
0
153
11
1
151
15
3
154
27
16
167
21
9
160
17
5
159
18
4
161
19
4
164
19
3
166
17
1
167
18
1
169
20
2
172
17
0
175
17
0
175
17
0
175
17
0
175
17
0
175
17
0
175
17
0
175
17
0
175
17
0
175
17
0
175
17
0
175
17
0
175
17
0
175
17
0
175
17
0
175
17
0
175
17
0
175
17
0
175
14
2
173
15
2
174
17
1
176
19
0
177
21
0
176
20
0
172
20
3
167
17
6
162
13
8
163
9
5
168
7
2
175
7
0
182
9
1
186
16
4
183
21
11
168
18
12
133
7
8
95
1
2
67
9
3
46
26
15
45
74
64
89
173
166
184
252
249
255
236
237
237
250
252
248
244
248
240
248
251
243
250
253
246
248
252
247
249
253
250
250
254
253
251
254
254
250
253
253
249
253
252
249
253
251
249
254
250
250
253
251
252
250
252
253
251
253
254
251
253
252
250
252
251
251
252
249
251
252
247
250
251
245
249
250
244
248
249
245
248
249
233
236
237
237
240
240
245
246
246
238
238
239
243
242
242
249
246
246
250
245
246
252
249
250
253
251
254
218
212
217
189
182
188
197
189
194
216
207
212
221
212
216
209
199
204
199
186
193
203
189
195
211
199
204
196
183
189
240
229
234
244
234
239
227
218
223
196
189
193
168
162
166
186
180
185
232
228
232
238
230
235
243
235
239
249
241
246
253
246
251
255
248
253
252
245
249
245
236
241
236
227
232
228
220
226
213
205
209
220
212
217
240
234
239
243
237
241
212
204
209
164
156
161
153
145
150
128
120
125
56
49
53
32
15
19
33
11
14
38
13
16
41
11
14
43
6
10
51
7
10
65
12
14
71
10
13
70
4
6
75
3
5
79
3
4
81
2
3
81
1
2
80
0
0
80
0
0
80
0
0
78
1
0
79
1
0
78
2
0
77
3
0
77
3
0
79
2
0
81
1
0
82
1
0
83
1
0
84
0
2
84
0
2
83
0
2
82
2
4
82
5
8
83
8
12
79
9
13
71
6
11
66
3
8
62
2
7
60
3
8
67
3
13
82
2
21
82
2
19
81
1
15
81
0
13
80
0
11
80
0
8
81
0
6
81
0
5
80
1
3
80
1
2
79
1
2
77
2
0
76
2
1
75
2
2
73
2
2
72
2
2
71
2
2
71
2
3
76
0
4
17
0
175
17
0
175
17
0
175
17
0
175
17
0
175
17
0
175
17
0
175
17
0
175
17
0
175
17
0
175
17
0
175
17
0
175
17
0
175
17
0
175
17
0
175
17
0
175
17
0
175
17
0
175
14
0
176
13
0
176
14
0
176
16
0
175
17
0
175
19
0
174
20
0
173
22
0
172
22
0
172
23
1
173
23
2
173
23
3
173
21
3
173
21
3
173
18
3
172
14
1
171
11
0
170
10
0
169
14
0
172
17
0
171
15
1
167
13
2
162
13
5
161
13
5
165
14
3
174
14
1
181
16
2
186
15
2
182
17
6
175
22
14
166
16
13
146
2
1
119
4
0
115
17
7
131
26
10
147
27
7
155
18
2
176
6
0
204
7
0
196
7
0
184
9
3
169
13
7
160
19
10
155
24
11
154
27
10
157
28
6
163
28
2
169
28
0
177
26
0
182
22
0
182
17
0
177
12
2
172
9
5
166
8
9
161
9
9
161
19
2
170
18
1
168
20
4
169
23
8
170
22
8
166
17
4
159
13
1
153
14
3
153
18
8
156
22
12
160
18
6
156
17
5
157
20
7
162
22
7
166
20
5
167
17
1
167
17
0
168
20
3
171
17
0
175
17
0
175
17
0
175
17
0
175
17
0
175
17
0
175
17
0
175
17
0
175
17
0
175
17
0
175
17
0
175
17
0
175
17
0
175
17
0
175
17
0
175
17
0
175
17
0
175
17
0
175
15
2
173
15
2
175
17
0
177
19
0
177
21
0
176
20
0
172
20
3
166
17
6
162
13
7
163
11
7
169
8
3
175
6
0
181
8
1
184
15
4
182
18
10
165
14
10
130
4
6
93
1
2
66
31
22
65
102
85
116
183
168
193
235
224
239
253
245
254
239
236
237
253
253
249
251
252
244
252
253
244
251
254
246
249
253
247
249
255
250
249
255
253
249
255
254
247
255
253
246
255
252
245
255
250
245
255
249
248
252
250
254
249
251
255
251
253
255
252
254
253
250
253
251
249
251
250
249
251
248
250
251
248
251
252
244
249
250
237
242
243
245
250
251
249
253
254
229
233
234
235
237
238
244
246
246
248
248
249
247
246
247
247
247
248
251
252
255
247
248
252
250
249
254
252
250
254
251
248
253
249
247
251
250
246
251
253
246
252
252
244
251
254
249
254
247
239
245
252
248
253
252
248
252
248
246
250
248
247
251
250
249
254
246
247
252
245
246
249
249
247
253
251
250
254
251
249
254
248
247
252
248
246
251
250
249
253
253
252
255
251
249
255
243
241
247
248
248
252
245
244
249
247
245
250
250
248
252
248
247
251
245
244
249
249
248
253
231
230
234
188
187
192
163
156
160
144
129
132
112
91
94
72
47
49
46
12
16
45
5
6
60
10
12
67
8
12
66
2
4
73
3
4
79
3
5
81
3
3
82
2
2
81
1
0
80
0
0
80
0
0
80
1
0
79
2
0
78
2
0
77
3
0
77
3
0
79
2
0
81
1
0
82
0
0
84
0
1
85
0
2
87
0
3
87
1
3
86
2
3
85
4
4
85
6
6
82
9
6
77
8
3
73
6
1
70
6
1
70
9
2
75
8
10
83
2
21
83
1
19
83
1
16
83
1
14
82
0
12
82
0
8
82
0
5
82
0
4
81
0
3
81
1
2
79
1
2
77
2
0
76
2
0
75
2
1
73
2
2
71
2
2
70
3
2
71
3
2
76
0
4
19
0
176
19
0
176
19
0
176
19
0
175
18
0
174
19
0
173
19
1
172
19
1
171
19
1
171
19
1
171
19
1
171
18
1
172
18
1
173
17
0
174
17
0
175
17
0
176
16
0
176
16
0
176
18
0
176
19
0
177
19
0
179
20
0
182
20
0
184
21
0
186
21
0
190
20
0
190
21
1
191
19
0
188
20
2
186
21
4
183
20
4
176
15
3
167
16
4
162
19
11
161
16
10
155
11
5
147
16
8
145
20
10
149
19
6
158
18
2
171
18
1
185
19
1
198
20
1
203
23
0
200
24
4
189
25
9
171
27
16
155
28
23
140
13
13
116
0
1
102
6
8
122
11
12
146
9
6
162
8
2
174
8
0
183
10
0
189
10
0
188
12
0
186
15
1
184
17
2
180
18
3
178
20
3
175
21
3
173
20
2
171
18
2
169
18
3
170
17
3
172
15
4
173
11
3
174
9
2
175
7
2
177
5
2
178
7
3
174
18
3
162
18
3
162
19
4
163
20
6
163
20
6
163
20
6
161
19
6
161
20
7
161
21
8
162
18
5
159
18
5
159
19
6
161
21
8
163
22
8
164
21
7
164
20
5
164
20
5
164
21
7
166
11
0
176
12
1
178
13
2
180
14
2
181
14
1
182
14
1
182
14
0
183
15
0
185
17
0
186
18
0
186
20
0
187
20
0
187
21
0
186
21
0
186
21
0
186
22
0
184
22
0
184
22
0
184
10
2
177
8
3
174
11
3
174
13
3
174
15
2
174
16
1
175
16
1
175
13
2
178
10
2
183
9
2
186
7
1
187
6
1
183
7
4
176
16
13
168
18
16
147
5
4
105
1
2
79
1
2
63
70
67
97
169
165
173
239
235
241
254
251
255
253
251
254
221
220
220
251
251
250
247
247
245
248
249
246
252
253
250
253
254
252
253
254
253
253
254
254
253
254
254
252
254
254
252
254
254
251
254
253
251
254
253
251
253
252
253
251
252
255
253
254
254
253
254
255
254
255
246
246
246
251
250
251
251
252
252
250
250
251
247
248
248
238
239
240
252
253
254
253
254
254
233
234
234
244
244
244
248
248
248
248
249
249
248
248
249
244
244
245
251
252
253
250
250
252
251
251
253
252
252
253
251
251
252
250
249
251
251
249
251
252
250
252
252
250
252
252
250
252
251
249
251
251
250
252
252
251
252
250
250
251
249
249
250
250
250
252
249
250
251
251
252
252
250
250
252
251
251
253
251
251
252
250
250
251
250
250
251
251
251
252
252
252
253
251
251
253
249
249
250
251
251
252
251
251
253
252
252
253
251
251
252
250
250
251
248
248
250
249
249
250
249
249
250
247
247
249
240
244
245
233
234
235
200
198
199
142
135
136
81
67
69
39
18
20
38
9
11
56
18
20
48
4
5
62
10
11
70
12
13
67
5
5
66
0
1
69
0
0
74
5
4
78
6
4
73
1
1
76
5
3
77
4
2
76
2
0
76
2
0
75
2
0
74
2
0
74
1
0
73
1
1
73
1
1
74
1
1
75
1
2
77
2
3
78
2
4
79
3
4
82
4
6
84
4
6
85
4
6
86
5
7
88
6
8
86
5
9
81
3
11
81
3
11
80
2
9
79
2
8
79
1
7
78
1
6
78
0
5
77
0
4
77
0
3
77
0
3
77
0
3
76
1
3
76
1
3
75
1
3
75
1
3
74
1
3
74
1
3
74
1
3
76
0
4
20
0
177
20
0
177
19
0
175
19
0
175
19
0
174
19
0
172
19
1
172
20
1
170
20
1
170
19
2
170
19
1
171
19
1
172
19
0
172
18
0
174
17
0
175
17
0
176
17
0
177
15
0
177
18
0
170
18
1
169
19
0
172
19
0
176
19
0
180
20
0
184
19
0
188
20
0
190
19
0
190
15
0
186
17
2
184
20
4
182
18
5
175
14
4
164
17
8
159
21
15
158
18
12
149
11
6
140
17
10
139
21
13
146
19
9
157
18
3
172
18
0
187
19
0
201
20
0
204
22
1
197
24
5
183
27
13
166
30
21
149
27
22
132
11
10
109
2
4
105
12
15
133
12
14
154
4
4
166
0
0
178
4
0
181
10
0
175
11
0
177
11
0
178
14
0
181
16
0
181
16
0
179
17
0
177
17
0
173
16
1
169
16
3
168
15
5
165
13
5
165
11
4
168
10
3
170
8
2
174
7
0
178
5
0
181
7
1
179
20
5
166
20
5
166
20
5
166
20
5
166
20
5
166
20
5
166
20
5
166
20
5
166
20
5
166
19
4
165
20
5
166
21
6
167
21
6
167
21
6
167
21
6
167
21
6
167
21
6
167
21
6
167
6
0
173
6
0
173
8
0
175
10
0
176
10
0
177
11
0
179
12
0
181
13
0
183
16
1
184
17
0
183
17
0
183
19
0
183
19
0
182
20
0
181
21
0
180
21
0
180
21
1
179
21
1
179
11
4
176
9
4
175
11
4
174
13
4
174
15
3
174
16
2
174
16
1
178
15
0
184
14
0
189
10
0
190
9
0
188
8
1
181
11
6
171
21
18
161
21
20
139
3
4
93
0
1
68
1
1
56
114
115
137
218
218
218
242
242
242
244
244
244
251
251
251
239
239
239
253
253
253
246
246
246
250
250
250
254
254
254
254
254
254
254
254
254
254
254
254
254
254
254
254
254
254
254
254
254
254
254
254
254
254
254
254
254
254
254
254
254
255
255
255
251
251
251
255
255
255
249
249
249
252
252
252
251
251
251
250
250
250
253
253
253
249
249
249
225
225
225
196
196
196
244
244
244
254
254
254
254
254
254
254
254
254
254
254
254
253
253
253
253
253
253
253
253
253
253
253
253
253
253
253
253
253
253
253
253
253
253
253
253
253
253
253
253
253
253
253
253
253
253
253
253
253
253
253
253
253
253
253
253
253
253
253
253
253
253
253
253
253
253
253
253
253
253
253
253
253
253
253
253
253
253
253
253
253
253
253
253
253
253
253
253
253
253
253
253
253
253
253
253
254
254
254
253
253
253
253
253
253
252
252
252
251
251
251
251
251
251
250
250
250
249
249
249
249
249
249
243
249
249
242
249
249
243
247
248
241
242
243
223
219
220
157
144
146
48
27
29
32
4
5
45
11
11
50
9
10
55
7
7
60
6
6
65
7
6
74
12
10
74
9
8
68
1
1
69
0
0
74
4
2
77
4
1
76
2
0
76
2
0
75
2
0
73
2
0
71
2
0
71
1
1
71
1
1
71
1
1
71
1
2
73
2
3
75
2
4
77
2
4
81
1
6
84
2
7
87
2
8
90
3
9
91
3
9
87
3
9
80
4
8
80
4
8
79
3
7
78
2
6
77
1
5
77
1
5
76
0
4
76
0
4
76
0
4
76
0
4
76
0
4
76
0
4
76
0
4
76
0
4
76
0
4
76
0
4
76
0
4
76
0
4
76
0
4
20
0
177
19
0
176
19
0
175
19
0
175
19
0
174
19
0
173
19
1
172
19
1
172
19
1
172
19
1
172
19
1
172
19
0
172
19
0
173
18
0
174
17
0
175
17
0
176
17
0
176
17
0
177
16
2
163
16
2
161
16
2
163
16
2
165
16
2
169
17
2
173
16
1
175
17
1
178
17
1
178
14
1
174
15
2
173
18
4
173
18
6
170
18
6
165
19
8
163
23
12
161
18
10
153
11
3
145
16
9
149
20
13
156
18
10
161
15
6
168
12
3
176
11
1
181
12
2
182
14
4
175
18
8
167
24
15
159
26
18
148
18
12
130
7
3
116
10
6
124
21
19
148
15
15
158
6
6
164
4
5
173
7
7
172
10
8
162
11
7
164
10
5
164
11
2
166
12
1
166
13
1
167
15
2
167
16
3
166
16
4
165
17
5
165
15
6
163
13
6
163
12
5
166
10
4
168
9
3
171
7
2
174
6
1
177
8
1
178
15
2
175
15
2
175
15
2
175
15
2
175
15
2
175
15
2
175
15
2
175
15
2
175
16
2
176
20
6
180
20
6
179
19
5
178
18
4
178
17
4
177
17
3
177
16
3
176
15
2
175
15
2
175
11
5
170
9
2
169
8
1
167
7
0
168
9
1
169
11
2
171
13
3
173
14
2
173
12
1
172
13
1
172
14
2
171
14
2
169
15
3
168
15
4
167
17
4
166
18
6
166
18
6
165
18
6
164
13
4
172
13
4
174
14
4
172
16
3
171
18
2
170
20
2
171
20
0
175
19
0
180
17
0
184
14
0
184
13
1
182
13
2
175
16
9
165
27
22
156
29
25
134
10
6
86
2
1
57
3
0
46
141
140
159
247
247
247
245
245
245
238
238
238
236
236
236
249
249
249
253
253
253
251
251
251
251
251
251
253
253
253
254
254
254
254
254
254
254
254
254
254
254
254
254
254
254
254
254
254
254
254
254
254
254
254
254
254
254
255
255
255
254
254
254
248
248
248
253
253
253
255
255
255
254
254
254
250
250
250
250
250
250
240
240
240
186
186
186
87
87
87
26
26
26
203
203
203
245
245
245
250
250
250
250
250
250
246
246
246
241
241
241
254
254
254
254
254
254
254
254
254
254
254
254
254
254
254
254
254
254
254
254
254
254
254
254
254
254
254
255
255
255
255
255
255
255
255
255
255
255
255
255
255
255
255
255
255
255
255
255
255
255
255
255
255
255
254
254
254
254
254
254
254
254
254
254
254
254
254
254
254
254
254
254
254
254
254
254
254
254
254
254
254
254
254
254
253
253
253
253
253
253
253
253
253
252
252
252
251
251
251
251
251
251
250
250
250
250
250
250
237
240
241
241
246
247
241
244
245
224
225
226
211
209
209
238
230
231
235
222
223
156
137
136
62
35
36
46
13
13
52
12
11
56
10
9
62
10
9
65
9
8
67
3
2
70
2
2
79
9
6
77
4
2
78
1
0
80
2
0
79
2
0
77
2
0
76
1
0
75
1
0
74
1
1
73
1
1
73
1
1
74
1
2
75
1
3
77
2
4
78
1
4
81
1
6
83
2
7
85
2
7
87
2
7
87
2
8
84
2
7
79
3
7
79
3
7
79
3
7
78
2
6
77
1
5
77
1
5
76
0
4
76
0
4
76
0
4
76
0
4
76
0
4
76
0
4
76
0
4
76
0
4
76
0
4
76
0
4
76
0
4
76
0
4
76
0
4
19
0
175
19
0
175
19
0
175
19
0
175
19
0
174
19
0
173
19
0
173
19
0
173
19
0
173
19
0
173
19
0
173
19
0
173
19
0
173
19
0
173
19
0
174
18
0
174
18
0
175
18
0
175
15
4
164
15
5
162
15
5
163
16
5
164
16
5
166
16
5
169
17
4
171
18
5
172
18
4
174
16
3
172
18
3
172
19
4
172
18
4
170
17
3
167
20
5
166
21
7
165
19
5
162
15
1
157
17
6
162
19
11
166
16
10
167
12
9
167
9
8
166
6
8
165
7
10
162
10
11
158
13
13
153
19
16
150
20
14
142
10
3
128
6
1
124
17
10
140
24
19
157
16
12
159
8
7
161
7
9
168
11
13
168
13
14
158
12
12
158
11
9
159
11
6
160
13
5
161
15
4
164
17
5
166
19
5
167
19
6
168
19
5
167
18
5
168
16
4
167
14
4
168
12
3
169
11
3
171
10
3
174
10
2
176
10
2
178
12
1
182
11
0
181
11
0
181
12
0
182
13
0
183
13
0
183
13
0
183
14
1
183
14
1
184
18
5
188
16
4
186
15
2
185
14
2
184
15
2
185
15
3
186
16
3
186
15
3
185
15
2
185
19
11
174
16
8
171
12
4
168
11
2
167
12
2
168
14
4
170
14
5
171
13
3
169
11
2
166
12
3
167
12
4
166
13
5
164
13
7
163
14
8
162
15
9
162
15
10
159
15
11
159
15
11
158
15
5
172
16
3
175
17
2
173
19
2
170
20
1
169
22
1
169
23
0
172
22
0
176
20
0
179
19
1
181
19
2
178
19
5
171
23
12
161
34
24
152
35
27
129
14
6
78
5
1
48
10
4
40
139
136
151
238
238
238
245
245
245
249
249
249
234
234
234
248
248
248
245
245
245
252
252
252
251
251
251
251
251
251
254
254
254
254
254
254
254
254
254
254
254
254
254
254
254
254
254
254
254
254
254
254
254
254
254
254
254
253
253
253
254
254
254
247
247
247
250
250
250
253
253
253
250
250
250
248
248
248
250
250
250
217
217
217
105
105
105
16
16
16
27
27
27
216
216
216
247
247
247
247
247
247
251
251
251
252
252
252
249
249
249
255
255
255
255
255
255
255
255
255
255
255
255
255
255
255
255
255
255
255
255
255
255
255
255
255
255
255
255
255
255
255
255
255
255
255
255
255
255
255
255
255
255
255
255
255
255
255
255
255
255
255
255
255
255
255
255
255
255
255
255
255
255
255
255
255
255
255
255
255
255
255
255
255
255
255
255
255
255
255
255
255
254
254
254
254
254
254
253
253
253
253
253
253
253
253
253
252
252
252
252
252
252
251
251
251
251
251
251
251
254
254
242
245
246
242
245
246
250
252
252
252
252
252
243
240
241
249
245
245
230
220
218
118
104
102
57
35
34
36
8
7
39
3
2
50
5
4
53
0
0
64
4
4
70
4
3
78
7
7
76
2
2
80
0
0
83
1
0
83
1
0
82
1
0
80
1
0
77
1
0
77
0
1
75
0
1
75
1
1
76
1
2
76
1
3
76
1
3
78
1
3
79
0
5
80
1
6
82
1
6
83
1
6
84
1
6
83
2
6
78
2
6
78
2
6
78
2
6
77
1
5
77
1
5
76
0
4
76
0
4
76
0
4
76
0
4
76
0
4
76
0
4
76
0
4
76
0
4
76
0
4
76
0
4
76
0
4
76
0
4
76
0
4
76
0
4
19
0
174
19
0
174
19
0
174
18
0
175
18
0
175
18
0
175
18
0
175
18
0
174
18
0
174
18
0
174
18
0
174
19
0
173
19
0
173
19
0
173
19
0
172
19
0
172
19
0
171
19
0
171
13
3
170
12
3
170
13
4
170
14
5
171
15
5
171
17
5
172
17
6
174
19
7
174
20
7
175
21
6
175
21
5
175
19
4
174
18
2
172
18
1
172
19
1
174
20
2
175
20
1
176
19
0
174
17
4
175
16
8
175
13
8
171
9
9
167
7
11
163
5
14
157
5
16
153
8
17
148
11
17
145
14
15
142
12
9
135
5
0
127
9
1
132
23
11
151
23
13
158
14
7
157
9
6
159
10
9
165
13
12
166
13
12
162
12
10
163
12
9
164
14
7
165
16
6
166
18
5
169
21
5
172
23
5
175
23
5
176
22
2
175
20
2
175
19
2
174
16
1
174
14
1
174
14
2
174
13
2
176
13
2
176
14
4
178
17
6
186
17
5
185
16
5
185
16
4
184
15
4
184
14
3
183
14
3
183
14
2
182
13
2
182
13
2
182
11
1
180
10
0
179
11
1
180
15
3
184
19
7
188
21
10
190
22
11
191
22
11
191
20
6
172
18
4
170
16
2
167
14
1
167
15
2
169
16
3
171
16
4
172
15
3
172
14
2
170
13
3
170
13
4
170
14
5
168
14
6
167
14
7
167
14
9
166
13
10
164
13
10
164
13
11
163
19
6
179
21
4
182
22
4
179
23
3
175
25
3
173
27
3
173
27
2
174
27
1
178
25
2
180
24
3
180
23
4
176
23
7
168
28
14
159
38
25
148
38
26
123
16
4
72
9
0
44
21
10
42
150
144
157
241
241
241
242
242
242
251
251
251
245
245
245
253
253
253
242
242
242
251
251
251
254
254
254
253
253
253
254
254
254
254
254
254
254
254
254
254
254
254
254
254
254
254
254
254
254
254
254
254
254
254
253
253
253
251
251
251
253
253
253
249
249
249
249
249
249
252
252
252
245
245
245
248
248
248
244
244
244
184
184
184
46
46
46
5
5
5
109
109
109
225
225
225
241
241
241
246
246
246
252
252
252
250
250
250
245
245
245
255
255
255
255
255
255
255
255
255
255
255
255
255
255
255
255
255
255
255
255
255
255
255
255
255
255
255
254
254
254
254
254
254
254
254
254
254
254
254
254
254
254
254
254
254
254
254
254
254
254
254
254
254
254
255
255
255
255
255
255
255
255
255
255
255
255
255
255
255
255
255
255
255
255
255
255
255
255
255
255
255
254
254
254
254
254
254
254
254
254
254
254
254
254
254
254
253
253
253
253
253
253
253
253
253
253
253
253
253
253
254
248
249
250
246
248
248
248
250
251
249
253
252
243
247
246
241
244
242
248
249
247
242
238
235
149
139
136
79
61
59
54
27
26
45
9
7
47
2
2
77
21
21
64
1
1
71
0
1
74
0
1
82
0
0
86
0
0
85
1
0
85
1
0
83
1
0
81
0
1
79
0
1
77
0
1
77
0
1
77
0
2
76
0
3
77
0
3
77
0
3
77
0
4
78
0
4
78
0
4
79
0
4
80
0
4
79
0
5
77
1
5
77
1
5
77
1
5
77
1
4
76
1
4
76
0
4
76
0
4
76
0
4
76
0
4
76
0
4
76
0
4
76
0
4
76
0
4
76
0
4
76
0
4
76
0
4
76
0
4
76
0
4
76
0
4
19
0
173
19
0
173
19
0
173
18
0
174
17
0
175
17
0
175
17
0
176
16
0
176
17
0
177
17
0
175
17
0
175
18
0
174
19
1
172
19
1
171
20
2
170
20
2
169
21
2
167
21
2
167
11
1
179
10
1
182
11
1
181
12
2
180
13
2
178
14
3
177
16
5
176
18
7
174
19
7
174
20
5
174
19
3
172
18
2
172
18
1
174
20
0
177
21
0
180
22
1
183
22
0
185
22
0
185
18
3
183
15
5
179
11
6
175
7
7
168
6
11
164
7
16
159
7
19
153
8
20
148
10
19
143
9
13
136
5
5
128
4
1
125
14
4
136
27
14
153
20
9
155
14
4
156
11
5
161
11
7
166
11
6
170
12
4
173
13
4
174
14
4
175
17
3
175
19
3
176
22
4
178
24
4
179
26
4
182
26
3
183
25
0
182
23
0
181
22
0
179
19
0
177
18
0
176
18
1
175
18
3
174
18
5
174
20
7
174
24
13
177
23
12
177
23
12
176
22
11
175
21
10
175
21
10
174
21
10
174
20
9
174
19
8
173
17
6
170
14
4
167
12
2
165
14
3
167
19
8
172
24
13
177
27
16
181
28
17
182
28
17
181
17
1
165
17
0
165
18
0
166
18
0
168
18
1
170
19
1
173
19
1
175
19
2
177
19
2
178
16
2
177
16
1
177
15
2
178
14
3
178
14
3
177
14
4
176
14
4
176
14
6
175
14
6
175
20
5
186
22
5
187
23
4
183
25
3
180
26
3
177
28
3
176
29
3
178
29
3
180
27
3
181
25
3
181
24
5
177
25
9
170
30
15
160
37
24
146
35
23
119
14
1
69
12
1
47
32
19
52
162
156
169
247
247
247
242
242
242
248
248
248
250
250
250
252
252
252
246
246
246
252
252
252
253
253
253
253
253
253
254
254
254
254
254
254
254
254
254
254
254
254
254
254
254
254
254
254
254
254
254
254
254
254
254
254
254
253
253
253
254
254
254
250
250
250
252
252
252
253
253
253
245
245
245
249
249
249
229
229
229
143
143
143
14
14
14
31
31
31
200
200
200
244
244
244
245
245
245
248
248
248
253
253
253
252
252
252
251
251
251
254
254
254
254
254
254
254
254
254
254
254
254
254
254
254
254
254
254
254
254
254
254
254
254
254
254
254
254
254
254
254
254
254
254
254
254
254
254
254
254
254
254
254
254
254
254
254
254
254
254
254
254
254
254
254
254
254
254
254
254
254
254
254
254
254
254
254
254
254
254
254
254
254
254
254
254
254
254
254
254
254
255
255
255
254
254
254
254
254
254
254
254
254
254
254
254
254
254
254
254
254
254
254
254
254
254
254
254
247
245
246
250
249
250
250
252
252
245
249
249
244
250
249
243
251
250
237
248
245
235
244
241
244
249
245
227
227
224
189
182
179
136
120
117
79
52
51
41
2
2
77
26
26
66
4
5
75
6
8
75
2
4
81
0
1
86
0
0
86
0
0
85
0
1
84
0
1
83
0
2
81
1
1
79
0
1
78
0
1
77
0
2
76
0
2
76
0
2
76
0
2
76
0
3
76
0
3
76
0
3
76
0
3
76
0
3
76
0
4
76
0
4
76
0
4
76
0
4
76
0
4
76
0
4
76
0
4
76
0
4
76
0
4
76
0
4
76
0
4
76
0
4
76
0
4
76
0
4
76
0
4
76
0
4
76
0
4
76
0
4
76
0
4
76
0
4
19
1
172
19
1
172
18
1
173
17
0
174
16
0
175
16
0
176
16
0
177
16
0
178
16
0
177
15
0
176
17
1
174
17
1
172
18
1
171
19
2
168
20
3
166
22
4
164
23
4
163
23
5
162
10
1
183
7
0
187
8
0
185
9
1
182
11
2
178
13
4
174
15
5
171
17
8
167
19
8
167
15
3
161
14
0
158
15
0
159
17
1
162
20
3
169
23
4
174
23
3
177
22
1
179
22
0
180
20
3
179
17
5
177
13
4
173
9
4
170
7
8
169
8
14
166
9
17
162
9
18
153
10
18
145
6
10
132
1
1
120
5
2
120
18
10
134
29
18
150
19
8
150
15
4
157
15
6
167
13
4
173
11
1
179
12
0
187
13
1
186
15
1
184
19
2
184
22
3
182
24
3
181
25
3
180
27
2
180
28
2
180
29
1
181
28
1
179
26
0
175
23
1
171
23
2
167
22
5
164
22
8
162
22
11
161
23
13
158
23
13
147
23
14
148
25
15
150
26
16
151
27
18
152
29
19
153
30
20
154
31
21
156
31
22
156
32
22
156
27
17
152
23
14
148
23
13
147
25
16
150
29
19
154
30
21
155
30
20
154
27
18
152
21
2
156
23
3
158
26
5
163
27
6
166
26
5
167
24
3
169
22
2
172
23
2
175
23
3
179
20
1
179
19
0
181
18
0
183
16
0
184
15
0
185
15
0
184
15
1
185
15
2
185
15
1
186
17
2
189
18
2
187
19
1
184
21
1
180
22
0
177
24
0
176
25
1
177
24
1
179
23
1
181
22
2
182
22
5
179
24
9
172
28
15
162
34
22
147
32
20
119
11
0
70
14
2
52
39
27
65
163
158
173
248
248
248
248
248
248
252
252
252
252
252
252
243
243
243
250
250
250
254
254
254
249
249
249
249
249
249
254
254
254
254
254
254
254
254
254
254
254
254
254
254
254
254
254
254
254
254
254
254
254
254
254
254
254
254
254
254
252
252
252
249
249
249
254
254
254
254
254
254
248
248
248
250
250
250
212
212
212
111
111
111
15
15
15
73
73
73
242
242
242
252
252
252
247
247
247
248
248
248
252
252
252
254
254
254
253
253
253
254
254
254
254
254
254
254
254
254
254
254
254
254
254
254
254
254
254
254
254
254
254
254
254
254
254
254
255
255
255
255
255
255
255
255
255
255
255
255
255
255
255
255
255
255
255
255
255
255
255
255
255
255
255
254
254
254
254
254
254
254
254
254
254
254
254
254
254
254
254
254
254
254
254
254
254
254
254
254
254
254
255
255
255
255
255
255
255
255
255
255
255
255
255
255
255
255
255
255
255
255
255
255
255
255
255
255
255
252
249
251
251
250
251
246
248
249
241
247
246
243
252
251
241
253
251
235
251
248
237
251
249
235
249
245
238
246
241
241
243
238
218
211
208
144
124
122
37
6
5
49
6
6
57
2
4
77
12
17
75
5
10
78
0
3
84
0
2
84
0
2
83
0
2
82
1
2
81
1
2
80
0
2
78
0
2
77
0
2
76
0
2
76
0
2
76
0
2
75
0
2
75
0
3
75
0
3
75
0
3
75
0
3
75
0
3
75
0
3
76
0
4
76
0
4
76
0
4
76
0
4
76
0
4
76
0
4
76
0
4
76
0
4
76
0
4
76
0
4
76
0
4
76
0
4
76
0
4
76
0
4
76
0
4
76
0
4
76
0
4
76
0
4
76
0
4
19
1
172
19
1
172
17
1
173
17
0
174
16
0
175
14
0
176
13
0
177
13
0
177
13
0
177
13
0
173
19
6
177
16
3
170
15
1
164
21
4
164
25
8
163
22
5
156
25
7
155
25
8
154
8
1
172
5
1
176
8
4
175
12
7
172
15
9
168
18
11
162
19
13
156
22
15
151
27
18
149
32
22
150
29
19
146
23
12
140
20
7
137
18
3
138
16
1
139
17
1
142
24
7
152
32
15
162
23
7
161
20
4
164
22
7
171
14
3
170
7
1
168
9
6
171
2
2
161
4
4
152
19
20
157
14
15
139
1
1
115
7
5
116
18
14
126
24
17
139
18
8
145
13
2
155
12
1
169
13
0
180
16
0
191
20
0
199
19
1
195
25
6
193
18
0
176
20
1
172
20
1
165
27
7
167
34
12
171
34
11
169
33
9
165
37
14
168
29
6
157
21
1
144
22
6
142
24
12
140
22
14
132
17
12
123
17
12
119
24
16
114
12
4
102
10
1
100
13
5
103
19
11
109
18
10
108
10
4
100
6
2
95
8
2
98
7
2
97
36
28
126
27
19
117
19
11
109
19
11
109
16
8
106
12
5
102
37
29
125
165
157
245
41
24
147
32
16
141
30
13
141
32
15
147
35
18
154
35
16
158
28
9
158
24
4
157
21
1
162
27
7
173
25
5
175
21
2
175
18
0
176
18
1
179
21
2
184
23
5
189
22
5
188
16
0
184
22
8
193
17
4
187
16
1
182
18
2
177
18
2
174
28
8
181
19
0
172
23
3
179
17
1
176
18
2
179
23
8
183
23
10
175
22
11
161
35
27
154
25
15
119
11
1
77
11
1
57
29
19
64
158
154
172
250
250
250
250
250
250
249
249
249
250
250
250
250
250
250
252
252
252
253
253
253
253
253
253
253
253
253
254
254
254
254
254
254
254
254
254
254
254
254
254
254
254
254
254
254
254
254
254
254
254
254
254
254
254
254
254
254
250
250
250
250
250
250
253
253
253
249
249
249
246
246
246
191
191
191
98
98
98
32
32
32
59
59
59
202
202
202
244
244
244
238
238
238
249
249
249
254
254
254
250
250
250
249
249
249
255
255
255
254
254
254
254
254
254
254
254
254
254
254
254
254
254
254
254
254
254
254
254
254
254
254
254
254
254
254
254
254
254
254
254
254
254
254
254
254
254
254
254
254
254
254
254
254
254
254
254
254
254
254
254
254
254
254
254
254
254
254
254
254
254
254
254
254
254
254
254
254
254
254
254
254
254
254
254
254
254
254
254
254
254
254
254
254
254
254
254
254
254
254
254
254
254
254
254
254
254
254
254
254
254
254
254
254
254
254
254
255
254
254
254
254
254
251
254
253
248
254
253
244
253
252
239
253
251
233
252
249
232
251
247
232
249
245
229
242
239
241
247
245
249
246
245
218
205
203
130
107
106
63
25
27
48
1
2
63
7
10
69
8
12
72
4
6
77
3
3
80
5
6
75
0
2
79
4
5
78
3
5
75
0
2
73
0
0
75
2
3
77
2
4
77
2
4
77
2
4
77
2
5
77
2
6
76
2
6
75
1
5
74
0
4
74
0
4
75
0
4
76
0
4
76
0
4
76
0
4
76
0
4
76
0
4
76
0
4
76
0
4
76
0
4
76
0
4
76
0
4
76
0
4
76
0
4
76
0
4
76
0
4
76
0
4
76
0
4
76
0
4
76
0
4
76
0
4
19
2
170
19
1
172
18
1
173
16
0
174
15
0
175
14
0
177
13
0
178
12
0
177
12
0
177
15
2
177
13
1
170
13
1
163
21
8
165
28
15
165
24
10
153
17
2
140
27
12
146
30
16
148
14
10
147
14
12
148
18
16
147
20
18
142
23
19
135
26
23
129
31
27
123
30
23
111
24
17
99
18
10
86
12
4
78
9
1
73
9
0
73
12
2
79
17
7
85
22
11
93
29
18
103
36
25
112
36
19
133
35
15
151
35
15
159
28
10
163
18
3
165
15
2
171
18
9
174
22
16
171
27
23
164
15
14
138
3
2
113
12
10
114
23
20
123
27
22
137
22
13
148
17
5
161
15
1
178
16
0
191
18
0
195
20
1
190
19
1
182
23
4
176
21
6
160
31
17
158
35
23
152
29
18
137
24
12
125
23
11
120
22
8
116
16
2
107
16
3
103
19
8
101
11
5
89
3
2
73
1
4
65
5
10
64
9
13
65
6
0
55
10
4
59
22
15
71
9
5
58
4
2
53
8
4
57
10
4
59
7
1
56
8
2
57
10
4
59
3
0
52
4
0
53
9
3
58
10
3
59
10
3
59
11
4
60
15
8
64
32
26
81
6
1
73
8
2
77
16
9
87
25
17
100
32
23
111
34
22
119
30
19
122
29
17
127
31
18
137
31
17
143
33
18
151
35
20
158
33
19
161
29
14
160
23
8
158
21
7
158
22
7
161
22
8
162
11
3
167
15
5
172
23
11
177
25
11
174
21
5
166
19
2
162
19
3
164
25
9
173
24
10
178
15
5
174
15
6
173
16
8
167
17
10
157
30
25
152
18
13
118
5
1
77
3
1
57
29
24
69
160
157
175
250
250
250
249
249
249
249
249
249
250
250
250
251
251
251
252
252
252
253
253
253
254
254
254
254
254
254
254
254
254
254
254
254
254
254
254
254
254
254
254
254
254
254
254
254
254
254
254
254
254
254
253
253
253
252
252
252
250
250
250
251
251
251
251
251
251
243
243
243
207
207
207
128
128
128
48
48
48
33
33
33
122
122
122
244
244
244
247
247
247
237
237
237
246
246
246
248
248
248
251
251
251
252
252
252
246
246
246
254
254
254
254
254
254
254
254
254
254
254
254
254
254
254
254
254
254
254
254
254
254
254
254
254
254
254
254
254
254
254
254
254
254
254
254
254
254
254
254
254
254
254
254
254
254
254
254
254
254
254
254
254
254
254
254
254
254
254
254
254
254
254
254
254
254
254
254
254
254
254
254
254
254
254
254
254
254
254
254
254
254
254
254
254
254
254
254
254
254
254
254
254
254
254
254
254
254
254
254
254
254
254
254
254
254
254
254
255
253
254
254
254
254
252
254
254
249
254
254
245
254
253
241
254
252
237
253
250
234
252
249
234
251
248
234
248
244
241
250
248
244
244
243
230
222
222
202
185
186
78
52
52
41
5
7
48
4
7
51
4
7
57
1
4
65
4
5
71
9
10
68
5
7
63
0
1
65
1
2
70
4
6
76
7
9
73
4
6
72
1
4
75
2
5
76
2
6
76
2
6
76
2
6
75
1
5
74
0
4
74
0
4
74
0
4
74
0
4
76
0
4
76
0
4
76
0
4
76
0
4
76
0
4
76
0
4
76
0
4
76
0
4
76
0
4
76
0
4
76
0
4
76
0
4
76
0
4
76
0
4
76
0
4
76
0
4
76
0
4
76
0
4
76
0
4
19
2
170
19
1
172
17
1
173
16
0
174
14
0
176
13
0
178
12
0
178
10
0
177
10
0
176
14
6
175
15
6
170
17
7
164
20
9
159
21
10
152
26
15
147
51
39
165
90
77
191
83
71
187
31
28
124
24
22
111
28
25
110
27
23
100
21
16
85
16
10
70
16
10
58
20
10
51
23
11
46
25
13
42
28
15
41
32
18
43
38
24
49
46
32
58
51
36
65
46
33
63
39
25
57
33
20
53
32
12
85
34
10
114
38
15
130
45
23
152
45
24
166
32
14
166
31
16
170
31
18
167
24
15
152
11
6
129
6
3
115
17
12
119
27
22
129
29
23
141
24
15
153
20
7
167
18
3
184
18
2
196
20
2
195
23
2
180
22
3
172
26
12
162
20
11
137
20
15
120
21
19
107
12
10
84
6
3
69
10
8
71
15
12
72
6
3
61
9
6
62
7
6
56
2
2
43
10
15
46
27
36
57
37
48
61
30
39
51
17
14
41
10
7
34
18
13
42
24
18
48
31
26
55
39
33
63
47
42
71
58
54
82
68
66
92
76
71
100
77
73
101
62
57
86
52
47
76
32
26
56
12
8
36
8
4
32
15
10
39
9
5
33
4
4
36
4
4
38
5
5
42
6
5
47
7
5
53
9
6
59
12
7
69
19
14
82
28
22
99
23
17
99
24
17
107
26
19
114
25
18
117
22
14
118
19
12
117
21
12
123
26
17
129
28
19
132
28
20
157
31
23
165
29
20
159
26
16
152
27
15
150
25
11
148
34
22
161
29
17
161
25
14
163
23
12
166
24
16
169
23
17
164
22
17
153
30
27
145
18
15
112
7
3
74
9
4
59
52
46
89
173
170
187
250
250
250
250
250
250
249
249
249
250
250
250
251
251
251
252
252
252
253
253
253
253
253
253
254
254
254
254
254
254
254
254
254
254
254
254
254
254
254
254
254
254
254
254
254
254
254
254
254
254
254
253
253
253
250
250
250
242
242
242
247
247
247
252
252
252
246
246
246
162
162
162
64
64
64
15
15
15
61
61
61
199
199
199
252
252
252
248
248
248
247
247
247
250
250
250
247
247
247
248
248
248
252
252
252
250
250
250
254
254
254
254
254
254
254
254
254
254
254
254
254
254
254
254
254
254
254
254
254
254
254
254
254
254
254
254
254
254
254
254
254
254
254
254
254
254
254
254
254
254
254
254
254
254
254
254
254
254
254
254
254
254
254
254
254
254
254
254
254
254
254
254
254
254
254
254
254
254
254
254
254
254
254
254
254
254
254
254
254
254
254
254
254
254
254
254
254
254
254
254
254
254
254
254
254
254
254
254
254
254
254
254
254
254
254
254
255
254
254
254
254
254
253
254
254
251
254
254
249
255
254
245
255
253
242
254
253
239
254
252
240
253
251
242
253
251
241
249
247
240
242
240
244
240
240
244
237
238
145
125
127
46
19
22
57
25
29
49
14
19
49
8
11
51
6
7
51
4
6
59
10
12
55
5
6
62
7
9
64
7
9
65
5
6
69
7
8
72
6
8
72
3
6
73
3
6
74
3
6
74
2
4
74
2
4
74
1
3
74
1
3
75
1
3
75
0
3
76
0
4
76
0
4
76
0
4
76
0
4
76
0
4
76
0
4
76
0
4
76
0
4
76
0
4
76
0
4
76
0
4
76
0
4
76
0
4
76
0
4
76
0
4
76
0
4
76
0
4
76
0
4
76
0
4
19
2
170
19
1
172
17
1
173
16
0
175
14
0
177
13
0
179
11
0
179
10
0
177
10
0
175
9
4
169
15
8
168
19
12
164
18
10
153
18
10
143
36
27
150
89
81
194
142
133
230
125
115
216
43
35
94
22
13
60
23
12
55
24
12
49
23
9
39
19
3
26
20
2
15
42
19
26
65
40
42
83
56
53
94
65
59
102
73
66
112
82
74
119
90
82
119
91
85
104
76
72
83
57
54
67
40
39
45
18
55
29
3
71
30
6
83
45
22
113
59
38
142
46
30
147
39
24
148
34
22
147
22
12
135
11
4
122
11
4
119
22
13
128
30
20
140
29
18
149
23
11
160
19
7
171
18
4
184
17
3
195
20
4
190
26
7
173
27
10
164
31
19
151
16
11
114
4
5
81
3
5
60
2
5
44
2
6
35
12
16
43
37
40
67
51
51
80
68
68
96
45
46
71
18
19
36
24
29
38
55
63
64
77
88
82
65
75
69
23
21
34
20
16
32
8
6
20
23
19
34
35
31
47
42
39
54
64
61
75
101
97
113
118
114
130
133
129
144
182
178
194
150
146
162
109
105
121
54
50
66
15
11
26
7
5
19
11
7
22
11
8
23
3
7
12
4
6
14
5
7
17
6
8
21
6
7
24
4
5
29
3
3
34
4
2
39
3
2
45
4
2
48
4
2
54
4
1
58
3
1
60
2
1
63
6
4
68
14
11
79
20
16
85
16
12
82
22
17
117
26
20
128
25
17
124
28
19
123
35
25
128
27
15
121
32
20
130
26
15
132
32
22
146
31
22
152
29
23
154
27
22
150
26
22
139
28
26
128
17
14
97
6
3
61
10
7
50
75
70
103
187
184
197
250
250
250
250
250
250
249
249
249
250
250
250
251
251
251
252
252
252
253
253
253
254
254
254
254
254
254
254
254
254
254
254
254
254
254
254
254
254
254
254
254
254
254
254
254
254
254
254
254
254
254
254
254
254
251
251
251
240
240
240
246
246
246
252
252
252
251
251
251
158
158
158
70
70
70
52
52
52
123
123
123
244
244
244
236
236
236
247
247
247
251
251
251
252
252
252
249
249
249
245
245
245
247
247
247
255
255
255
254
254
254
254
254
254
254
254
254
254
254
254
254
254
254
254
254
254
254
254
254
254
254
254
254
254
254
254
254
254
254
254
254
254
254
254
254
254
254
254
254
254
254
254
254
254
254
254
254
254
254
254
254
254
254
254
254
254
254
254
254
254
254
254
254
254
254
254
254
254
254
254
254
254
254
254
254
254
254
254
254
254
254
254
254
254
254
254
254
254
254
254
254
254
254
254
254
254
254
254
254
254
254
254
254
254
254
254
254
254
254
254
254
254
254
255
255
252
255
255
251
255
255
249
255
255
248
255
254
246
255
254
246
254
253
248
255
254
244
248
247
244
245
244
252
250
250
249
245
246
209
197
199
51
34
37
45
26
29
33
13
16
39
13
16
45
15
17
43
11
13
48
14
15
49
11
12
61
18
20
64
17
20
58
7
9
69
14
16
74
14
16
69
6
7
71
5
7
73
3
6
72
2
3
73
1
3
74
1
2
75
1
2
76
1
3
76
1
3
76
0
4
76
0
4
76
0
4
76
0
4
76
0
4
76
0
4
76
0
4
76
0
4
76
0
4
76
0
4
76
0
4
76
0
4
76
0
4
76
0
4
76
0
4
76
0
4
76
0
4
76
0
4
76
0
4
19
2
170
19
1
172
17
0
173
16
0
175
14
0
177
12
0
179
11
0
179
10
0
177
10
1
175
13
6
173
12
6
163
13
7
154
17
11
147
19
13
138
22
16
129
40
34
138
66
58
154
48
41
133
44
26
61
36
14
33
33
8
25
39
12
24
52
21
29
62
28
30
74
34
31
100
57
49
129
82
70
144
94
79
145
93
77
138
87
68
130
79
60
126
74
56
125
74
58
128
80
64
128
80
66
127
79
65
97
59
74
64
34
70
45
18
59
38
15
65
44
26
85
39
28
100
34
26
109
28
19
113
19
9
112
14
3
115
18
5
126
28
12
143
32
15
155
27
10
160
20
4
166
17
4
173
15
5
181
13
5
187
20
7
185
32
8
175
28
8
160
26
13
139
11
5
98
2
2
64
0
1
38
12
17
39
13
18
31
10
12
22
40
43
55
66
66
83
105
102
122
93
89
111
49
47
64
20
20
31
18
19
24
25
29
28
25
29
27
18
17
28
30
28
39
9
7
18
13
10
22
14
12
24
8
6
18
13
11
23
30
27
39
19
16
28
27
25
36
61
59
70
58
56
68
58
55
67
33
30
42
17
14
26
34
32
44
57
54
66
70
67
79
62
63
65
51
51
54
34
33
37
16
15
22
5
4
14
1
0
14
3
2
20
6
5
27
8
5
31
18
16
44
26
24
54
29
26
59
22
20
55
11
9
44
4
3
38
8
8
41
9
8
44
6
5
40
8
4
68
11
5
76
11
4
74
15
7
76
21
12
80
13
2
73
14
3
81
19
8
94
33
23
120
36
28
131
36
31
137
38
33
138
39
36
133
42
39
122
31
29
94
18
15
60
27
23
52
110
105
124
205
202
209
250
250
250
250
250
250
249
249
249
250
250
250
251
251
251
252
252
252
253
253
253
254
254
254
254
254
254
254
254
254
254
254
254
254
254
254
254
254
254
254
254
254
254
254
254
254
254
254
254
254
254
252
252
252
250
250
250
251
251
251
252
252
252
247
247
247
247
247
247
204
204
204
160
160
160
159
159
159
203
203
203
249
249
249
228
228
228
252
252
252
246
246
246
245
245
245
250
250
250
249
249
249
245
245
245
251
251
251
254
254
254
254
254
254
254
254
254
254
254
254
254
254
254
254
254
254
254
254
254
254
254
254
254
254
254
254
254
254
254
254
254
254
254
254
254
254
254
254
254
254
254
254
254
254
254
254
254
254
254
254
254
254
254
254
254
254
254
254
254
254
254
254
254
254
254
254
254
254
254
254
254
254
254
254
254
254
254
254
254
254
254
254
254
254
254
254
254
254
254
254
254
254
254
254
254
254
254
254
254
254
254
254
254
254
254
254
253
254
254
253
254
254
253
255
255
253
255
255
253
255
255
253
255
255
253
254
254
251
254
253
251
253
252
253
253
253
252
252
252
250
248
249
248
245
247
252
248
250
237
231
233
101
93
95
28
20
21
19
11
12
23
12
14
48
32
34
74
57
58
55
35
36
42
16
18
40
9
11
51
12
15
48
6
7
56
8
10
65
10
13
67
7
10
70
5
7
71
4
6
72
2
3
73
0
2
74
0
2
75
0
1
76
0
2
76
0
3
76
0
4
76
0
4
76
0
4
76
0
4
76
0
4
76
0
4
76
0
4
76
0
4
76
0
4
76
0
4
76
0
4
76
0
4
76
0
4
76
0
4
76
0
4
76
0
4
76
0
4
76
0
4
76
0
4
20
1
172
19
1
172
17
0
174
16
0
176
14
0
177
11
0
179
10
0
179
8
0
177
8
2
173
7
1
166
6
1
155
9
4
147
20
16
146
29
25
143
23
18
126
9
4
100
11
7
93
6
4
84
40
12
34
63
26
34
88
47
54
113
70
73
132
83
85
138
85
84
136
78
71
131
65
58
129
61
51
140
68
56
148
74
61
152
76
64
153
77
65
151
77
64
152
77
67
152
79
70
148
77
69
142
72
64
126
76
79
107
74
85
86
58
70
56
34
49
28
16
35
19
12
42
16
13
58
11
7
70
6
2
82
14
4
106
28
10
136
36
13
159
37
12
172
26
3
172
18
0
173
14
1
176
11
5
177
10
8
178
18
6
180
32
3
178
29
4
162
27
10
140
19
9
103
18
16
78
20
22
58
70
75
95
81
85
96
34
36
44
13
12
25
15
11
30
27
19
46
33
21
52
23
12
42
12
4
29
9
2
23
15
8
26
21
15
31
11
8
23
21
19
34
22
19
34
12
9
24
5
4
18
3
2
15
6
3
18
12
10
25
14
11
27
28
25
40
4
3
16
5
3
17
15
12
27
29
26
41
32
29
44
23
20
35
19
18
32
27
25
40
36
31
43
34
28
41
27
21
35
19
12
29
14
7
25
13
6
25
12
6
26
11
5
27
9
2
25
7
5
24
13
9
32
32
27
50
64
59
82
104
100
122
137
135
155
141
141
158
90
90
106
32
32
48
17
13
48
16
10
50
17
10
49
14
7
45
11
2
41
14
3
46
16
5
55
17
7
67
11
6
73
9
6
81
9
7
87
11
8
90
15
11
90
18
14
81
12
9
58
6
4
32
25
18
33
126
119
125
215
212
213
250
250
250
250
250
250
249
249
249
250
250
250
251
251
251
252
252
252
253
253
253
253
253
253
254
254
254
254
254
254
254
254
254
254
254
254
254
254
254
254
254
254
254
254
254
254
254
254
254
254
254
251
251
251
248
248
248
255
255
255
255
255
255
247
247
247
241
241
241
244
244
244
239
239
239
239
239
239
248
248
248
249
249
249
244
244
244
254
254
254
248
248
248
247
247
247
251
251
251
254
254
254
252
252
252
252
252
252
254
254
254
254
254
254
254
254
254
254
254
254
254
254
254
254
254
254
254
254
254
254
254
254
254
254
254
254
254
254
254
254
254
254
254
254
254
254
254
254
254
254
254
254
254
254
254
254
254
254
254
254
254
254
254
254
254
254
254
254
254
254
254
254
254
254
254
254
254
254
254
254
254
254
254
254
254
254
254
254
254
254
254
254
254
254
254
254
254
254
254
254
254
254
254
254
254
254
254
254
254
254
254
254
254
254
254
254
253
254
254
253
255
255
254
255
255
254
255
255
255
255
255
255
254
254
255
251
252
254
250
251
254
250
251
252
248
248
253
249
250
249
246
248
243
240
242
253
252
253
240
238
240
181
182
183
33
32
33
14
15
16
15
15
16
92
88
89
211
205
206
215
209
210
210
194
195
145
122
124
104
73
76
66
28
30
53
9
11
58
7
9
66
9
12
69
7
8
70
4
6
71
1
2
72
0
1
74
0
2
75
0
1
76
0
1
77
1
3
76
0
4
76
0
4
76
0
4
76
0
4
76
0
4
76
0
4
76
0
4
76
0
4
76
0
4
76
0
4
76
0
4
76
0
4
76
0
4
76
0
4
76
0
4
76
0
4
76
0
4
76
0
4
76
0
4
20
1
172
19
1
172
17
0
174
15
1
176
13
1
177
12
0
178
10
0
179
8
0
177
8
2
173
4
0
162
15
11
164
17
13
154
16
13
141
17
14
129
15
11
113
3
0
91
4
0
82
5
1
80
79
42
62
121
73
79
144
92
98
148
94
97
137
78
79
129
63
63
139
65
63
153
75
72
159
77
72
159
73
66
162
73
68
167
76
72
167
76
72
162
72
68
158
69
67
157
70
69
155
67
69
149
63
65
117
60
59
107
73
70
113
86
81
85
66
59
34
24
19
7
5
9
2
4
25
1
1
45
3
0
69
17
6
105
35
14
144
42
16
170
41
12
182
27
0
181
18
0
179
14
1
178
10
5
176
8
8
174
18
7
179
35
3
186
37
9
174
33
13
149
12
1
99
4
1
66
2
4
44
82
85
107
107
109
123
44
43
56
14
10
27
21
12
39
16
2
39
12
0
36
16
0
41
20
2
44
18
2
40
15
1
34
17
5
34
30
28
48
103
101
121
157
154
174
89
87
106
24
24
42
6
6
24
9
7
26
2
2
20
9
7
26
2
2
20
15
13
32
20
19
38
8
7
25
80
79
98
149
147
167
123
121
140
52
50
69
5
3
23
12
1
23
19
6
31
23
10
35
22
10
35
21
7
34
20
7
34
21
9
37
22
10
38
21
9
37
27
17
42
19
11
35
10
5
25
8
4
21
21
16
32
49
45
59
85
81
93
103
102
112
100
99
110
36
32
51
48
42
63
89
81
103
109
100
120
101
90
112
97
84
110
77
64
97
53
42
86
17
8
63
8
1
65
6
1
70
4
0
70
5
1
67
6
3
58
8
2
43
14
7
29
42
35
41
161
153
150
232
229
226
251
251
251
249
249
249
249
249
249
250
250
250
251
251
251
252
252
252
253
253
253
253
253
253
254
254
254
254
254
254
254
254
254
254
254
254
254
254
254
254
254
254
254
254
254
254
254
254
254
254
254
254
254
254
253
253
253
247
247
247
254
254
254
254
254
254
243
243
243
250
250
250
251
251
251
245
245
245
245
245
245
250
250
250
254
254
254
237
237
237
251
251
251
254
254
254
243
243
243
243
243
243
254
254
254
254
254
254
254
254
254
254
254
254
254
254
254
254
254
254
254
254
254
254
254
254
254
254
254
254
254
254
254
254
254
254
254
254
254
254
254
254
254
254
254
254
254
254
254
254
254
254
254
254
254
254
254
254
254
254
254
254
254
254
254
254
254
254
254
254
254
254
254
254
254
254
254
254
254
254
254
254
254
254
254
254
254
254
254
254
254
254
254
254
254
254
254
254
254
254
254
254
254
254
254
254
254
254
254
254
254
254
254
254
254
254
252
255
255
252
255
255
254
255
255
255
255
255
255
254
254
255
252
253
255
250
251
254
248
249
255
247
248
254
247
249
254
247
250
254
249
252
253
251
253
250
249
251
235
237
238
225
229
230
40
42
43
3
9
9
3
9
9
89
92
92
215
215
216
223
218
219
255
252
254
250
231
233
208
182
184
123
89
91
65
24
26
53
4
7
64
9
12
68
7
8
70
4
6
71
1
2
72
0
1
75
0
1
76
0
1
77
0
1
78
1
3
76
0
4
76
0
4
76
0
4
76
0
4
76
0
4
76
0
4
76
0
4
76
0
4
76
0
4
76
0
4
76
0
4
76
0
4
76
0
4
76
0
4
76
0
4
76
0
4
76
0
4
76
0
4
76
0
4
12
0
182
11
1
178
11
1
176
11
1
174
11
2
173
11
2
174
10
1
176
9
0
181
8
0
185
11
1
187
11
0
179
22
7
172
33
13
158
42
19
136
46
20
106
34
5
60
32
2
27
99
64
77
148
86
75
153
84
66
148
79
60
149
80
58
154
85
59
153
85
56
150
81
48
152
82
47
158
87
51
156
84
47
156
82
47
158
82
49
161
82
53
163
82
55
165
81
57
167
80
62
169
81
65
171
82
69
153
80
68
142
82
74
132
77
72
90
45
43
33
3
3
56
39
43
16
12
32
7
7
57
3
3
92
15
12
141
24
19
178
16
12
179
10
11
168
11
16
152
12
19
145
13
12
150
18
4
167
24
0
187
28
1
192
29
2
179
27
2
171
35
13
165
17
2
128
11
3
103
5
1
74
22
21
71
100
101
131
168
171
184
117
120
119
59
60
53
61
60
50
73
69
61
71
64
60
47
36
38
62
48
56
98
81
93
82
66
82
19
11
32
82
74
94
152
144
163
136
127
146
83
73
92
34
26
44
16
7
26
21
9
32
16
4
27
27
13
39
29
13
44
23
9
38
21
5
39
35
16
54
52
31
73
56
33
77
42
16
63
31
6
54
31
26
45
28
22
43
16
11
31
16
10
32
14
9
33
12
6
32
20
12
42
13
5
35
23
14
46
17
8
39
10
4
33
11
4
32
17
10
38
23
16
42
20
14
37
8
3
23
1
0
16
4
0
19
13
5
13
20
10
18
48
38
49
83
73
90
103
93
115
111
100
128
106
96
127
53
46
76
20
16
42
20
17
41
18
15
36
21
17
36
30
26
43
21
15
33
19
9
30
50
39
65
183
169
198
230
216
245
245
238
251
249
249
249
249
249
249
250
250
250
251
251
251
252
252
252
252
252
252
253
253
253
253
253
253
253
253
253
254
254
254
254
254
254
254
254
254
254
254
254
254
254
254
254
254
254
254
254
254
254
254
254
254
254
254
254
254
254
254
254
254
254
254
254
254
254
254
254
254
254
254
254
254
254
254
254
254
254
254
254
254
254
254
254
254
254
254
254
254
254
254
254
254
254
254
254
254
254
254
254
254
254
254
254
254
254
254
254
254
254
254
254
254
254
254
254
254
254
254
254
254
254
254
254
254
254
254
254
254
254
254
254
254
254
254
254
254
254
254
254
254
254
254
254
254
254
254
254
254
254
254
254
254
254
254
254
254
254
254
254
254
254
254
254
254
254
254
254
254
254
254
254
254
254
254
254
254
254
254
254
254
254
254
254
254
254
254
254
254
254
254
254
254
254
254
254
254
254
254
254
254
254
254
254
254
254
254
254
254
254
254
254
254
254
254
254
254
252
254
255
252
254
255
252
254
255
252
254
255
253
254
255
254
253
255
254
253
255
255
253
255
255
254
254
254
254
254
254
254
254
252
252
252
250
250
250
251
254
252
250
253
251
249
253
251
58
64
60
5
11
6
29
19
24
49
30
40
58
44
52
109
97
105
171
164
171
225
222
226
230
226
228
218
211
214
111
97
100
39
14
17
43
7
10
54
8
11
61
5
9
64
0
3
67
0
1
74
2
5
77
3
7
76
3
6
74
1
3
73
0
2
73
0
2
73
0
2
75
0
2
75
0
3
75
0
3
75
0
3
75
0
3
76
0
3
77
0
4
77
0
4
79
0
4
79
0
4
79
0
4
79
0
4
79
0
4
79
0
4
80
0
4
76
0
4
12
1
181
11
1
178
11
1
176
11
1
174
11
2
173
10
2
174
10
1
176
9
0
181
8
0
185
9
0
185
13
2
182
24
10
176
32
15
160
35
15
134
35
12
100
28
1
59
40
10
42
110
78
95
142
79
78
148
77
71
150
78
71
154
83
72
156
85
71
152
82
63
146
75
53
150
79
54
159
87
61
159
86
60
159
84
58
161
82
58
162
81
59
162
79
60
163
77
62
164
75
64
164
74
65
164
73
66
149
78
67
143
88
76
119
70
62
52
11
10
42
13
12
135
121
126
50
46
70
10
10
62
8
6
101
15
11
146
16
9
172
10
4
177
6
5
168
9
13
156
12
17
149
13
11
155
17
4
172
24
0
192
28
1
196
27
3
183
26
4
175
37
18
175
21
8
143
22
13
125
14
9
98
5
3
66
20
20
63
51
53
84
66
69
87
80
84
94
154
155
163
177
175
184
143
139
152
79
72
89
65
56
77
100
88
114
103
91
118
12
8
26
12
7
27
9
5
22
10
5
21
17
13
26
47
43
56
72
66
81
58
53
66
21
17
28
13
4
20
29
20
37
37
27
45
29
18
39
18
7
29
13
3
25
18
6
30
27
11
38
35
18
48
44
40
49
45
42
52
35
31
43
32
28
41
25
20
35
15
9
26
17
11
29
6
1
19
14
6
28
17
10
31
14
9
27
18
12
30
28
22
39
37
32
47
35
31
44
22
18
30
10
7
17
10
7
15
12
8
9
24
19
21
25
20
26
15
11
20
7
4
17
13
8
28
12
8
31
8
6
28
26
24
44
26
25
42
15
16
29
10
11
21
11
11
19
9
6
13
28
24
32
68
62
73
195
187
200
243
235
246
251
248
251
249
249
249
249
249
249
250
250
250
251
251
251
252
252
252
252
252
252
253
253
253
253
253
253
253
253
253
254
254
254
254
254
254
254
254
254
254
254
254
254
254
254
254
254
254
254
254
254
254
254
254
254
254
254
254
254
254
254
254
254
254
254
254
254
254
254
254
254
254
254
254
254
254
254
254
254
254
254
254
254
254
254
254
254
254
254
254
254
254
254
254
254
254
254
254
254
254
254
254
254
254
254
254
254
254
254
254
254
254
254
254
254
254
254
254
254
254
254
254
254
254
254
254
254
254
254
254
254
254
254
254
254
254
254
254
254
254
254
254
254
254
254
254
254
254
254
254
254
254
254
254
254
254
254
254
254
254
254
254
254
254
254
254
254
254
254
254
254
254
254
254
254
254
254
254
254
254
254
254
254
254
254
254
254
254
254
254
254
254
254
254
254
254
254
254
254
254
254
254
254
254
254
254
254
254
254
254
254
254
254
254
254
254
254
254
254
252
254
255
252
254
255
252
254
255
253
253
255
254
253
255
254
253
255
254
253
255
254
253
255
254
254
254
252
252
252
253
253
253
253
253
253
251
252
251
251
254
252
251
254
252
246
250
248
117
122
118
28
34
29
12
4
8
20
5
15
18
7
15
15
6
14
8
4
9
160
159
164
224
222
227
249
246
249
151
139
141
58
33
36
38
3
6
51
4
7
59
4
7
66
0
4
70
1
3
75
3
5
76
4
5
75
2
3
73
0
2
73
0
2
73
0
2
73
0
2
74
0
2
74
0
2
75
0
3
75
0
3
75
0
3
76
0
3
77
0
4
77
0
4
78
0
4
79
0
4
79
0
4
79
0
4
79
0
4
79
0
4
78
0
4
76
0
4
11
0
180
11
0
178
11
1
176
12
1
174
12
1
173
11
1
174
10
1
176
9
0
180
8
0
184
8
0
184
14
5
183
24
13
178
30
17
162
31
15
136
27
9
101
21
1
62
38
12
51
95
67
93
136
75
87
141
70
78
136
65
71
136
66
70
142
71
71
147
76
72
147
76
68
148
76
64
151
79
64
154
80
65
156
80
65
158
79
64
159
77
64
160
76
65
161
75
67
162
73
67
161
71
67
160
70
67
142
77
65
132
86
70
107
64
56
42
7
6
31
7
9
92
81
91
26
25
52
10
12
70
9
8
107
11
6
145
10
3
171
6
0
177
5
1
172
7
10
162
11
14
155
12
9
160
17
3
176
23
0
195
25
1
199
21
3
185
19
3
178
31
17
180
14
4
149
14
7
134
19
16
124
15
14
100
8
9
78
4
5
63
1
2
49
5
6
46
30
32
70
42
42
81
44
42
84
18
17
60
3
0
46
7
0
50
6
1
47
5
5
29
27
27
50
23
23
44
24
22
42
47
47
64
114
114
129
175
176
188
177
177
187
138
138
146
92
93
100
54
54
59
37
37
42
33
33
37
28
28
33
22
21
26
18
15
22
19
16
23
23
19
27
19
20
21
23
24
26
19
19
23
21
20
26
18
16
25
14
11
21
17
15
26
6
4
15
10
7
19
8
5
18
4
3
14
7
5
15
14
12
23
22
20
29
22
21
28
15
15
20
12
12
15
15
16
17
16
17
16
22
23
24
18
18
23
11
12
20
13
14
27
14
14
32
9
9
26
10
12
31
2
4
20
3
5
18
4
6
15
11
13
18
22
27
27
25
29
26
24
25
22
13
13
8
137
135
131
219
217
213
247
246
244
250
250
250
250
250
250
251
251
251
251
251
251
252
252
252
253
253
253
253
253
253
253
253
253
254
254
254
254
254
254
254
254
254
254
254
254
254
254
254
254
254
254
254
254
254
254
254
254
254
254
254
254
254
254
254
254
254
254
254
254
254
254
254
254
254
254
254
254
254
254
254
254
254
254
254
254
254
254
254
254
254
254
254
254
254
254
254
254
254
254
254
254
254
254
254
254
254
254
254
254
254
254
254
254
254
254
254
254
254
254
254
254
254
254
254
254
254
254
254
254
254
254
254
254
254
254
254
254
254
254
254
254
254
254
254
254
254
254
254
254
254
254
254
254
254
254
254
254
254
254
254
254
254
254
254
254
254
254
254
254
254
254
254
254
254
254
254
254
254
254
254
254
254
254
254
254
254
254
254
254
254
254
254
254
254
254
254
254
254
254
254
254
254
254
254
254
254
254
254
254
254
254
254
254
254
254
254
254
254
254
254
254
254
254
254
254
253
253
255
253
253
255
253
253
255
253
253
255
254
253
255
254
253
255
254
253
255
254
253
255
254
254
254
250
250
250
252
252
252
253
253
253
250
251
250
251
253
251
246
249
247
242
245
243
150
154
150
41
45
41
9
3
7
23
10
22
25
17
27
7
2
11
19
19
25
57
59
65
164
164
168
229
224
227
192
179
182
100
76
79
38
3
5
49
3
5
59
2
4
65
1
2
70
1
2
74
2
3
75
2
2
74
1
1
74
1
1
75
2
4
74
1
3
73
0
2
72
0
1
73
0
2
74
0
3
76
0
4
76
1
5
77
1
5
77
0
4
77
0
4
77
0
4
78
0
4
79
0
4
79
0
4
79
0
4
79
0
4
78
0
4
76
0
4
11
0
179
11
0
176
12
0
175
13
1
174
13
1
173
12
1
173
11
1
176
10
0
180
7
0
183
6
0
183
12
4
181
17
9
174
24
15
162
29
17
141
25
11
108
15
0
69
22
3
51
48
26
62
120
64
88
138
73
93
139
73
91
140
75
89
141
76
87
141
76
82
141
75
75
145
78
75
152
84
78
150
81
72
150
78
68
151
77
67
152
77
67
155
76
68
157
76
69
158
76
70
156
73
69
155
71
67
136
80
67
120
84
70
105
69
65
69
39
44
35
15
27
28
19
40
18
17
54
34
35
101
26
25
130
16
10
154
11
3
176
8
0
185
7
1
181
8
9
170
10
11
163
11
8
166
15
2
179
20
0
196
19
0
197
12
1
184
14
2
181
28
19
188
19
13
169
9
5
148
18
16
144
23
22
137
20
22
125
18
21
114
24
26
109
29
29
107
23
25
102
3
3
79
8
6
84
5
4
81
1
0
79
2
0
80
3
2
76
14
12
59
16
15
58
22
21
63
19
20
58
28
28
63
48
49
79
70
71
97
80
84
105
76
79
98
60
66
79
31
36
45
18
21
29
24
29
35
52
59
64
92
99
103
116
122
125
95
99
103
42
46
50
36
36
48
30
29
42
24
23
37
41
40
55
72
70
86
104
101
120
129
126
146
114
111
131
99
96
116
91
88
108
82
79
99
72
69
89
61
58
77
47
45
62
30
28
44
13
12
27
7
6
19
10
9
23
50
54
68
87
91
108
85
88
108
61
64
87
50
53
79
53
55
85
39
41
72
57
60
93
85
87
117
54
57
82
20
23
44
8
11
26
12
16
24
21
25
26
28
30
28
9
11
4
130
131
121
219
220
209
249
249
244
250
250
250
250
250
250
251
251
251
251
251
251
253
253
253
253
253
253
254
254
254
254
254
254
254
254
254
254
254
254
254
254
254
254
254
254
254
254
254
254
254
254
254
254
254
254
254
254
254
254
254
254
254
254
254
254
254
254
254
254
254
254
254
254
254
254
254
254
254
254
254
254
254
254
254
254
254
254
254
254
254
254
254
254
254
254
254
254
254
254
254
254
254
254
254
254
254
254
254
254
254
254
254
254
254
254
254
254
254
254
254
254
254
254
254
254
254
254
254
254
254
254
254
254
254
254
254
254
254
254
254
254
254
254
254
254
254
254
254
254
254
254
254
254
254
254
254
254
254
254
254
254
254
254
254
254
254
254
254
254
254
254
254
254
254
254
254
254
254
254
254
254
254
254
254
254
254
254
254
254
254
254
254
254
254
254
254
254
254
254
254
254
254
254
254
254
254
254
254
254
254
254
254
254
254
254
254
254
254
254
254
254
254
254
254
254
254
253
255
254
253
255
254
253
255
254
253
255
254
253
255
254
253
255
254
253
255
254
253
255
254
254
254
251
251
251
252
252
252
252
252
252
250
250
249
253
254
252
244
246
244
245
246
244
137
140
136
37
40
36
7
3
8
15
7
19
15
10
21
4
3
12
16
17
26
2
3
8
91
92
97
192
188
191
210
197
200
129
105
108
44
9
11
53
7
8
61
4
5
67
2
2
71
1
1
74
1
0
75
2
0
76
3
0
76
3
2
74
3
4
73
2
3
72
1
2
72
0
1
72
0
2
73
0
3
75
0
4
77
0
5
77
1
5
76
0
4
77
0
4
77
0
4
77
0
4
77
0
4
78
0
4
79
0
4
79
0
4
78
0
4
76
0
4
12
0
178
11
0
176
12
0
175
14
0
174
14
1
173
14
1
173
12
0
175
10
0
178
7
0
181
4
0
180
6
2
177
6
2
166
14
9
157
23
17
144
22
13
118
12
1
83
13
0
61
11
2
46
51
12
37
74
23
47
95
43
66
119
67
87
136
84
100
142
90
101
138
84
90
127
73
73
123
66
64
133
76
70
140
80
71
141
79
69
141
78
68
143
78
68
146
80
70
148
79
69
145
74
66
142
71
62
129
83
73
110
82
77
85
58
65
49
25
44
17
4
29
12
4
41
23
22
72
28
30
105
29
27
138
22
15
164
13
4
182
11
0
191
10
0
188
10
7
176
12
11
169
11
6
169
13
2
179
16
0
194
16
1
196
9
1
185
9
1
181
17
10
184
24
17
183
13
8
166
14
11
161
17
16
156
18
17
149
19
19
145
26
25
145
19
18
135
24
24
136
15
14
125
24
22
133
22
21
131
15
14
125
17
16
127
27
24
130
28
20
103
5
0
78
9
3
82
9
4
78
17
14
84
12
10
72
1
1
57
4
5
58
9
12
60
9
12
55
1
4
43
1
5
40
2
7
40
10
14
44
23
25
52
31
33
59
25
28
54
9
12
39
14
10
53
13
9
54
7
6
47
13
10
54
25
20
67
39
34
82
54
48
98
40
35
84
30
27
74
30
25
74
28
23
72
26
20
69
23
17
66
18
13
59
10
7
51
3
3
43
4
1
44
9
6
49
16
15
64
27
28
79
25
26
78
16
16
68
13
13
68
15
15
76
11
12
72
17
16
78
24
24
83
17
16
71
8
7
57
7
6
48
9
8
42
3
2
26
7
5
22
17
16
23
144
144
143
217
217
212
245
245
242
251
251
251
251
251
251
251
251
251
252
252
252
253
253
253
254
254
254
254
254
254
254
254
254
254
254
254
254
254
254
254
254
254
254
254
254
254
254
254
254
254
254
254
254
254
254
254
254
254
254
254
254
254
254
254
254
254
254
254
254
254
254
254
254
254
254
254
254
254
254
254
254
254
254
254
254
254
254
254
254
254
254
254
254
254
254
254
254
254
254
254
254
254
254
254
254
254
254
254
254
254
254
254
254
254
254
254
254
254
254
254
254
254
254
254
254
254
254
254
254
254
254
254
254
254
254
254
254
254
254
254
254
254
254
254
254
254
254
254
254
254
254
254
254
254
254
254
254
254
254
254
254
254
254
254
254
254
254
254
254
254
254
254
254
254
254
254
254
254
254
254
254
254
254
254
254
254
254
254
254
254
254
254
254
254
254
254
254
254
254
254
254
254
254
254
254
254
254
254
254
254
254
254
254
254
254
254
254
254
254
254
254
254
254
254
254
253
252
254
254
252
255
254
253
255
254
253
255
254
253
255
254
253
255
254
253
255
254
253
255
254
254
254
252
252
252
252
252
252
252
252
252
250
250
250
254
254
253
249
250
248
253
253
252
124
126
122
38
40
36
9
7
12
13
9
21
18
17
28
10
12
21
6
12
19
15
20
25
31
33
38
119
115
118
175
162
164
128
104
105
52
16
17
59
11
11
65
7
7
71
6
5
76
5
3
76
4
1
78
5
0
81
7
2
79
6
3
71
1
2
71
1
2
71
1
2
71
1
2
72
0
3
73
0
3
73
0
3
74
0
3
75
0
3
76
0
4
76
0
4
77
0
4
77
0
4
77
0
4
77
0
4
78
0
4
79
0
4
78
0
4
76
0
4
12
1
177
13
0
176
14
0
175
15
1
174
16
1
173
16
1
173
14
0
175
11
0
177
9
0
180
3
0
177
4
2
176
2
1
165
9
9
158
20
18
150
21
16
130
17
11
104
28
18
95
14
3
71
44
13
55
46
10
45
41
4
36
44
7
35
60
22
46
86
49
68
117
80
94
143
104
112
154
114
117
133
92
91
123
80
76
123
79
73
126
79
71
129
81
73
133
84
74
135
84
74
133
80
70
130
76
66
111
77
77
92
70
84
64
42
70
22
1
43
16
1
51
26
16
75
15
14
80
19
19
105
27
24
140
23
16
166
13
3
181
10
0
191
9
0
189
9
4
179
9
9
170
9
6
169
11
3
177
14
0
188
14
0
190
9
1
180
7
0
176
2
0
170
8
1
173
9
2
171
10
3
169
13
7
169
15
9
167
14
8
161
11
6
156
8
2
150
27
22
166
19
15
157
12
9
148
10
7
145
8
5
143
13
10
147
28
24
157
35
22
148
37
26
150
34
23
144
22
10
128
18
7
121
15
6
115
11
4
107
10
4
102
10
5
97
0
0
85
5
2
86
6
3
84
4
1
79
2
0
77
4
0
76
4
1
74
3
1
73
9
5
79
11
0
90
20
9
99
18
7
97
14
3
94
7
1
87
4
0
84
11
1
92
6
0
89
9
0
91
8
0
91
7
0
89
6
0
87
8
0
88
10
0
91
12
1
92
11
1
91
11
0
90
13
2
92
6
0
94
3
0
94
12
7
103
20
12
113
15
8
110
6
0
103
12
3
108
10
0
105
8
0
101
13
3
102
14
2
96
18
5
91
21
10
83
9
1
58
18
9
55
61
54
87
194
189
210
242
237
248
252
249
252
251
251
251
251
251
251
252
252
252
252
252
252
253
253
253
254
254
254
255
255
255
255
255
255
254
254
254
254
254
254
254
254
254
254
254
254
254
254
254
254
254
254
254
254
254
254
254
254
254
254
254
254
254
254
254
254
254
254
254
254
254
254
254
254
254
254
254
254
254
254
254
254
254
254
254
254
254
254
254
254
254
254
254
254
254
254
254
254
254
254
254
254
254
254
254
254
254
254
254
254
254
254
254
254
254
254
254
254
254
254
254
254
254
254
254
254
254
254
254
254
254
254
254
254
254
254
254
254
254
254
254
254
254
254
254
254
254
254
254
254
254
254
254
254
254
254
254
254
254
254
254
254
254
254
254
254
254
254
254
254
254
254
254
254
254
254
254
254
254
254
254
254
254
254
254
254
254
254
254
254
254
254
254
254
254
254
254
254
254
254
254
254
254
254
254
254
254
254
254
254
254
254
254
254
254
254
254
254
254
254
254
254
254
254
254
254
255
252
254
255
252
254
255
252
254
254
253
255
254
253
255
254
253
255
254
253
255
254
253
255
252
254
254
252
253
253
253
253
253
253
253
253
251
252
251
250
251
249
255
255
254
255
253
252
142
141
138
49
48
44
10
8
12
12
9
20
18
16
27
1
2
10
7
10
18
1
1
6
1
1
4
69
64
67
136
121
123
113
86
87
50
12
11
57
7
7
65
5
5
74
7
4
79
7
3
79
5
1
79
5
0
82
8
1
79
8
3
69
1
2
70
2
3
74
4
5
75
5
6
75
4
7
74
3
6
74
1
5
73
0
3
74
0
3
76
0
4
76
0
4
76
0
4
77
0
4
77
0
4
77
0
4
77
0
4
77
0
4
77
0
4
76
0
4
11
0
176
12
0
175
14
0
175
16
0
174
17
1
173
17
1
174
15
0
175
13
0
177
9
1
178
4
1
176
5
4
175
3
4
167
11
13
165
21
22
160
21
20
143
21
18
126
41
34
131
32
24
114
40
22
88
43
23
80
41
21
77
36
16
69
29
8
57
24
4
48
25
4
43
28
5
39
30
7
35
48
24
48
57
31
51
58
30
48
61
32
46
67
35
48
72
40
51
76
42
53
74
39
51
73
37
48
49
25
51
40
23
68
43
23
83
32
12
88
47
28
115
34
23
108
6
4
88
20
20
116
21
18
137
16
8
156
13
2
175
11
0
186
10
0
186
7
3
175
7
7
166
8
8
165
9
6
170
11
4
177
11
2
178
13
2
175
17
7
179
13
3
176
12
1
174
16
2
178
14
1
176
14
1
176
14
1
176
14
2
175
18
5
177
13
0
170
23
11
178
17
5
170
12
2
164
20
12
171
22
14
171
15
8
164
13
5
161
15
0
160
24
6
167
20
3
163
29
12
168
26
10
163
24
9
159
22
8
154
21
7
151
36
21
163
29
16
153
36
23
158
35
21
156
31
17
152
32
18
152
32
19
153
30
16
150
28
12
147
36
20
154
31
17
156
33
20
159
28
15
154
24
11
150
22
8
147
24
11
149
33
20
158
28
15
153
26
13
151
34
21
159
30
17
155
25
11
150
22
9
148
23
10
149
26
12
152
27
13
153
24
11
150
22
8
147
27
13
155
23
9
151
23
8
151
23
8
152
19
3
148
25
9
155
35
18
165
21
2
150
24
4
151
31
10
155
35
13
151
45
23
151
53
32
146
35
16
113
16
4
79
34
20
78
167
157
201
226
218
246
246
242
252
250
250
250
250
250
250
251
251
251
252
252
252
253
253
253
254
254
254
255
255
255
255
255
255
255
255
255
254
254
254
254
254
254
254
254
254
254
254
254
254
254
254
254
254
254
254
254
254
254
254
254
254
254
254
254
254
254
254
254
254
254
254
254
254
254
254
254
254
254
254
254
254
254
254
254
254
254
254
254
254
254
254
254
254
254
254
254
254
254
254
254
254
254
254
254
254
254
254
254
254
254
254
254
254
254
254
254
254
254
254
254
254
254
254
254
254
254
254
254
254
254
254
254
254
254
254
254
254
254
254
254
254
254
254
254
254
254
254
254
254
254
254
254
254
254
254
254
254
254
254
254
254
254
254
254
254
254
254
254
254
254
254
254
254
254
254
254
254
254
254
254
254
254
254
254
254
254
254
254
254
254
254
254
254
254
254
254
254
254
254
254
254
254
254
254
254
254
254
254
254
254
254
254
254
254
254
254
254
254
254
254
254
254
254
254
254
255
252
254
255
252
254
255
252
254
255
253
255
254
253
255
254
253
255
252
254
255
252
254
255
252
254
254
250
252
252
252
253
253
254
254
254
252
251
251
246
244
243
255
255
254
251
247
246
162
156
154
54
48
46
11
5
10
12
5
17
15
10
21
15
13
22
13
14
21
50
52
57
80
75
80
103
92
95
70
51
52
41
11
12
44
3
3
53
2
2
64
2
2
75
5
2
79
6
2
77
3
1
77
3
0
79
6
0
78
7
3
74
6
7
75
8
9
74
7
7
77
9
10
78
8
11
79
8
11
78
7
10
75
3
7
75
1
5
74
0
4
75
0
4
76
0
4
76
0
4
77
0
4
77
0
4
77
0
4
77
0
4
77
0
4
76
0
4
10
1
175
11
1
175
14
0
175
16
0
174
19
0
175
20
0
176
18
0
176
15
0
176
10
0
176
9
3
178
4
3
171
1
2
164
7
9
163
14
17
160
14
16
148
19
16
139
40
35
148
43
36
144
43
32
130
45
33
128
44
33
126
39
27
117
33
19
106
30
16
99
32
17
95
27
12
85
19
6
72
20
3
67
20
2
63
21
2
60
22
2
56
24
2
53
25
2
52
26
2
51
27
3
52
28
3
52
24
6
66
30
15
90
43
25
116
49
29
137
46
26
142
30
16
126
11
6
107
8
6
109
17
14
132
17
10
151
11
1
165
12
0
180
11
0
182
6
0
170
7
5
161
10
11
162
11
11
166
9
6
169
11
2
169
17
2
169
17
2
169
17
2
171
17
1
173
17
0
176
18
0
177
19
0
179
19
0
181
19
0
181
19
0
181
18
1
180
18
1
179
18
2
176
18
3
174
18
4
173
18
5
171
18
5
170
18
4
170
18
0
176
21
3
177
18
1
173
17
1
172
19
3
173
19
3
172
19
2
169
20
4
170
27
11
176
23
4
170
26
7
173
26
7
174
24
4
172
23
2
171
24
3
173
26
4
175
26
4
176
23
1
173
16
5
170
16
5
169
16
5
169
16
5
169
16
5
169
16
5
169
16
6
168
16
6
168
16
6
168
17
6
169
16
6
168
16
5
168
16
6
169
17
7
171
19
8
173
19
8
173
18
7
172
17
6
171
21
4
171
22
5
170
22
5
169
21
5
169
21
5
168
21
4
168
21
3
168
23
2
170
24
1
169
28
4
171
32
7
168
40
14
164
46
21
156
36
14
130
34
17
109
24
11
79
137
127
178
212
205
238
243
240
252
249
249
249
248
248
248
249
249
249
252
252
252
255
255
255
255
255
255
255
255
255
255
255
255
254
254
254
254
254
254
254
254
254
254
254
254
254
254
254
254
254
254
254
254
254
254
254
254
254
254
254
254
254
254
254
254
254
254
254
254
254
254
254
254
254
254
254
254
254
254
254
254
254
254
254
254
254
254
254
254
254
254
254
254
254
254
254
254
254
254
254
254
254
254
254
254
254
254
254
254
254
254
254
254
254
254
254
254
254
254
254
254
254
254
254
254
254
254
254
254
254
254
254
254
254
254
254
254
254
254
254
254
254
254
254
254
254
254
254
254
254
254
254
254
254
254
254
254
254
254
254
254
254
254
254
254
254
254
254
254
254
254
254
254
254
254
254
254
254
254
254
254
254
254
254
254
254
254
254
254
254
254
254
254
254
254
254
254
254
254
254
254
254
254
254
254
254
254
254
254
254
254
254
254
254
254
254
254
254
254
254
254
254
254
254
254
255
252
254
255
252
254
255
252
254
255
253
255
254
253
255
253
253
255
252
254
255
251
254
255
251
254
254
248
251
251
249
250
250
252
252
252
251
250
250
247
246
245
253
251
250
255
251
250
129
121
119
42
33
32
23
10
16
23
9
21
16
4
14
23
13
22
43
35
41
185
178
182
179
167
170
105
87
90
57
31
32
45
9
10
53
5
6
64
7
6
73
8
7
78
5
3
77
3
0
76
2
0
77
4
0
80
7
1
79
9
5
76
10
11
82
16
17
66
0
0
84
17
18
82
13
16
78
9
11
76
6
9
73
3
6
71
1
3
73
0
4
74
0
4
75
0
4
76
0
4
76
0
4
76
0
4
76
0
4
76
0
4
76
0
4
76
0
4
10
1
174
11
1
174
14
1
174
17
0
175
20
0
175
21
0
176
20
0
176
18
0
176
12
0
175
8
1
173
11
8
176
8
9
172
5
8
164
7
11
159
22
23
165
55
53
188
102
96
219
110
101
216
40
30
164
27
16
154
30
19
155
30
18
153
28
16
148
29
17
145
33
21
145
33
19
139
28
15
131
27
12
125
27
12
121
28
13
119
30
13
117
31
13
114
32
13
112
33
14
111
33
13
110
33
13
110
30
15
111
32
18
123
39
21
142
43
20
157
41
18
161
26
10
140
5
1
111
2
1
105
14
12
124
19
13
145
18
7
161
18
4
175
16
2
179
11
2
171
9
6
161
10
10
160
9
9
161
6
5
163
11
3
164
21
3
166
21
3
167
21
2
168
21
1
171
20
0
174
20
0
176
21
0
179
22
0
180
22
0
182
22
0
183
22
0
182
21
1
180
20
1
178
20
1
177
20
2
175
20
3
173
19
3
172
18
3
171
14
2
172
17
5
175
14
1
171
13
1
170
15
3
172
15
3
171
15
1
169
16
2
171
23
9
179
20
2
175
22
4
179
22
3
181
21
1
181
21
0
182
23
0
185
24
0
188
24
0
189
22
0
188
12
5
177
12
5
176
12
5
176
12
5
176
12
6
175
12
6
175
12
6
174
12
6
174
12
6
174
13
7
175
12
6
174
11
5
173
11
4
173
12
6
175
15
8
178
17
9
180
17
10
181
17
9
181
19
4
176
20
3
173
20
4
172
20
5
171
21
6
170
21
7
171
22
7
173
25
7
176
27
6
179
31
7
179
31
6
173
35
10
167
40
16
158
32
12
131
43
28
121
15
6
71
93
89
135
195
193
223
243
243
254
252
252
252
251
251
251
251
251
251
253
253
253
255
255
255
255
255
255
255
255
255
254
254
254
254
254
254
254
254
254
254
254
254
254
254
254
254
254
254
254
254
254
254
254
254
254
254
254
254
254
254
254
254
254
254
254
254
254
254
254
254
254
254
254
254
254
254
254
254
254
254
254
254
254
254
254
254
254
254
254
254
254
254
254
254
254
254
254
254
254
254
254
254
254
254
254
254
254
254
254
254
254
254
254
254
254
254
254
254
254
254
254
254
254
254
254
254
254
254
254
254
254
254
254
254
254
254
254
254
254
254
254
254
254
254
254
254
254
254
254
254
254
254
254
254
254
254
254
254
254
254
254
254
254
254
254
254
254
254
254
254
254
254
254
254
254
254
254
254
254
254
254
254
254
254
254
254
254
254
254
254
254
254
254
254
254
254
254
254
254
254
254
254
254
254
254
254
254
254
254
254
254
254
254
254
254
254
254
254
254
254
254
254
254
254
254
255
252
254
255
252
254
255
252
254
255
253
255
253
253
255
252
254
255
251
254
255
250
254
255
250
255
254
251
254
254
248
249
249
249
248
248
255
254
254
254
253
252
249
242
242
255
251
251
83
73
71
36
24
22
47
27
32
44
20
29
24
3
10
36
16
23
71
54
59
133
117
120
109
89
92
60
36
37
49
16
17
54
11
12
58
4
5
68
6
6
77
6
7
79
4
3
76
2
0
76
2
0
77
4
0
79
7
2
77
8
5
73
8
9
82
16
17
84
18
19
181
136
137
185
134
136
116
54
56
75
8
10
71
3
4
72
2
4
72
1
4
73
1
4
74
0
4
75
0
4
75
0
4
76
0
4
76
0
4
76
0
4
76
0
4
76
0
4
9
2
173
10
2
173
14
1
173
18
0
174
21
0
176
22
0
176
22
0
176
20
0
176
16
1
173
10
1
172
16
13
180
14
14
178
7
9
168
5
7
162
20
19
170
61
57
204
114
105
247
122
112
249
32
24
186
14
3
174
18
5
176
18
5
174
16
4
171
18
5
170
22
9
171
25
11
170
25
9
166
26
10
165
28
12
164
29
13
163
31
14
161
33
15
159
33
15
157
34
14
156
33
14
155
33
13
154
29
16
143
27
16
143
29
12
156
32
10
169
36
12
174
27
10
154
6
1
116
1
0
102
13
11
116
22
17
137
24
14
156
23
9
171
22
5
177
17
4
172
13
6
165
12
8
162
9
6
163
6
4
164
12
3
165
22
3
166
22
2
167
22
2
169
20
1
170
20
1
172
20
0
174
21
0
177
21
0
178
22
0
179
22
0
180
21
0
180
21
1
178
21
1
177
20
1
175
20
1
174
20
2
173
20
2
172
18
3
170
12
6
165
14
8
167
11
5
164
10
4
163
13
5
165
13
5
164
11
2
163
13
3
166
20
10
174
18
5
173
19
5
175
19
3
177
19
2
179
20
1
181
20
0
183
21
0
185
21
0
187
21
0
187
13
8
176
13
8
175
13
8
175
13
9
174
13
9
174
13
9
173
13
10
172
13
11
171
13
11
171
11
9
170
10
8
169
9
7
168
9
6
169
9
6
171
11
7
172
10
6
173
9
4
171
7
2
170
13
2
169
15
2
168
15
3
167
16
5
165
17
7
164
18
8
166
19
9
168
22
8
173
24
7
176
27
6
176
25
3
169
27
6
163
33
13
153
27
11
128
49
39
127
6
4
61
51
53
88
181
187
208
244
246
254
252
252
252
250
250
250
250
250
250
252
252
252
253
253
253
254
254
254
254
254
254
253
253
253
253
253
253
254
254
254
254
254
254
254
254
254
254
254
254
254
254
254
254
254
254
254
254
254
254
254
254
254
254
254
254
254
254
254
254
254
254
254
254
254
254
254
254
254
254
254
254
254
254
254
254
254
254
254
254
254
254
254
254
254
254
254
254
254
254
254
254
254
254
254
254
254
254
254
254
254
254
254
254
254
254
254
254
254
254
254
254
254
254
254
254
254
254
254
254
254
254
254
254
254
254
254
254
254
254
254
254
254
254
254
254
254
254
254
254
254
254
254
254
254
254
254
254
254
254
254
254
254
254
254
254
254
254
254
254
254
254
254
254
254
254
254
254
254
254
254
254
254
254
254
254
254
254
254
254
254
254
254
254
254
254
254
254
254
254
254
254
254
254
254
254
254
254
254
254
254
254
254
254
254
254
254
254
254
254
254
254
254
254
254
254
254
255
252
254
255
252
254
255
252
254
255
253
255
254
253
255
252
254
255
250
254
255
250
254
255
250
255
254
250
254
254
249
251
251
250
250
250
254
253
253
251
247
246
251
242
242
255
245
246
66
52
51
34
18
17
48
20
23
56
18
26
51
16
23
40
8
13
41
14
16
36
7
10
50
19
21
42
7
9
63
20
22
72
20
21
63
4
5
72
4
6
78
4
5
79
2
3
77
0
1
76
1
0
76
3
1
77
6
3
77
9
7
77
13
13
76
11
12
78
13
14
190
136
137
189
132
134
113
49
52
71
4
6
71
3
6
77
7
10
72
1
4
72
1
4
74
0
4
74
0
4
74
0
4
75
0
4
76
0
4
76
0
4
76
0
4
76
0
4
6
3
172
9
2
173
12
1
173
17
0
175
21
0
176
23
0
176
24
0
176
22
0
176
18
0
173
9
0
167
11
7
172
11
9
173
10
10
171
7
7
166
4
2
161
13
8
165
35
25
183
30
16
175
15
3
182
13
1
186
15
1
187
15
1
186
13
0
183
12
0
181
15
1
182
16
1
181
15
1
179
15
1
176
15
1
174
17
2
174
18
2
173
19
2
172
20
2
170
19
2
169
18
2
166
17
2
165
18
8
153
18
9
150
19
4
163
24
2
177
32
9
184
29
11
163
7
1
119
1
0
96
9
9
101
21
18
124
27
17
147
25
10
163
24
5
175
20
5
176
18
6
171
13
5
168
10
4
168
9
3
170
13
2
170
19
2
169
19
2
170
19
2
170
19
1
171
19
1
172
19
0
173
19
0
173
19
0
174
19
0
175
18
1
176
18
1
176
18
2
175
18
2
174
18
2
173
18
2
173
18
2
172
18
3
171
17
4
169
11
7
162
13
9
164
10
6
161
9
5
160
11
7
162
11
6
161
10
4
159
11
4
161
18
11
169
19
8
169
17
6
169
17
5
171
19
4
173
19
3
175
19
2
176
18
1
177
18
0
179
19
0
180
14
9
173
14
9
171
14
9
171
14
10
170
14
10
169
14
11
168
14
12
167
14
12
166
14
12
166
14
12
165
14
12
167
15
12
167
15
13
169
16
13
171
16
12
172
14
9
170
8
4
165
5
0
164
12
0
165
13
1
165
13
3
163
13
5
161
14
6
160
14
7
159
15
7
163
17
4
166
19
3
170
22
3
174
22
1
170
25
5
164
29
11
155
24
11
131
47
40
129
1
1
57
23
30
61
163
174
189
236
241
246
248
248
248
247
247
247
246
246
246
247
247
247
250
250
250
253
253
253
254
254
254
254
254
254
254
254
254
254
254
254
254
254
254
254
254
254
254
254
254
254
254
254
254
254
254
254
254
254
254
254
254
254
254
254
254
254
254
254
254
254
254
254
254
254
254
254
254
254
254
254
254
254
254
254
254
254
254
254
254
254
254
254
254
254
254
254
254
254
254
254
254
254
254
254
254
254
254
254
254
254
254
254
254
254
254
254
254
254
254
254
254
254
254
254
254
254
254
254
254
254
254
254
254
254
254
254
254
254
254
254
254
254
254
254
254
254
254
254
254
254
254
254
254
254
254
254
254
254
254
254
254
254
254
254
254
254
254
254
254
254
254
254
254
254
254
254
254
254
254
254
254
254
254
254
254
254
254
254
254
254
254
254
254
254
254
254
254
254
254
254
254
254
254
254
254
254
254
254
254
254
254
254
254
254
254
254
254
254
254
254
254
254
254
254
254
254
255
252
254
255
252
254
255
252
254
253
253
255
252
254
255
250
254
255
250
254
255
249
254
255
249
255
254
247
252
251
249
251
251
253
251
252
253
248
249
250
241
241
254
242
242
198
182
183
59
42
41
36
18
17
56
19
21
63
12
17
50
3
6
43
2
3
55
14
17
45
3
6
59
16
18
51
5
7
56
5
6
64
5
7
69
3
5
75
1
5
80
1
4
81
0
3
78
0
2
76
0
2
74
2
2
73
4
4
72
5
4
71
7
7
81
17
17
66
2
2
93
28
29
83
18
19
70
5
6
70
5
6
73
6
8
70
1
4
70
1
4
72
1
4
72
1
4
74
0
4
74
0
4
74
0
4
75
0
4
76
0
4
76
0
4
76
0
4
6
3
172
8
2
173
11
1
173
17
0
175
22
0
176
25
1
177
26
0
177
25
0
176
20
1
172
13
0
167
6
0
164
3
0
163
10
7
170
16
12
176
15
8
174
12
3
170
22
9
179
15
1
170
13
0
179
13
0
182
13
1
182
13
1
182
13
0
182
13
1
181
13
1
181
14
0
180
14
0
178
16
2
180
17
4
180
17
4
180
17
4
180
19
4
179
19
5
177
18
4
176
17
3
175
17
4
174
13
7
159
12
7
155
15
3
169
21
1
182
29
6
187
27
11
166
8
1
118
1
0
87
1
2
85
16
14
110
29
19
140
26
9
157
23
3
171
24
3
179
21
4
179
15
2
176
13
0
177
12
1
180
13
1
179
14
0
172
14
0
172
15
1
173
15
1
173
15
1
173
15
1
173
15
2
172
15
2
172
15
2
172
15
2
172
15
2
172
15
2
172
15
2
172
15
2
172
15
2
171
15
2
170
15
2
170
15
3
170
10
4
165
13
7
168
9
3
164
8
3
162
10
5
162
10
4
161
9
2
159
10
3
160
17
10
167
19
10
167
16
6
166
16
5
167
19
6
170
20
6
172
19
4
171
17
2
171
17
1
172
20
4
175
17
6
170
17
6
170
17
6
168
17
6
167
17
7
166
17
8
165
17
9
164
17
9
163
17
9
163
17
9
163
18
10
164
19
11
166
21
13
169
23
14
172
23
13
174
21
11
173
17
6
170
13
2
166
17
2
172
17
2
171
16
3
168
15
5
165
15
6
163
15
7
162
15
5
165
17
2
169
17
0
175
22
1
181
23
1
179
27
4
174
31
10
164
28
12
141
38
30
130
1
1
61
6
14
51
120
132
153
212
218
224
246
246
246
245
245
245
244
244
244
245
245
245
248
248
248
251
251
251
253
253
253
254
254
254
254
254
254
254
254
254
254
254
254
254
254
254
254
254
254
254
254
254
254
254
254
254
254
254
254
254
254
254
254
254
254
254
254
254
254
254
254
254
254
254
254
254
254
254
254
254
254
254
254
254
254
254
254
254
254
254
254
254
254
254
254
254
254
254
254
254
254
254
254
254
254
254
254
254
254
254
254
254
254
254
254
254
254
254
254
254
254
254
254
254
254
254
254
254
254
254
254
254
254
254
254
254
254
254
254
254
254
254
254
254
254
254
254
254
254
254
254
254
254
254
254
254
254
254
254
254
254
254
254
254
254
254
254
254
254
254
254
254
254
254
254
254
254
254
254
254
254
254
254
254
254
254
254
254
254
254
254
254
254
254
254
254
254
254
254
254
254
254
254
254
254
254
254
254
254
254
254
254
254
254
254
254
254
254
254
254
254
254
254
254
254
254
255
252
254
255
252
254
254
252
254
253
253
255
252
254
255
250
254
255
249
254
255
249
254
255
249
255
254
245
250
249
244
246
246
246
244
244
249
243
244
253
245
245
232
218
219
86
69
70
35
15
15
36
15
14
53
9
11
63
1
5
63
3
7
64
8
11
73
20
23
46
0
0
51
0
2
57
2
3
72
12
13
77
11
13
74
2
5
78
1
5
81
0
4
81
0
4
79
0
4
76
0
4
74
1
5
71
2
4
69
4
5
67
5
5
63
1
1
65
1
1
72
8
8
66
2
3
70
5
6
67
3
4
66
1
3
72
3
6
70
1
4
72
1
4
72
1
4
73
0
4
74
0
4
74
0
4
74
0
4
74
0
4
74
0
4
76
0
4
4
4
172
7
3
172
12
1
173
17
0
175
23
0
177
26
0
177
28
0
176
25
0
174
21
2
173
21
7
174
14
5
169
7
2
165
7
4
167
9
4
170
7
0
168
11
1
172
25
10
186
20
3
180
15
4
171
12
2
166
10
1
164
10
1
165
12
3
167
14
5
169
14
4
169
14
4
169
13
3
168
13
3
168
13
3
168
12
3
168
11
2
167
10
1
165
10
1
165
10
1
165
11
2
164
11
2
165
9
6
156
11
7
160
16
4
175
19
1
185
24
3
185
25
10
162
11
6
118
2
2
85
0
1
76
16
14
101
31
21
135
27
9
153
26
2
171
26
1
182
23
1
185
18
0
183
14
0
185
14
0
190
14
0
187
11
0
178
11
0
178
11
0
176
11
1
175
11
1
174
11
2
173
11
2
172
11
2
171
11
3
170
11
3
170
11
3
170
11
3
170
12
3
170
12
3
170
12
3
170
12
2
171
12
2
172
12
2
172
11
1
174
13
3
177
9
0
172
8
0
170
10
2
170
10
2
167
8
0
164
9
2
164
17
8
170
20
9
172
16
5
168
15
4
167
19
6
170
21
7
172
19
5
171
16
3
169
17
3
169
21
6
173
21
1
171
21
1
170
21
1
170
21
2
169
21
2
167
21
3
166
21
3
165
21
4
163
21
5
162
27
11
168
26
9
168
24
7
167
23
5
167
23
4
169
23
4
171
23
3
172
22
1
171
20
0
170
19
0
179
19
0
180
18
1
176
17
2
173
16
3
170
16
4
170
16
2
172
17
1
179
20
0
186
23
0
191
24
0
190
26
1
184
31
6
176
34
16
160
33
22
135
3
1
78
0
4
54
59
68
102
178
183
195
249
249
249
247
247
247
246
246
246
245
245
245
248
248
248
251
251
251
253
253
253
253
253
253
253
253
253
254
254
254
254
254
254
254
254
254
254
254
254
254
254
254
254
254
254
254
254
254
254
254
254
254
254
254
254
254
254
254
254
254
254
254
254
254
254
254
254
254
254
254
254
254
254
254
254
254
254
254
254
254
254
254
254
254
254
254
254
254
254
254
254
254
254
254
254
254
254
254
254
254
254
254
254
254
254
254
254
254
254
254
254
254
254
254
254
254
254
254
254
254
254
254
254
254
254
254
254
254
254
254
254
254
254
254
254
254
254
254
254
254
254
254
254
254
254
254
254
254
254
254
254
254
254
254
254
254
254
254
254
254
254
254
254
254
254
254
254
254
254
254
254
254
254
254
254
254
254
254
254
254
254
254
254
254
254
254
254
254
254
254
254
254
254
254
254
254
254
254
254
254
254
254
254
254
254
254
254
254
254
254
254
254
254
254
254
254
255
252
254
255
252
254
254
252
254
253
253
255
251
254
255
250
254
255
249
254
255
249
254
255
249
255
254
247
252
251
246
249
248
247
245
246
249
244
245
248
242
242
183
169
170
25
7
8
31
10
9
32
9
9
53
4
4
78
8
9
84
15
17
69
4
6
63
2
2
61
2
3
69
10
11
66
4
5
66
1
2
72
1
3
79
0
5
82
0
5
83
0
4
83
0
5
80
0
5
77
1
5
73
1
5
69
2
5
67
2
4
67
5
5
72
10
10
62
1
1
70
6
6
66
1
3
70
5
7
71
7
8
71
6
7
72
5
7
70
1
4
70
1
4
72
1
4
72
1
4
73
0
4
74
0
4
74
0
4
74
0
4
74
0
4
76
0
4
9
2
174
11
2
174
13
1
174
16
0
175
19
0
176
22
0
177
22
0
176
22
0
174
19
1
174
14
0
168
14
2
170
13
3
170
13
5
172
13
4
172
11
1
170
13
1
172
20
5
180
15
1
175
17
5
169
16
4
166
14
2
164
13
1
164
15
3
165
16
5
167
16
4
168
16
4
168
16
4
167
15
5
167
15
5
167
15
4
168
15
3
167
14
4
167
14
4
166
14
4
167
15
4
167
15
4
167
10
5
158
10
5
161
16
3
179
20
1
192
23
1
190
24
8
167
15
11
127
4
8
92
0
4
78
12
12
100
26
19
136
28
12
159
23
1
171
23
1
179
21
2
180
17
2
179
13
1
180
15
0
186
16
1
186
14
0
179
14
0
178
13
0
177
13
0
176
13
0
176
13
1
175
13
1
174
13
2
173
13
2
172
13
3
171
13
3
171
13
3
170
13
3
170
14
2
170
14
2
170
14
2
170
14
2
171
13
2
171
14
1
175
15
2
176
12
0
173
11
0
173
12
1
173
11
1
172
10
0
170
10
1
170
14
4
174
19
8
176
16
5
173
15
4
172
18
5
172
19
5
173
19
4
171
18
2
170
18
2
170
21
4
172
25
2
167
25
1
165
26
3
166
26
5
165
24
4
161
19
1
156
19
3
155
32
17
169
51
37
188
72
59
208
53
39
193
30
16
172
19
4
164
21
4
168
23
5
174
20
2
174
19
0
173
22
1
177
18
1
179
17
0
179
17
0
178
18
0
177
19
0
175
19
1
174
18
1
173
18
2
176
19
2
180
19
1
183
19
1
186
20
1
185
25
3
180
31
11
170
30
16
146
13
5
96
3
1
60
20
24
64
155
156
173
250
248
253
249
247
251
245
244
247
248
247
248
250
250
249
249
250
247
252
253
250
253
253
251
253
253
252
254
254
254
254
253
254
253
253
254
253
253
254
254
253
254
254
254
254
254
254
254
254
254
253
254
254
253
254
254
254
254
254
254
254
254
254
254
254
254
254
254
254
254
254
254
254
254
254
254
254
254
254
254
254
254
254
254
254
254
254
254
254
254
254
254
254
254
254
254
254
254
254
254
254
254
254
254
254
253
254
254
250
254
252
250
254
252
251
254
252
251
254
252
251
254
252
251
254
252
251
254
252
251
254
252
251
254
252
251
254
252
251
254
252
251
254
252
252
254
252
252
254
252
252
254
252
252
254
252
252
254
252
252
254
252
254
254
254
254
254
254
254
254
254
254
254
254
254
254
254
254
254
254
253
254
254
253
254
254
253
254
254
253
254
254
253
254
254
253
254
254
253
254
254
253
254
254
253
254
254
252
254
254
252
254
254
252
254
254
253
251
253
253
251
253
254
253
254
252
253
254
248
252
252
245
251
251
247
254
254
247
254
254
247
254
253
248
254
252
245
248
247
246
245
245
244
240
240
210
199
200
123
107
107
29
8
8
39
15
14
35
8
8
56
3
4
78
4
6
80
6
9
74
3
5
70
1
3
71
3
4
69
1
3
70
1
4
73
2
5
76
2
5
78
0
4
79
0
4
80
0
4
80
0
6
78
0
6
76
0
6
74
1
6
72
1
5
70
1
4
69
2
3
71
3
5
67
0
2
75
6
8
71
2
4
69
0
2
68
0
2
70
2
3
74
3
6
72
1
4
72
1
4
73
1
4
74
1
4
74
0
4
75
0
4
75
0
4
75
0
4
75
0
4
76
0
4
15
0
176
15
0
176
15
0
176
15
0
176
15
0
176
15
0
175
15
0
175
15
0
175
15
0
175
15
1
173
15
1
173
15
1
173
15
1
172
15
2
172
15
2
172
15
2
172
15
2
172
15
2
172
17
1
172
17
1
172
17
1
172
17
1
172
17
1
171
17
2
170
17
2
170
17
2
170
17
2
170
15
1
168
15
1
168
16
1
169
17
2
170
17
2
170
18
3
171
18
2
172
18
2
173
17
1
172
12
3
161
12
3
163
18
2
183
23
0
198
24
0
198
24
7
174
18
15
138
7
13
104
1
5
85
5
6
98
18
14
134
28
16
165
21
3
171
18
1
172
18
4
171
16
4
170
12
1
169
14
1
176
17
2
180
18
0
177
18
0
177
18
0
177
18
0
177
18
0
177
18
0
177
17
0
176
17
0
175
17
0
174
17
1
173
17
1
173
17
1
172
17
1
172
17
1
171
17
2
170
17
2
170
17
2
170
17
2
169
16
2
168
16
1
168
14
1
170
13
0
171
12
0
172
11
0
173
10
0
174
10
0
175
10
0
175
16
5
181
15
5
179
16
4
177
16
3
175
17
2
173
19
1
172
20
1
172
21
2
172
23
1
172
27
4
162
23
2
159
25
5
159
26
9
160
21
6
154
13
1
145
12
4
145
33
27
167
66
63
203
92
88
227
59
54
199
23
17
168
12
4
160
20
10
171
25
13
181
17
4
176
12
0
173
17
2
180
14
1
175
14
0
175
16
0
178
19
0
180
22
0
180
24
0
177
20
1
169
19
4
165
16
5
165
12
2
167
14
3
175
16
3
183
18
2
181
22
4
173
29
13
156
23
9
114
10
2
70
4
1
45
137
133
157
243
238
251
246
242
252
243
240
248
250
249
251
253
254
250
247
249
244
252
253
248
253
254
250
253
254
252
254
254
254
254
253
255
253
252
255
253
252
255
254
253
255
254
254
254
254
254
253
254
255
252
254
254
252
254
254
254
254
254
254
254
254
254
254
254
254
254
254
254
254
254
254
254
254
254
254
254
254
254
254
254
254
254
254
254
254
254
254
254
254
254
254
254
254
254
254
254
254
254
254
254
254
254
254
254
253
254
253
247
255
250
247
255
250
248
255
250
248
255
250
248
255
250
248
255
250
248
255
250
248
255
250
248
255
250
248
255
250
248
255
250
248
255
250
249
255
250
249
255
250
249
255
250
249
255
250
249
255
250
249
255
250
254
254
254
254
254
254
254
254
254
254
254
254
254
254
254
254
254
254
253
254
254
253
254
254
253
254
254
252
254
254
252
254
254
252
254
254
252
254
254
252
254
254
252
254
254
251
254
254
251
254
254
251
254
254
252
252
253
252
251
253
252
252
253
250
253
254
246
252
252
244
252
251
244
254
252
238
247
245
238
245
244
238
244
243
241
243
242
247
247
246
225
222
222
122
107
107
48
28
27
32
5
5
41
10
11
39
6
7
60
4
6
79
3
7
79
3
7
78
2
6
77
1
5
76
0
4
75
0
3
75
0
3
75
0
3
75
0
3
76
0
4
76
0
4
76
0
4
76
0
4
76
0
4
76
0
4
76
0
4
76
0
4
76
0
4
76
0
4
76
0
4
76
0
4
76
0
4
76
0
4
76
0
4
76
0
4
76
0
4
76
0
4
76
0
4
76
0
4
76
0
4
76
0
4
76
0
4
76
0
4
76
0
4
76
0
4
76
0
4
76
0
4
15
0
176
15
0
176
15
0
176
15
0
176
15
0
176
15
0
176
15
0
175
15
0
175
15
0
175
15
1
173
15
1
173
15
1
173
15
1
172
15
2
172
15
2
172
15
2
172
15
2
172
15
2
172
16
1
172
17
1
172
17
1
172
17
1
172
17
1
171
17
2
170
17
2
170
17
2
170
17
2
170
16
1
169
16
1
169
16
1
169
16
1
169
17
2
170
17
2
170
17
2
170
18
3
171
18
2
171
15
4
163
15
5
165
18
2
178
22
0
189
24
1
189
24
8
170
19
16
140
11
15
111
3
8
94
3
6
99
13
11
126
25
17
156
25
11
170
19
4
171
18
4
172
17
6
172
14
4
171
14
4
174
16
3
177
18
0
177
18
0
177
18
0
177
18
0
177
18
0
177
18
1
176
17
0
175
17
0
175
17
0
174
17
1
173
17
1
173
17
1
172
17
1
172
17
1
170
17
2
170
17
2
170
17
2
170
17
2
170
16
1
169
16
0
170
14
1
171
14
0
172
13
0
173
11
0
174
10
0
175
10
0
175
10
0
176
15
3
181
15
3
179
15
2
178
16
2
175
18
1
173
19
1
171
20
1
170
22
2
170
23
3
170
21
2
167
18
0
165
18
2
165
19
5
165
17
6
162
13
3
157
11
3
154
15
7
158
22
18
167
34
29
179
23
16
168
13
5
161
15
5
166
23
11
176
27
12
180
19
4
176
15
0
174
19
1
178
14
2
174
14
1
174
16
0
178
19
0
180
22
0
180
23
0
177
20
1
170
19
4
165
16
4
165
12
2
167
14
3
176
17
3
185
20
3
185
25
6
178
34
16
162
28
14
120
15
6
77
9
4
52
126
121
148
227
222
237
243
239
250
245
242
250
250
249
251
254
255
251
251
252
247
254
254
250
252
252
248
252
252
250
254
253
254
254
253
255
253
252
255
253
252
255
254
253
255
254
254
254
254
254
253
254
255
252
254
254
252
254
254
254
254
254
254
254
254
254
254
254
254
254
254
254
254
254
254
254
254
254
254
254
254
254
254
254
254
254
254
254
254
254
254
254
254
254
254
254
254
254
254
254
254
254
254
254
254
254
254
254
253
254
254
251
255
252
251
255
252
251
255
252
251
255
252
251
255
252
251
255
252
251
255
252
250
254
251
250
254
251
251
255
252
251
255
252
251
255
252
251
255
252
251
255
252
251
255
252
251
255
252
251
255
252
251
255
252
255
254
254
255
254
254
255
254
254
255
254
254
254
254
254
254
254
254
254
254
254
254
254
254
254
254
254
253
254
254
253
254
254
253
254
254
253
254
254
253
254
254
253
254
254
253
254
254
253
254
254
253
254
254
249
248
249
248
249
250
250
252
253
248
252
252
242
247
247
238
245
244
248
254
253
241
248
247
244
250
248
237
240
238
244
244
243
246
242
242
190
179
179
51
32
31
26
3
2
31
1
1
47
11
12
43
5
7
61
2
5
77
1
5
77
1
5
77
1
5
76
0
4
76
0
4
76
0
4
75
0
4
75
0
4
76
0
4
76
0
4
76
0
4
76
0
4
76
0
4
76
0
4
76
0
4
76
0
4
76
0
4
76
0
4
76
0
4
76
0
4
76
0
4
76
0
4
76
0
4
76
0
4
76
0
4
76
0
4
76
0
4
76
0
4
76
0
4
76
0
4
76
0
4
76
0
4
76
0
4
76
0
4
76
0
4
76
0
4
76
0
4
15
0
176
15
0
176
15
0
176
15
0
176
15
0
176
15
0
176
15
0
175
15
0
175
15
0
175
15
1
173
15
1
173
15
1
173
15
1
172
15
2
172
15
2
172
15
2
172
15
2
172
15
2
172
16
1
173
17
1
173
17
1
172
17
1
172
17
1
172
17
1
171
17
2
170
17
2
170
17
2
170
16
1
169
16
1
169
16
1
169
16
1
169
16
1
169
17
2
170
17
2
170
18
3
171
18
3
171
18
6
167
18
6
167
19
3
173
21
1
178
23
4
176
24
10
166
23
15
144
17
17
124
11
15
109
5
8
103
6
6
114
19
15
142
27
17
165
21
7
170
17
4
173
17
6
175
14
6
172
12
5
169
14
3
171
18
0
177
18
0
177
18
0
177
18
0
177
18
0
177
17
0
176
17
0
175
17
0
175
17
0
174
17
1
173
17
1
173
17
1
173
17
1
172
17
1
172
17
2
171
17
2
170
17
2
170
17
2
170
17
1
172
17
1
173
16
1
173
15
1
173
13
0
174
12
0
175
11
0
176
11
0
177
11
0
177
15
3
183
16
1
182
17
1
179
18
1
177
18
1
174
19
1
170
20
1
168
22
3
166
22
3
166
11
0
171
11
1
171
11
1
171
11
2
170
13
5
170
14
7
171
14
7
170
11
4
166
5
1
157
10
3
162
12
2
164
14
3
167
17
4
171
20
6
174
21
4
176
20
1
174
20
2
175
22
3
178
15
2
173
14
1
174
16
0
176
19
0
179
22
0
180
23
0
176
20
1
170
19
4
166
16
4
166
12
1
168
13
1
177
15
1
185
18
1
184
24
5
178
34
15
164
29
14
122
16
6
81
10
4
56
116
111
140
216
211
226
243
239
250
248
245
253
247
246
248
252
253
249
250
252
246
254
254
250
251
251
247
251
251
249
254
254
254
254
253
255
253
252
255
253
252
255
254
253
255
254
254
254
254
254
253
254
255
252
254
254
252
254
254
254
254
254
254
254
254
254
254
254
254
254
254
254
254
254
254
254
254
254
254
254
254
254
254
254
254
254
254
254
254
254
254
254
254
254
254
254
254
254
254
254
254
254
254
254
254
254
254
254
254
254
254
255
254
253
255
254
253
255
254
253
255
254
253
255
254
253
255
254
253
255
254
253
254
254
253
254
254
253
254
255
253
254
255
253
254
255
253
254
255
253
254
255
253
254
255
253
254
255
253
254
255
253
254
255
253
255
254
254
255
254
254
255
254
254
255
254
254
255
254
254
255
254
254
255
254
254
255
254
254
255
254
254
255
254
254
255
254
254
255
254
254
254
254
254
254
254
254
254
254
254
254
254
254
254
254
254
254
254
254
252
254
254
248
250
250
246
250
249
246
251
250
243
248
247
244
249
248
251
255
255
229
232
232
227
228
227
226
223
222
207
200
199
168
155
155
107
88
88
30
4
4
50
17
18
47
8
10
46
3
5
49
4
7
64
2
6
76
0
4
76
0
4
76
0
4
76
0
4
76
0
4
76
0
4
76
0
4
76
0
4
76
0
4
76
0
4
76
0
4
76
0
4
76
0
4
76
0
4
76
0
4
76
0
4
76
0
4
76
0
4
76
0
4
76
0
4
76
0
4
76
0
4
76
0
4
76
0
4
76
0
4
76
0
4
76
0
4
76
0
4
76
0
4
76
0
4
76
0
4
76
0
4
76
0
4
76
0
4
76
0
4
76
0
4
76
0
4
15
0
176
15
0
176
15
0
176
15
0
176
15
0
176
15
0
176
15
0
175
15
0
175
15
0
175
15
1
173
15
1
173
15
1
173
15
1
172
15
2
172
15
2
172
15
2
172
15
2
172
15
2
172
16
1
173
17
1
173
17
1
173
17
1
172
17
1
172
17
1
172
17
1
172
17
2
170
17
2
170
17
2
170
17
2
169
16
2
168
16
2
168
16
2
168
16
2
168
17
3
169
18
4
170
19
5
171
21
6
172
22
6
171
21
4
168
21
5
165
22
7
164
24
9
159
22
12
149
23
16
138
24
21
129
12
12
112
2
2
104
9
9
123
21
15
151
22
10
170
14
2
176
13
2
177
12
5
172
10
6
164
12
4
166
18
1
176
18
1
176
18
1
176
18
1
176
18
1
176
17
0
175
17
0
175
17
0
175
17
0
174
17
1
173
17
1
173
17
1
173
17
1
172
17
1
172
17
1
172
17
1
171
17
2
170
17
1
171
20
0
176
18
1
176
18
1
176
16
0
175
14
0
175
13
0
175
13
0
177
12
0
178
12
0
180
15
2
184
16
1
183
17
0
182
18
0
178
18
0
174
19
1
169
20
2
165
21
4
161
24
6
160
7
1
170
9
3
173
10
3
173
8
1
170
8
1
170
12
3
173
16
7
177
16
6
176
12
0
170
15
1
172
18
4
175
21
5
177
20
4
176
19
1
174
20
1
174
21
2
176
23
3
176
21
2
175
15
3
171
14
2
172
16
0
175
19
0
179
22
0
180
23
0
176
20
1
170
19
4
166
16
4
168
12
1
170
13
1
179
16
1
187
18
0
186
23
2
179
32
12
165
27
11
124
14
2
82
8
1
57
114
107
139
216
211
226
246
243
253
251
248
254
246
245
247
248
249
245
249
251
245
253
254
249
251
251
247
251
251
249
254
254
254
254
253
255
253
252
255
253
252
255
254
253
255
254
254
254
254
255
253
254
255
252
254
255
252
254
254
254
254
254
254
254
254
254
254
254
254
254
254
254
254
254
254
254
254
254
254
254
254
254
254
254
254
254
254
254
254
254
254
254
254
254
254
254
254
254
254
254
254
254
254
254
254
254
254
254
254
254
254
255
253
254
255
253
254
255
253
254
255
253
254
255
253
254
255
253
254
255
254
254
255
254
254
255
254
254
255
254
254
255
254
254
255
254
254
255
254
254
254
254
254
254
254
254
254
254
254
254
254
254
254
254
254
254
254
254
254
254
254
254
254
254
254
254
254
254
254
254
254
254
254
254
254
254
254
254
254
254
254
254
255
254
254
255
254
254
255
254
254
255
254
254
255
254
254
255
254
254
255
254
254
255
254
254
255
254
254
251
252
252
243
245
245
243
244
244
246
248
248
246
248
248
241
243
243
240
239
239
236
233
232
249
246
245
176
166
166
103
86
86
61
39
38
44
15
15
53
16
18
61
17
20
61
10
14
52
2
3
55
1
3
67
0
4
76
0
4
76
0
4
76
0
4
76
0
4
76
0
4
76
0
4
76
1
4
77
1
5
76
0
4
76
0
4
76
0
4
76
0
4
76
0
4
76
0
4
76
0
4
76
0
4
76
0
4
76
0
4
76
0
4
76
0
4
76
0
4
76
0
4
76
0
4
76
0
4
76
0
4
76
0
4
76
0
4
76
0
4
76
0
4
76
0
4
76
0
4
76
0
4
76
0
4
76
0
4
76
0
4
76
0
4
76
0
4
15
0
176
15
0
176
15
0
176
15
0
176
15
0
176
15
0
176
15
0
175
15
0
175
15
0
175
15
1
173
15
1
173
15
1
173
15
1
172
15
2
172
15
2
172
15
2
172
15
2
172
15
2
172
17
1
173
17
1
173
17
1
173
17
1
173
17
1
173
17
1
172
17
1
172
17
2
170
17
2
170
18
3
171
17
3
170
16
3
168
16
2
168
15
1
167
16
2
167
17
3
169
18
5
170
20
6
171
23
5
177
23
4
175
21
4
166
21
7
160
24
10
157
25
9
157
23
7
156
25
11
151
28
19
145
15
12
122
0
0
102
2
3
109
11
8
135
25
15
170
16
2
180
12
0
179
11
3
173
9
5
163
11
4
164
17
1
176
17
1
176
17
1
176
17
0
175
17
0
175
17
0
175
17
0
175
17
0
175
17
0
174
17
1
173
17
1
173
17
1
173
17
1
173
17
1
172
17
1
172
17
1
172
17
1
172
18
1
173
21
0
179
19
1
178
18
1
176
16
1
176
15
2
174
14
2
174
13
1
176
13
0
178
13
0
181
17
1
186
17
0
186
18
0
184
18
0
179
19
0
172
19
2
165
21
4
159
22
7
155
24
9
152
14
8
165
13
8
165
13
6
164
11
3
163
11
2
163
12
1
165
13
1
168
16
2
169
17
1
171
16
0
172
18
1
175
21
2
177
22
2
178
22
2
179
22
2
179
23
3
180
20
1
178
17
0
175
14
2
171
14
2
171
16
1
175
19
0
177
21
0
177
23
0
175
20
1
170
19
4
166
16
4
167
13
1
172
15
1
182
17
2
189
19
0
190
24
2
182
32
11
168
27
9
127
14
1
84
9
0
60
116
109
142
219
214
228
247
244
254
252
249
254
247
246
248
248
249
245
248
250
244
253
254
249
251
252
248
251
252
250
254
254
254
254
253
255
253
252
255
253
252
255
254
253
255
254
254
254
254
255
253
254
255
252
254
255
252
254
254
254
254
254
254
254
254
254
254
254
254
254
254
254
254
254
254
254
254
254
254
254
254
254
254
254
254
254
254
254
254
254
254
254
254
254
254
254
254
254
254
254
254
254
254
254
254
254
254
254
254
254
254
255
253
255
255
253
255
255
253
255
254
253
255
254
253
255
254
253
255
255
253
255
255
253
255
255
253
255
254
253
255
253
253
255
253
253
255
253
253
255
253
253
255
253
253
255
253
253
255
253
253
255
253
253
255
251
254
254
251
254
254
251
254
254
251
254
254
251
254
254
251
254
254
251
254
254
253
254
254
253
254
254
253
254
254
253
254
254
253
254
254
253
254
254
253
254
254
254
254
254
254
254
254
254
254
254
254
254
254
249
248
248
251
250
250
250
250
250
245
243
243
237
235
234
231
227
226
223
217
217
217
207
207
197
183
183
98
80
79
44
19
19
44
12
13
54
15
17
71
25
28
52
1
3
62
4
7
66
4
8
66
1
5
71
0
4
76
0
4
76
0
4
76
0
4
76
0
4
76
0
4
76
0
4
76
0
4
76
0
4
76
0
4
76
0
4
76
0
4
76
0
4
76
0
4
76
0
4
76
0
4
76
0
4
76
0
4
76
0
4
76
0
4
76
0
4
76
0
4
76
0
4
76
0
4
76
0
4
76
0
4
76
0
4
76
0
4
76
0
4
76
0
4
76
0
4
76
0
4
76
0
4
76
0
4
76
0
4
76
0
4
76
0
4
76
0
4
15
0
176
15
0
176
15
0
176
15
0
176
15
0
176
15
0
176
15
0
175
15
0
175
15
0
175
15
1
173
15
1
173
15
1
173
15
1
172
15
2
172
15
2
172
15
2
172
15
2
172
15
2
172
17
0
174
17
0
175
17
0
174
17
1
173
17
1
173
17
1
173
17
1
172
17
1
172
17
2
170
18
2
171
17
3
170
16
2
168
15
1
167
14
1
166
15
1
166
17
2
167
18
5
170
20
6
170
24
3
182
24
1
182
22
3
168
22
8
157
25
12
156
26
9
160
24
3
164
25
4
164
29
14
158
17
10
133
2
0
106
0
0
102
4
3
123
29
19
171
20
5
183
13
1
181
12
4
176
10
6
165
11
4
164
17
0
174
17
0
174
17
0
174
17
0
174
17
0
174
17
0
175
17
0
175
17
0
175
17
0
175
17
0
175
17
1
173
17
1
173
17
1
173
17
1
173
17
1
173
17
1
172
17
1
172
18
1
174
21
0
181
21
0
179
19
2
177
17
2
174
16
2
173
15
3
172
14
2
174
14
1
177
14
0
181
17
0
187
18
0
187
20
0
185
20
0
179
19
1
171
19
4
161
21
7
153
23
10
147
24
13
143
23
17
148
19
12
145
19
10
145
22
11
149
24
11
153
23
8
155
20
4
155
19
1
157
21
1
163
21
2
167
21
1
170
21
1
173
22
2
177
22
3
180
19
2
180
16
1
179
14
0
179
15
1
181
13
3
172
14
2
171
16
1
174
19
0
177
21
0
177
23
0
175
20
1
170
19
4
166
16
4
167
12
1
171
14
1
181
17
1
190
20
0
191
25
3
184
33
12
169
27
8
128
14
1
85
9
0
62
117
110
143
218
213
228
244
241
251
249
247
254
248
247
249
250
251
247
249
251
245
253
254
249
251
252
248
251
251
249
254
253
254
254
253
255
253
252
255
253
252
255
254
253
255
254
254
254
254
255
253
254
255
252
254
255
252
254
254
254
254
254
254
254
254
254
254
254
254
254
254
254
254
254
254
254
254
254
254
254
254
254
254
254
254
254
254
254
254
254
254
254
254
254
254
254
254
254
254
254
254
254
254
254
254
254
254
254
254
254
254
253
252
254
253
252
254
253
252
254
252
252
254
252
252
254
252
253
254
252
253
254
252
253
254
252
253
254
251
252
254
250
253
254
250
253
254
250
253
254
250
253
254
250
253
254
250
253
254
250
253
254
250
253
254
249
255
253
249
255
253
249
255
253
249
255
253
249
255
253
249
255
253
249
255
253
250
255
253
251
254
253
251
254
253
251
254
253
252
254
253
252
254
253
252
254
253
253
254
253
253
254
253
254
254
253
254
254
253
253
249
249
254
250
251
252
247
247
249
243
243
242
236
236
198
188
188
110
96
97
87
71
71
59
37
36
48
21
21
47
13
14
49
8
10
57
10
12
72
18
21
76
15
18
66
1
4
69
2
5
72
1
5
75
0
5
77
1
5
76
0
4
76
0
4
76
0
4
76
0
4
76
0
3
75
0
3
75
0
3
76
0
4
76
0
4
76
0
4
76
0
4
76
0
4
76
0
4
76
0
4
76
0
4
76
0
4
76
0
4
76
0
4
76
0
4
76
0
4
76
0
4
76
0
4
76
0
4
76
0
4
76
0
4
76
0
4
76
0
4
76
0
4
76
0
4
76
0
4
76
0
4
76
0
4
76
0
4
76
0
4
76
0
4
76
0
4
15
0
176
15
0
176
15
0
176
15
0
176
15
0
176
15
0
176
15
0
175
15
0
175
15
0
175
15
1
173
15
1
173
15
1
173
15
1
172
15
2
172
15
2
172
15
2
172
15
2
172
15
2
172
17
0
175
18
0
176
18
0
176
18
1
175
18
1
174
17
1
173
17
1
173
16
0
171
16
1
171
17
1
170
20
6
172
20
6
172
17
3
168
16
2
167
14
0
165
15
2
165
20
7
170
18
5
167
23
1
184
26
1
188
23
3
173
23
7
159
24
10
155
26
7
164
27
1
173
28
1
176
30
8
169
23
10
147
10
6
120
4
4
108
5
4
121
24
15
161
22
8
180
14
1
181
10
2
174
9
4
166
11
3
165
16
0
172
16
0
172
16
0
172
18
2
174
20
4
176
20
4
176
19
3
176
18
1
175
17
0
175
16
0
174
16
0
173
17
0
174
17
1
173
18
2
174
19
3
175
20
4
176
21
5
177
21
4
178
22
0
181
27
7
184
20
2
175
22
6
175
23
10
175
19
8
172
15
4
171
15
3
176
16
2
182
19
2
188
18
0
186
21
2
186
25
6
183
24
7
172
22
7
157
22
10
146
24
15
138
13
6
121
11
8
104
13
7
107
14
6
109
21
11
119
28
15
129
31
15
136
34
16
144
40
22
156
28
7
151
31
9
160
29
7
166
26
6
170
22
3
173
18
1
175
15
1
179
15
3
183
13
2
185
12
2
187
13
3
173
14
2
171
16
1
174
18
0
176
21
0
176
22
0
175
20
1
169
20
5
167
17
6
169
14
3
173
16
2
183
17
2
190
18
0
189
23
1
181
31
10
167
27
8
128
14
1
86
8
0
61
71
65
98
171
165
180
241
237
248
250
248
254
248
247
249
252
253
249
252
253
248
250
251
246
250
251
247
252
253
251
254
254
254
253
252
254
252
251
255
253
252
255
254
253
255
253
253
254
253
254
253
254
254
252
254
255
252
254
254
254
254
254
254
253
253
253
254
254
254
254
254
254
253
253
253
253
253
253
254
254
254
254
254
254
254
254
254
252
252
252
248
248
248
253
253
253
253
253
253
253
253
253
254
254
254
253
253
253
251
252
252
248
252
253
248
252
253
248
252
253
248
252
253
249
253
254
249
253
254
248
252
253
246
250
251
244
248
249
246
250
251
239
243
244
240
244
245
246
250
251
250
253
255
246
250
251
239
243
244
238
241
243
244
248
249
246
252
250
247
254
251
248
255
252
248
254
252
247
254
251
248
254
252
249
254
252
247
252
250
245
250
248
250
254
252
244
248
246
248
251
249
253
255
253
251
252
251
245
247
245
250
251
249
255
254
253
248
247
246
250
240
240
237
225
225
207
194
195
171
156
157
132
116
117
80
61
61
23
2
2
27
1
1
33
1
2
48
10
11
54
10
12
53
4
6
57
2
4
67
5
9
80
12
16
73
0
4
73
0
3
76
0
4
77
0
4
76
0
4
76
0
4
76
0
4
76
0
4
76
0
4
76
0
4
75
0
3
75
0
3
76
0
4
76
0
4
76
0
4
76
0
4
76
0
4
76
0
4
76
0
4
76
0
4
76
0
4
76
0
4
76
0
4
76
0
4
76
0
4
76
0
4
76
0
4
76
0
4
76
0
4
76
0
4
76
0
4
76
0
4
76
0
4
76
0
4
76
0
4
76
0
4
76
0
4
76
0
4
76
0
4
76
0
4
76
0
4
15
0
176
15
0
176
15
0
176
15
0
176
15
0
176
15
0
176
15
0
175
15
0
175
15
0
175
15
1
173
15
1
173
15
1
173
15
1
172
15
2
172
15
2
172
15
2
172
15
2
172
15
2
172
17
0
176
18
0
177
18
0
177
18
1
176
18
1
176
18
1
175
17
1
173
16
0
172
16
0
171
16
1
169
22
7
174
23
9
175
18
5
170
17
3
168
12
0
162
13
1
162
21
8
169
18
5
166
22
2
186
26
0
193
24
3
178
23
8
165
25
10
161
28
7
171
30
3
183
32
2
186
32
6
178
31
14
162
25
17
141
13
11
121
7
5
120
14
6
144
18
6
167
15
2
173
12
0
172
11
1
168
13
1
168
16
0
171
16
0
171
17
1
172
19
3
175
20
4
176
20
4
176
20
4
175
18
2
175
17
1
175
17
0
175
17
0
175
17
0
175
18
1
175
18
2
176
20
3
177
21
4
179
22
6
180
23
5
180
23
1
180
30
10
186
20
2
171
22
8
171
25
13
172
20
10
168
15
5
166
18
6
174
20
5
182
20
2
186
19
0
185
24
3
185
30
11
183
30
14
171
26
14
154
23
15
138
19
14
121
1
0
95
9
12
79
3
2
71
2
1
72
4
2
76
8
3
83
17
8
98
34
22
120
41
27
134
33
17
135
44
27
156
36
19
158
26
9
159
20
4
163
18
3
170
18
5
180
17
6
187
9
1
185
4
0
184
11
3
172
14
3
171
16
1
173
18
0
175
20
0
175
22
0
173
20
2
169
21
6
167
18
7
169
15
3
172
16
3
182
18
3
190
18
0
187
21
1
178
28
7
164
24
6
124
14
1
84
9
1
60
25
18
51
111
106
121
221
218
228
251
249
254
248
247
249
243
244
240
252
254
248
253
254
249
252
253
248
251
252
250
252
252
252
254
253
255
253
252
255
251
250
254
252
251
253
254
254
254
254
255
254
253
254
251
253
253
251
254
254
254
254
254
254
253
253
253
253
253
253
254
254
254
254
254
254
254
254
254
253
253
253
250
250
250
244
244
244
252
252
252
251
251
251
251
251
251
241
241
241
246
246
246
252
252
252
251
251
251
250
251
251
244
252
252
246
253
254
233
241
241
227
234
234
235
241
242
245
250
251
249
253
254
247
251
252
248
252
252
240
244
245
239
241
242
240
243
244
245
246
248
248
248
250
247
247
249
245
246
247
247
248
249
251
252
253
246
250
247
249
253
251
251
255
253
251
255
253
250
254
252
250
253
250
248
250
248
244
246
244
240
240
239
204
204
202
195
193
192
198
195
194
184
181
179
141
137
136
88
85
84
68
65
63
76
72
71
82
75
75
80
63
63
76
54
55
67
42
43
51
26
26
36
10
11
31
2
2
41
7
9
49
12
13
53
10
12
53
6
8
55
3
6
60
2
5
64
0
5
68
0
3
72
0
4
76
0
4
78
0
4
80
0
4
78
0
4
76
0
4
76
0
4
76
0
4
76
0
4
76
0
4
76
0
4
76
0
4
76
0
4
76
0
4
76
0
4
76
0
4
76
0
4
76
0
4
76
0
4
76
0
4
76
0
4
76
0
4
76
0
4
76
0
4
76
0
4
76
0
4
76
0
4
76
0
4
76
0
4
76
0
4
76
0
4
76
0
4
76
0
4
76
0
4
76
0
4
76
0
4
76
0
4
76
0
4
76
0
4
76
0
4
76
0
4
76
0
4
15
0
176
15
0
176
15
0
176
15
0
176
15
0
176
15
0
175
15
0
175
15
0
175
15
0
175
15
1
173
15
1
173
15
1
173
15
1
172
15
2
172
15
2
172
15
2
172
15
2
172
15
2
172
17
0
176
18
0
177
18
0
177
18
0
177
18
0
176
18
1
176
17
0
175
16
0
172
16
0
171
16
1
170
22
8
174
24
10
175
19
6
170
17
4
166
11
0
160
11
0
159
20
8
168
20
9
167
22
3
184
23
0
192
23
2
181
22
6
171
24
8
168
27
6
175
29
2
183
31
0
185
31
3
179
38
17
173
40
28
160
28
23
137
17
14
125
15
9
132
19
10
151
24
11
167
23
9
173
20
6
173
18
3
172
18
2
173
18
2
173
18
2
173
18
2
173
18
2
174
18
2
174
19
3
174
19
3
175
19
2
175
19
2
177
18
1
176
18
1
176
18
1
176
18
1
176
19
2
177
19
2
178
20
3
178
21
3
179
25
3
181
28
9
181
17
2
165
20
7
164
20
9
161
14
6
156
12
5
158
20
10
171
21
8
179
17
1
179
20
0
183
23
2
181
29
11
179
31
16
168
29
19
149
22
17
126
8
7
99
0
0
79
1
19
63
0
11
54
19
34
80
27
42
91
17
27
82
4
9
71
3
4
73
4
3
78
31
26
118
41
33
137
33
24
140
27
16
145
23
12
155
19
9
164
14
5
172
10
1
176
7
0
183
13
7
194
13
5
174
14
3
169
16
1
172
18
0
175
20
0
175
22
0
172
20
3
168
20
5
166
17
6
168
13
2
170
14
2
178
16
2
186
17
0
185
21
1
176
27
7
160
22
6
119
13
2
81
12
4
60
17
11
42
91
86
100
203
199
210
252
249
255
254
253
254
243
244
239
248
249
244
252
254
248
247
248
244
246
246
244
251
250
251
254
253
255
255
253
255
250
249
253
250
249
251
254
254
254
255
255
254
253
254
251
252
252
250
252
252
252
255
255
255
254
254
254
252
252
252
253
253
253
254
254
254
255
255
255
252
252
252
249
249
249
253
253
253
254
254
254
244
244
244
252
252
252
249
249
249
250
250
250
250
250
250
248
248
248
245
245
245
235
241
242
249
255
255
247
252
253
240
245
246
241
246
247
241
244
245
234
236
237
225
227
228
230
230
231
242
240
242
252
250
252
254
250
252
246
240
243
241
234
237
245
237
240
254
247
250
255
253
255
255
250
253
254
253
251
254
251
248
245
241
238
230
224
221
209
203
200
185
179
176
165
157
154
145
137
134
132
121
119
75
64
62
46
34
33
35
23
21
31
18
16
25
11
10
20
5
5
29
13
12
31
14
14
19
3
3
38
8
9
50
14
16
56
19
21
58
20
22
56
17
19
55
13
16
59
13
16
56
7
9
53
2
3
57
2
4
62
2
5
66
2
4
68
2
4
72
1
4
76
0
4
77
0
4
79
0
5
81
1
4
79
0
4
76
0
4
76
0
4
76
0
4
76
0
4
76
0
4
76
0
4
76
0
4
76
0
4
76
0
4
76
0
4
76
0
4
76
0
4
76
0
4
76
0
4
76
0
4
76
0
4
76
0
4
76
0
4
76
0
4
76
0
4
76
0
4
76
0
4
76
0
4
76
0
4
76
0
4
76
0
4
76
0
4
76
0
4
76
0
4
76
0
4
76
0
4
76
0
4
76
0
4
76
0
4
76
0
4
76
0
4
76
0
4
15
0
176
15
0
176
15
0
176
15
0
176
15
0
176
15
0
176
15
0
175
15
0
175
15
0
175
15
1
173
15
1
173
15
1
173
15
1
172
15
2
172
15
2
172
15
2
172
15
2
172
15
2
172
17
0
177
18
0
178
18
0
177
18
0
177
18
0
177
18
0
177
17
0
175
16
0
172
16
0
171
16
1
170
22
7
174
24
10
175
20
6
170
18
5
167
10
0
158
8
0
154
18
8
164
21
10
167
20
5
180
19
1
186
17
1
179
18
2
173
19
3
170
21
2
171
23
1
175
25
1
176
27
3
173
32
10
167
35
21
157
35
27
144
29
25
128
16
16
115
15
13
123
23
17
145
26
13
161
22
6
169
19
2
171
19
4
172
20
5
173
20
4
175
18
2
173
17
1
172
17
1
172
18
2
173
19
3
175
20
4
177
20
3
178
19
2
177
19
2
177
18
1
176
18
1
176
18
1
176
18
1
176
18
1
176
20
2
177
26
6
178
23
5
171
15
1
158
18
8
156
13
6
148
7
2
143
11
5
149
21
13
166
20
9
173
17
0
174
22
3
181
22
3
176
26
9
170
25
11
154
20
12
131
13
13
107
3
8
82
28
38
98
59
111
140
95
147
177
150
198
227
177
221
247
148
188
216
77
111
147
14
38
80
8
16
62
13
22
82
20
26
101
19
21
111
19
18
123
20
15
137
19
12
150
17
7
161
15
4
170
13
1
180
18
7
188
14
4
173
14
2
171
16
1
173
18
0
175
20
0
175
22
0
172
20
3
168
19
5
163
16
5
164
13
3
168
13
2
176
13
1
181
15
0
180
23
3
175
32
13
161
25
10
118
13
2
77
9
3
54
18
13
41
95
90
105
201
198
209
239
236
244
250
249
251
254
254
251
253
255
249
250
252
246
252
253
248
254
254
253
254
254
254
252
251
254
252
251
254
254
253
255
254
253
255
253
253
253
251
252
250
250
251
248
252
252
250
254
254
254
254
254
254
254
254
254
253
253
253
252
252
252
250
250
250
250
250
250
250
250
250
249
249
249
248
248
248
251
251
251
253
253
253
251
251
251
250
250
250
246
246
246
244
244
244
247
247
247
250
250
250
253
254
254
236
237
236
238
238
237
241
240
239
231
229
229
218
214
215
211
206
207
211
206
208
210
204
205
195
180
182
184
168
170
153
135
138
110
90
93
74
51
55
56
33
36
56
31
35
61
35
39
61
36
40
51
29
28
53
31
30
52
30
29
48
25
24
42
18
18
37
13
12
33
9
8
30
3
4
27
1
1
35
7
7
37
7
7
44
13
13
49
17
17
45
11
12
35
2
2
37
2
3
45
9
10
45
10
11
48
3
5
52
2
5
54
2
6
53
1
5
53
1
4
56
1
5
66
7
11
71
11
15
75
11
15
71
5
9
70
2
5
72
2
5
74
1
5
75
1
5
77
1
5
78
1
4
78
1
4
79
1
4
78
0
4
76
0
4
76
0
4
76
0
4
76
0
4
76
0
4
76
0
4
76
0
4
76
0
4
76
0
4
76
0
4
76
0
4
76
0
4
76
0
4
76
0
4
76
0
4
76
0
4
76
0
4
76
0
4
76
0
4
76
0
4
76
0
4
76
0
4
76
0
4
76
0
4
76
0
4
76
0
4
76
0
4
76
0
4
76
0
4
76
0
4
76
0
4
76
0
4
76
0
4
76
0
4
76
0
4
76
0
4
76
0
4
15
0
176
15
0
176
15
0
176
15
0
176
15
0
176
15
0
176
15
0
175
15
0
175
15
0
175
15
1
173
15
1
173
15
1
173
15
1
172
15
2
172
15
2
172
15
2
172
15
2
172
15
2
172
17
0
177
18
0
178
18
0
178
18
0
178
18
0
177
18
0
177
17
0
175
16
0
172
16
0
171
17
1
170
21
7
174
22
8
174
19
6
170
20
7
169
13
1
161
8
0
154
16
6
162
19
8
164
18
7
173
16
4
178
15
3
177
16
2
174
17
3
171
20
3
169
23
5
169
27
7
170
31
9
170
29
9
162
30
13
152
36
27
143
31
30
122
11
17
92
6
11
89
16
15
115
26
15
145
29
10
166
24
4
173
19
4
172
20
5
173
21
6
174
20
4
174
18
2
172
17
0
172
18
2
174
20
4
176
21
5
178
21
4
179
20
3
178
19
2
177
18
0
177
18
0
177
17
0
176
17
0
176
17
0
176
18
1
176
26
6
174
19
2
164
15
2
153
19
11
152
10
6
141
3
1
133
9
6
142
22
16
162
19
8
167
17
2
171
24
5
180
21
2
172
23
8
163
18
7
141
9
4
113
4
6
88
9
16
75
80
93
138
135
221
246
140
225
250
115
198
222
115
192
215
124
193
216
117
178
202
93
146
171
70
113
143
3
20
61
0
10
64
0
7
75
5
9
96
13
13
118
21
15
139
25
15
156
26
11
167
20
3
171
16
0
173
13
2
170
14
2
171
16
1
174
19
0
176
21
0
176
23
1
172
20
3
167
19
5
163
14
5
161
15
5
168
14
4
174
12
1
177
14
1
177
25
7
175
36
19
163
26
13
117
11
2
72
4
0
46
26
22
48
122
117
132
232
228
238
247
244
251
241
240
242
247
248
244
252
253
248
247
249
243
249
250
246
253
253
251
253
252
253
248
247
250
247
247
250
253
251
255
254
253
254
252
251
252
250
251
250
251
252
249
253
253
251
253
253
253
252
252
252
250
250
250
254
254
254
253
253
253
249
249
249
249
249
249
252
252
252
254
254
254
252
252
252
251
251
251
248
248
248
249
249
249
245
245
245
241
241
241
225
225
225
209
209
209
214
213
213
211
206
206
174
165
165
176
167
167
163
153
153
107
94
94
49
33
34
24
5
7
27
6
8
26
1
4
29
3
5
40
10
13
51
18
22
58
22
26
60
21
26
58
17
22
56
14
19
56
13
18
58
15
20
51
12
13
52
13
13
52
11
12
50
8
9
49
6
7
50
6
7
52
8
9
54
8
10
53
6
8
52
5
7
53
3
6
57
5
8
61
8
11
63
9
12
62
7
10
63
8
11
63
8
10
60
4
7
65
4
10
68
5
12
69
6
12
70
6
12
70
5
10
71
4
9
73
4
9
71
2
7
71
0
5
73
1
5
75
1
5
75
1
5
76
1
4
77
2
4
76
2
4
76
2
4
76
2
4
76
2
4
76
1
4
76
0
4
76
0
4
76
0
4
76
0
4
76
0
4
76
0
4
76
0
4
76
0
4
76
0
4
76
0
4
76
0
4
76
0
4
76
0
4
76
0
4
76
0
4
76
0
4
76
0
4
76
0
4
76
0
4
76
0
4
76
0
4
76
0
4
76
0
4
76
0
4
76
0
4
76
0
4
76
0
4
76
0
4
76
0
4
76
0
4
76
0
4
76
0
4
76
0
4
76
0
4
76
0
4
76
0
4
76
0
4
15
0
176
15
0
176
15
0
176
15
0
176
15
0
176
15
0
176
15
0
175
15
0
175
15
0
175
15
1
173
15
1
173
15
1
173
15
1
172
15
2
172
15
2
172
15
2
172
15
2
172
15
2
172
17
0
177
18
0
178
18
0
178
18
0
178
18
0
178
18
0
177
17
0
175
16
0
173
16
0
172
17
1
171
20
6
173
20
6
172
18
5
169
21
9
170
16
4
163
8
0
154
14
3
159
16
5
161
14
7
166
13
8
171
14
6
175
15
3
177
16
4
175
20
7
166
21
8
160
24
9
158
27
10
158
27
8
155
28
11
148
32
23
136
24
26
109
4
15
70
0
8
59
7
12
87
21
14
127
31
12
161
27
6
173
16
2
170
20
5
173
22
7
175
22
7
175
19
3
174
18
2
173
18
2
174
21
5
177
22
6
178
20
3
178
19
2
177
18
1
177
18
0
177
17
0
176
17
0
176
17
0
176
17
0
176
18
1
175
25
5
170
14
1
157
17
6
152
23
16
152
12
9
137
2
1
127
9
7
138
23
17
159
17
7
160
19
5
171
23
5
176
18
2
167
24
11
161
19
9
137
7
3
104
0
3
77
14
23
73
124
141
175
88
204
240
109
225
253
92
204
231
93
199
222
110
207
226
125
213
229
132
208
225
130
195
213
43
93
119
5
24
60
0
8
60
3
11
81
14
17
108
25
21
132
27
16
145
23
6
151
24
2
161
35
10
177
18
5
171
14
2
171
16
1
174
19
1
176
21
0
176
23
1
172
20
3
166
17
5
160
13
5
159
14
5
165
13
4
172
13
2
176
16
2
176
25
8
172
33
17
157
22
10
109
10
2
67
8
5
47
35
31
56
121
116
130
215
212
222
237
234
240
243
242
244
240
241
237
246
248
242
248
250
244
247
249
244
246
246
244
247
247
248
252
251
253
252
251
254
251
250
254
250
249
251
251
251
251
252
252
251
251
252
249
248
249
246
246
246
246
248
248
248
247
247
247
248
248
248
250
250
250
252
252
252
253
253
253
250
250
250
246
246
246
242
242
242
237
237
237
251
251
251
250
250
250
239
239
239
182
182
182
125
125
125
107
107
107
112
109
109
87
70
70
34
18
19
28
11
11
38
17
18
33
10
11
30
5
6
40
10
12
50
16
19
41
5
8
43
4
7
47
3
7
54
6
11
62
11
17
67
13
19
66
9
16
63
5
11
65
6
12
70
10
17
61
5
8
63
6
9
64
5
9
63
4
8
64
4
8
67
5
10
71
9
13
74
11
15
74
9
14
71
5
10
72
4
9
71
2
7
71
2
6
73
3
7
76
3
9
77
3
10
78
5
10
79
6
11
77
6
12
76
5
11
75
3
10
75
2
8
75
2
8
76
2
7
76
1
7
76
1
6
77
2
5
77
1
5
77
1
4
77
0
4
76
0
3
76
1
3
73
1
2
72
1
2
73
1
3
73
1
3
75
0
3
76
0
4
76
0
4
76
0
4
76
0
4
76
0
4
76
0
4
76
0
4
76
0
4
76
0
4
76
0
4
76
0
4
76
0
4
76
0
4
76
0
4
76
0
4
76
0
4
76
0
4
76
0
4
76
0
4
76
0
4
76
0
4
76
0
4
76
0
4
76
0
4
76
0
4
76
0
4
76
0
4
76
0
4
76
0
4
76
0
4
76
0
4
76
0
4
76
0
4
76
0
4
76
0
4
76
0
4
76
0
4
15
0
176
15
0
176
15
0
176
15
0
176
15
0
176
15
0
176
15
0
175
15
0
175
15
0
175
15
1
173
15
1
173
15
1
173
15
1
172
15
2
172
15
2
172
15
2
172
15
2
172
15
2
172
17
0
178
18
0
179
18
0
178
18
0
178
18
0
178
18
0
177
17
0
176
16
0
174
16
0
172
17
2
171
20
5
172
19
5
170
17
3
167
22
10
170
18
7
164
10
0
155
13
2
158
12
1
156
12
8
160
12
12
167
14
9
174
16
6
178
17
5
176
17
6
162
15
5
148
13
3
141
14
2
140
14
2
139
15
3
134
16
7
118
9
11
88
0
9
51
0
5
40
1
4
64
9
4
105
18
3
142
19
2
162
14
1
167
19
4
172
23
8
176
24
8
176
21
5
176
19
3
174
19
3
175
21
5
177
22
5
179
19
2
177
19
2
177
18
0
177
17
0
176
17
0
176
17
0
176
17
0
176
17
0
176
18
1
174
23
4
167
12
0
154
18
8
151
26
21
154
14
11
137
3
2
126
9
8
136
23
18
157
14
5
156
22
9
172
21
4
172
16
1
162
27
15
162
25
17
141
10
9
105
0
5
72
17
25
69
148
167
195
73
211
251
76
212
249
72
204
236
80
205
232
92
208
228
103
207
222
118
210
221
142
221
233
131
193
210
57
101
129
18
46
89
3
15
75
7
10
89
24
20
122
38
25
148
34
14
153
28
2
155
37
8
169
19
4
169
14
2
171
16
1
174
19
1
176
22
1
176
23
2
173
20
3
166
17
5
159
12
4
158
9
2
160
10
2
168
13
3
175
17
3
177
23
7
170
26
12
148
14
3
100
10
3
66
17
15
54
29
25
48
52
47
62
80
76
87
101
98
106
138
137
139
122
123
119
116
118
113
136
138
132
149
150
145
175
175
173
211
210
211
236
235
237
251
250
253
245
244
248
242
241
243
250
250
250
252
252
251
244
245
242
236
237
234
239
239
239
248
248
248
245
245
245
236
236
236
241
241
241
251
251
251
251
251
251
237
237
237
206
206
206
163
163
163
151
151
151
118
118
118
95
95
95
90
90
90
60
60
60
26
26
26
13
13
13
17
14
14
33
10
9
33
9
9
33
8
8
34
6
7
38
7
8
42
9
10
47
10
12
49
7
10
47
2
5
53
4
8
57
3
8
60
3
8
64
4
10
68
5
10
69
3
9
70
2
8
72
2
9
73
3
10
69
1
6
72
2
8
72
3
8
72
1
7
72
0
6
74
1
6
77
2
9
78
3
10
79
3
9
79
4
7
82
2
9
81
1
8
81
0
6
84
1
8
87
3
10
86
1
8
85
0
6
87
2
9
82
3
10
79
3
9
79
2
8
80
1
8
80
1
8
80
1
8
78
0
6
79
1
4
80
1
5
79
1
5
77
0
3
76
0
3
76
0
2
75
0
2
73
0
2
71
1
2
70
1
2
70
1
2
73
1
3
76
0
4
76
0
4
76
0
4
76
0
4
76
0
4
76
0
4
76
0
4
76
0
4
76
0
4
76
0
4
76
0
4
76
0
4
76
0
4
76
0
4
76
0
4
76
0
4
76
0
4
76
0
4
76
0
4
76
0
4
76
0
4
76
0
4
76
0
4
76
0
4
76
0
4
76
0
4
76
0
4
76
0
4
76
0
4
76
0
4
76
0
4
76
0
4
76
0
4
76
0
4
76
0
4
76
0
4
76
0
4
15
0
177
15
0
176
15
0
176
15
0
176
15
0
176
15
0
176
15
0
175
15
0
175
13
1
173
12
0
171
13
1
172
15
3
174
17
6
175
15
5
172
12
1
169
12
1
169
16
5
172
13
2
169
15
1
175
16
1
176
17
2
175
18
2
173
17
2
171
16
2
170
16
2
170
16
0
171
18
0
174
21
2
178
22
2
179
20
1
177
20
1
175
22
4
175
20
3
168
13
0
156
15
3
153
18
8
155
21
6
169
21
3
177
22
5
175
27
11
174
28
15
167
15
7
147
7
1
131
6
1
127
6
0
126
8
1
128
14
4
131
20
10
133
20
12
125
13
5
103
4
1
83
3
0
78
5
0
80
7
1
85
9
3
101
13
8
126
22
16
140
27
20
153
23
15
160
20
8
165
20
9
174
20
8
180
16
5
180
12
2
177
14
2
177
14
3
175
14
4
173
15
4
172
17
3
171
18
2
170
18
1
170
19
0
171
19
1
174
20
1
184
19
0
178
14
2
165
16
9
160
8
5
145
2
1
137
8
7
145
20
16
162
15
7
163
18
5
173
18
2
173
21
5
170
24
11
160
23
16
140
14
14
108
2
9
72
17
27
65
146
166
190
73
208
246
77
207
250
80
203
249
79
202
244
74
203
237
67
207
227
63
214
222
65
218
225
73
209
225
87
192
222
48
117
156
13
47
89
3
14
57
19
20
68
44
39
103
41
35
127
7
1
131
11
6
163
17
5
166
19
3
170
22
2
177
25
0
183
29
0
187
30
0
186
25
1
181
22
1
173
17
1
169
14
0
171
13
0
176
16
2
180
22
5
182
26
9
176
25
10
151
15
3
108
11
3
75
12
8
58
17
13
39
12
9
20
4
3
11
11
8
17
29
25
34
20
17
25
11
11
15
29
27
33
28
26
33
32
31
37
54
52
59
86
83
92
126
122
132
177
174
183
226
222
231
245
242
250
247
244
251
246
243
249
248
246
249
248
248
248
240
242
242
240
241
241
239
242
242
243
248
247
234
239
238
194
198
198
133
135
134
74
74
72
43
38
38
37
27
27
26
8
8
29
4
4
39
8
8
48
10
11
55
10
13
61
12
16
65
14
18
54
3
6
62
10
13
65
13
14
63
11
12
61
8
9
59
5
6
57
2
3
59
1
2
62
1
2
64
2
3
69
2
4
75
6
9
74
2
4
78
5
6
83
7
9
80
2
4
81
1
4
81
1
4
77
3
5
77
4
5
77
3
5
76
2
4
75
1
2
75
1
2
76
0
3
76
0
3
76
0
3
76
0
3
76
0
4
77
0
4
77
0
5
78
0
6
79
1
7
79
0
7
80
1
8
81
1
9
78
0
5
77
0
4
77
0
4
78
0
5
77
0
5
77
0
5
77
0
4
77
0
4
75
0
4
75
0
4
74
0
4
73
1
4
73
1
3
72
1
3
72
1
3
70
1
3
70
1
3
70
1
3
71
1
3
72
1
2
72
1
2
73
0
2
73
0
2
75
0
2
76
0
2
76
0
2
77
0
2
78
0
3
78
0
3
78
0
3
78
0
3
78
0
3
78
0
3
77
0
3
77
0
3
77
0
3
77
0
3
78
0
3
80
2
5
78
2
5
76
0
2
75
0
2
75
2
4
75
3
5
73
2
4
72
1
3
73
1
5
73
1
4
74
0
4
76
1
4
78
2
6
79
2
6
79
2
6
79
1
5
78
0
4
80
0
4
15
0
177
15
0
176
15
0
176
15
0
176
15
0
176
15
0
176
15
0
175
15
0
175
13
1
173
14
2
173
10
0
169
11
1
170
10
1
168
11
2
168
15
5
172
11
1
168
19
9
175
10
1
166
14
1
174
16
2
174
17
2
173
17
2
172
17
2
169
16
2
168
16
2
168
16
0
171
18
0
174
21
0
178
21
0
180
20
0
179
21
1
178
22
3
175
19
2
167
12
0
154
12
0
149
17
6
151
24
6
169
28
6
180
31
11
177
32
16
171
25
12
157
7
1
135
8
3
130
11
7
132
10
4
130
18
9
139
30
18
151
34
20
153
32
18
148
24
11
133
20
8
117
17
7
104
13
5
91
8
2
80
3
1
80
3
4
94
11
11
112
21
16
136
22
13
153
19
6
167
20
4
179
18
3
186
15
2
187
13
0
183
11
1
177
12
3
173
12
5
169
14
6
167
17
5
167
18
3
169
19
1
171
20
0
174
21
0
179
22
0
189
23
4
183
15
4
169
16
8
161
8
5
148
1
1
138
7
6
145
18
14
162
14
7
165
18
5
173
18
2
174
23
6
174
24
10
162
22
14
142
13
13
112
1
7
76
17
28
72
149
168
196
83
211
247
86
209
254
85
206
255
78
203
249
69
204
240
60
210
232
53
216
227
47
215
224
53
204
224
101
220
250
94
174
214
48
94
133
14
35
67
15
20
52
29
28
75
18
17
94
22
23
145
2
3
156
14
5
162
19
4
168
23
2
175
27
1
184
29
0
188
31
0
187
27
0
182
21
0
176
18
1
173
16
2
175
12
1
176
11
0
176
15
2
176
24
7
172
28
12
153
20
9
113
12
4
77
6
2
54
26
23
47
46
43
52
42
39
48
17
14
23
14
11
20
14
10
20
24
21
30
20
17
26
10
7
16
9
6
15
14
11
20
12
9
18
11
8
18
31
28
37
57
54
63
62
58
68
63
60
69
74
71
79
95
93
98
132
132
132
195
195
195
239
241
241
250
253
253
243
249
248
181
186
185
93
98
97
27
29
29
9
6
6
21
12
12
25
9
10
37
12
12
53
18
20
65
21
23
68
17
19
67
9
12
65
3
7
64
1
4
62
1
5
66
5
9
69
10
11
70
10
11
68
6
8
65
3
4
65
1
3
67
2
4
70
4
5
72
5
6
73
4
5
71
1
1
80
8
8
82
6
6
79
1
2
81
1
2
79
0
0
86
3
5
78
4
4
78
4
4
77
3
3
76
2
2
76
1
1
75
1
1
75
0
2
75
0
2
75
0
2
75
0
3
75
0
3
75
0
3
75
0
4
75
0
5
76
0
6
77
0
7
78
1
8
78
1
8
77
0
5
77
0
4
77
0
4
77
0
4
76
0
4
76
0
4
76
0
4
76
0
4
74
0
4
74
0
4
73
0
4
72
1
4
72
1
4
72
1
4
72
1
4
70
1
4
70
1
4
70
1
4
71
1
3
72
2
3
72
2
3
74
1
3
74
1
3
76
1
3
76
1
3
77
0
3
77
0
3
77
0
4
78
0
3
79
0
3
79
0
3
79
0
3
77
0
3
77
0
3
77
0
3
77
0
3
77
0
2
78
0
2
79
0
3
77
0
3
77
0
3
77
1
3
77
4
6
77
5
7
75
5
6
74
4
5
73
2
5
72
1
4
73
0
3
75
0
4
77
1
5
79
2
6
79
1
6
79
0
4
78
0
3
79
0
4
15
0
176
15
0
176
15
0
176
15
0
176
15
0
176
15
0
175
15
0
175
15
0
175
15
1
173
15
4
175
16
5
176
14
3
173
14
3
172
15
5
172
14
5
171
15
5
172
16
7
172
19
9
175
17
3
176
16
1
174
17
2
173
17
2
171
17
2
170
17
3
169
16
2
168
17
1
172
18
0
174
19
0
176
20
0
178
21
1
179
23
3
180
23
4
175
18
1
165
12
0
153
13
1
149
16
6
149
23
8
158
26
9
163
24
10
159
21
9
151
10
2
136
3
0
127
18
14
141
31
26
155
29
22
157
32
23
163
38
25
170
35
20
167
32
15
160
30
14
154
34
19
148
34
21
140
28
17
125
19
9
109
9
4
87
0
3
67
1
3
82
8
6
113
22
9
152
25
5
176
22
1
190
20
0
198
19
0
200
18
1
195
13
0
183
12
3
173
11
7
163
13
7
162
15
6
165
17
4
170
19
1
177
21
0
183
22
1
186
25
7
183
24
9
178
16
7
164
18
13
158
9
9
145
2
3
136
6
5
142
16
13
158
14
7
163
20
7
175
18
1
176
23
6
175
26
11
166
24
14
147
13
9
116
0
3
80
18
27
81
156
171
210
99
214
249
94
212
253
86
209
254
75
207
251
66
208
244
60
213
237
58
216
232
57
215
230
65
204
233
95
208
250
123
206
252
110
166
207
52
85
118
1
14
46
0
1
46
2
4
79
39
38
157
19
17
167
17
9
164
19
6
165
21
4
172
24
2
180
27
1
184
28
1
184
26
1
180
23
4
175
20
5
172
20
9
177
16
6
178
11
1
175
13
2
173
23
10
171
33
20
158
31
21
123
19
14
85
9
7
56
115
113
136
214
211
220
204
202
210
119
116
124
68
65
73
43
43
48
61
59
67
27
25
33
11
8
16
7
4
12
11
9
17
24
21
29
20
18
26
6
4
12
13
10
18
23
20
28
23
20
28
17
14
23
14
12
17
16
16
16
22
22
22
15
17
17
1
3
2
3
6
5
9
13
12
14
17
17
17
17
16
17
12
11
16
5
5
24
5
7
34
6
6
44
7
8
55
9
11
64
11
13
69
9
13
69
4
9
67
1
5
65
0
3
67
1
6
70
4
6
70
4
7
69
3
5
68
2
4
68
2
4
71
4
6
73
6
7
76
8
9
71
2
3
74
2
3
82
8
9
81
7
7
77
2
3
78
4
4
85
8
9
79
2
3
78
4
4
77
3
3
77
3
3
76
2
2
76
2
2
76
1
2
75
0
2
75
0
2
75
0
2
75
0
3
75
0
3
75
0
3
75
0
4
76
0
6
76
0
6
77
0
7
77
0
7
78
1
8
77
0
5
77
0
4
77
0
4
77
0
4
76
0
4
76
0
4
76
0
4
76
0
4
74
0
4
74
0
4
73
0
4
72
1
4
72
1
4
72
1
4
72
1
4
70
1
4
70
1
4
70
1
4
73
1
4
75
2
4
75
2
4
75
2
4
75
2
4
74
2
4
76
2
4
76
1
5
76
1
5
76
0
4
76
0
4
76
0
4
77
0
3
77
0
3
77
0
3
77
0
3
77
0
3
77
0
3
79
1
4
82
2
5
79
0
3
76
0
2
78
1
4
77
2
4
74
1
2
70
0
1
70
0
1
71
1
3
73
2
5
72
1
4
73
0
3
74
0
3
76
1
4
77
1
5
78
0
4
78
0
3
77
0
3
76
0
4
15
0
176
15
0
176
15
0
176
15
0
176
15
0
176
15
0
175
15
0
175
15
0
175
15
1
173
9
0
169
15
5
175
15
4
174
15
5
173
17
8
174
16
7
173
12
2
169
9
1
166
19
9
175
16
2
175
15
0
174
16
1
172
17
2
171
17
3
169
17
3
169
17
3
169
17
1
171
18
0
173
20
0
176
21
1
179
23
3
180
23
4
179
22
3
173
19
2
165
17
4
158
20
9
155
23
14
155
30
19
157
25
15
150
14
5
139
9
2
132
7
3
129
8
4
131
21
16
147
30
24
161
30
22
166
29
18
170
28
14
172
24
9
169
22
5
166
25
7
163
32
15
162
34
19
158
33
19
149
28
15
139
19
16
108
7
17
68
1
4
72
1
0
96
20
8
143
29
9
176
28
4
193
24
1
200
22
0
202
20
0
199
15
0
188
14
3
177
13
5
169
14
6
166
15
5
167
15
3
172
17
1
179
19
0
185
20
1
186
22
8
173
21
8
168
14
9
156
18
16
154
10
11
143
3
4
134
6
6
140
16
14
158
15
9
164
20
8
175
18
1
176
23
6
175
27
11
169
25
14
152
14
9
122
1
2
88
17
24
89
150
161
214
112
211
245
100
210
249
85
207
250
70
207
249
60
210
246
55
214
241
56
216
237
61
214
237
73
207
243
86
199
246
112
204
252
132
203
246
80
132
166
7
41
70
1
15
55
2
6
76
17
16
128
39
30
174
22
15
165
17
9
164
19
6
170
22
3
176
25
1
180
26
2
181
25
4
178
22
6
173
19
8
171
15
8
172
11
5
172
9
1
172
12
2
172
20
9
168
29
19
155
29
22
123
20
17
85
10
9
57
80
79
100
180
178
183
236
234
240
229
227
232
229
227
232
219
217
222
207
205
209
140
138
143
94
92
97
63
62
67
35
34
39
11
10
14
1
1
5
17
15
20
23
21
26
19
17
22
34
32
37
66
65
70
96
95
98
106
105
105
95
94
94
78
78
78
64
65
65
55
56
56
33
35
35
18
19
19
18
15
15
21
13
13
15
1
1
27
6
8
40
8
9
44
5
7
49
3
4
58
4
6
67
5
9
72
5
10
73
3
8
70
0
5
71
0
5
72
1
5
72
2
5
72
1
4
71
1
4
71
1
4
72
2
5
74
3
5
73
2
3
81
10
11
84
11
13
78
6
7
76
4
4
80
7
7
82
10
10
82
9
9
80
10
10
78
4
4
77
3
3
77
3
3
76
2
2
76
2
2
76
1
2
75
0
2
75
0
2
75
0
2
75
0
3
75
0
3
75
0
3
75
0
4
76
0
6
76
0
6
77
0
6
77
0
7
77
1
8
77
0
5
77
0
4
77
0
4
77
0
4
76
0
4
76
0
4
76
0
4
76
0
4
74
0
4
74
0
4
73
0
4
72
1
4
72
1
4
72
1
4
72
1
4
70
1
4
70
1
4
70
1
4
72
1
4
74
1
3
74
1
3
74
2
3
74
1
4
71
2
4
71
1
4
71
2
4
71
2
4
71
1
4
72
1
4
73
0
4
74
0
4
75
1
3
76
0
3
77
0
3
78
0
3
79
0
3
80
1
4
81
2
5
78
0
3
77
0
3
79
4
7
80
5
8
78
4
7
75
3
6
76
5
7
77
6
9
74
3
6
73
2
5
72
0
2
74
0
3
75
0
4
77
0
4
78
0
4
78
0
3
77
0
2
73
1
3
15
0
176
15
0
176
15
0
176
15
0
176
15
0
176
15
0
176
15
0
175
15
0
175
15
1
173
15
4
174
12
1
171
21
11
180
22
11
181
31
21
189
52
42
209
23
12
180
23
13
180
13
3
170
14
1
174
15
1
174
16
0
172
17
1
171
17
3
169
17
3
169
17
3
169
17
3
170
19
1
173
22
2
178
23
4
180
23
3
180
23
3
177
22
3
172
22
6
168
25
12
163
27
17
161
27
18
158
32
24
153
23
17
139
7
3
125
6
2
124
16
12
137
19
14
145
18
12
151
20
12
159
19
10
165
19
6
171
19
3
174
18
1
174
18
0
174
21
1
172
23
4
167
24
8
162
26
12
158
30
16
156
30
25
131
23
29
89
6
10
80
0
0
89
15
6
125
26
12
155
29
10
173
26
5
182
22
1
187
19
0
189
18
0
188
17
0
184
15
1
181
15
2
178
14
2
176
13
1
175
14
0
175
15
1
177
15
2
176
17
4
165
15
4
159
10
6
150
17
15
151
11
12
143
3
5
135
6
6
141
17
15
159
17
11
166
18
6
173
18
2
175
23
5
174
26
11
168
27
15
154
19
13
129
6
5
98
15
18
92
132
139
201
124
208
240
107
206
242
86
204
245
66
206
247
54
210
246
48
214
243
50
216
241
58
213
242
75
208
251
84
199
253
99
199
253
117
204
249
106
181
214
84
146
171
74
116
152
22
36
100
2
0
104
45
24
165
22
15
161
15
9
162
17
6
167
20
3
173
22
1
177
23
2
178
22
4
175
20
6
170
16
8
169
8
4
165
5
1
167
7
2
171
11
4
173
17
8
166
22
13
149
21
16
117
15
13
84
6
8
57
94
95
115
196
195
198
242
241
244
248
247
250
248
247
250
249
248
251
250
249
251
239
238
240
231
230
233
204
203
206
167
166
169
143
142
145
129
128
131
129
128
131
133
132
135
143
142
145
169
168
171
200
199
202
230
228
230
250
248
248
250
248
248
229
228
228
209
209
209
193
193
193
145
145
145
90
87
88
49
43
44
29
18
18
18
2
3
36
12
14
52
20
21
57
16
19
59
10
12
61
5
8
64
2
6
67
1
6
70
0
5
76
0
6
76
0
6
76
1
5
76
1
5
76
1
5
76
0
4
75
0
4
75
0
4
75
1
3
86
12
14
79
7
8
87
14
16
88
18
19
118
48
48
130
62
61
95
27
26
71
3
2
79
13
13
76
3
3
76
2
2
76
2
2
76
2
2
76
2
2
76
1
2
75
1
2
75
1
2
75
1
2
75
0
3
75
0
3
75
0
3
76
0
4
76
0
6
76
0
6
76
0
6
76
0
6
76
0
6
77
0
5
77
0
4
77
0
4
77
0
4
76
0
4
76
0
4
76
0
4
76
0
4
74
0
4
74
0
4
73
1
4
72
1
4
72
1
4
72
1
4
72
1
4
70
1
4
70
1
4
70
1
4
72
0
3
74
0
2
72
0
2
71
0
3
70
0
3
67
1
3
67
1
3
65
1
3
64
1
3
65
2
3
66
2
4
68
1
4
70
1
4
72
1
4
75
0
4
76
0
4
78
0
3
79
0
3
79
0
3
79
0
4
80
1
5
79
2
5
79
3
7
79
4
8
80
6
9
80
8
11
80
9
12
80
9
12
77
6
9
74
3
6
74
0
4
75
0
3
76
0
4
77
1
4
78
1
5
79
0
4
78
0
3
73
1
3
15
0
176
15
0
176
15
0
176
15
0
176
15
0
176
15
0
176
15
0
175
15
0
175
15
1
173
16
3
174
10
1
169
21
11
180
20
10
179
32
23
190
62
52
218
22
12
179
22
12
179
9
1
166
13
0
173
14
0
173
15
0
172
16
1
170
16
2
168
17
3
168
18
4
169
18
4
170
20
2
173
22
3
177
23
3
179
22
2
177
21
2
174
21
3
170
25
10
169
29
17
166
26
17
158
20
12
149
18
11
136
11
7
124
6
2
121
13
8
131
24
18
148
23
16
155
19
10
159
18
8
166
18
5
172
17
2
178
16
1
181
16
0
182
18
0
182
19
2
179
18
1
171
16
1
163
19
6
160
25
12
162
32
22
146
30
26
112
12
9
97
1
0
89
7
2
100
15
10
117
21
14
134
23
14
148
23
10
160
21
6
172
21
3
183
20
0
190
19
0
194
18
0
193
16
0
186
14
0
179
12
1
172
11
3
167
12
5
164
15
3
164
13
2
158
8
3
150
17
14
154
13
13
148
4
5
140
6
6
145
19
15
162
19
12
168
15
3
168
19
4
173
22
6
171
24
10
163
28
17
154
26
20
135
13
12
106
12
13
88
106
112
178
133
211
239
114
207
241
90
204
243
67
206
246
51
211
247
42
214
244
42
214
241
52
211
244
71
207
255
84
200
254
93
200
255
93
195
240
103
201
231
128
216
237
134
200
230
50
85
144
4
1
105
57
29
165
24
16
162
13
9
162
15
5
167
17
2
173
19
0
177
21
0
177
20
2
173
16
5
168
13
6
167
7
3
166
7
3
170
10
5
176
14
7
178
16
9
170
20
12
152
21
15
121
14
12
88
6
7
61
104
105
126
208
208
208
247
246
247
252
252
252
248
248
248
251
251
252
246
246
246
246
246
247
250
250
250
253
253
253
249
249
249
240
240
241
244
244
244
252
252
253
247
247
247
242
241
242
243
242
243
246
246
246
248
247
247
247
245
245
246
244
244
250
249
249
238
237
237
228
227
227
233
230
230
213
208
209
150
142
143
68
56
57
24
7
8
33
9
11
43
11
12
51
9
12
55
6
9
58
3
6
62
1
5
68
2
7
73
4
9
79
0
7
79
0
7
79
0
5
79
0
5
79
0
5
79
0
5
79
0
5
78
0
5
78
2
4
85
8
11
74
1
2
84
11
13
84
13
14
113
45
44
123
57
56
84
18
18
68
3
3
83
20
20
76
3
3
76
2
2
76
2
2
76
2
2
76
2
2
76
2
2
76
1
3
76
1
3
76
1
3
76
0
4
76
0
4
76
0
4
76
0
5
76
0
6
76
0
6
76
0
6
76
0
6
76
0
6
77
0
4
77
0
4
77
0
4
77
0
4
76
0
4
76
0
4
76
0
4
76
0
4
74
0
4
74
0
4
73
0
4
72
1
4
72
1
4
72
1
4
72
1
4
70
1
4
70
1
4
70
1
4
72
0
4
74
0
3
73
0
4
70
1
4
68
1
4
64
2
4
62
2
4
60
3
4
59
3
4
59
3
4
60
3
4
62
2
4
65
2
4
68
2
4
72
1
4
75
0
4
77
0
4
78
0
4
79
0
4
80
1
5
83
5
9
81
4
8
74
0
2
73
0
2
77
3
7
78
6
9
75
4
7
73
3
5
79
8
11
76
5
8
75
1
5
75
0
4
76
0
4
78
1
5
79
1
5
80
0
5
79
0
4
75
1
3
15
0
176
15
0
176
15
0
176
15
0
176
15
0
176
15
0
176
15
0
175
15
0
175
15
1
173
18
4
175
24
11
182
21
8
178
15
3
173
18
8
177
26
16
184
10
2
167
6
1
163
24
15
181
17
3
176
14
0
173
15
0
171
16
1
169
16
2
168
17
3
168
18
4
169
18
4
170
19
2
172
21
2
175
21
2
175
20
2
174
20
2
171
22
5
169
27
12
169
30
19
165
20
12
151
9
4
137
5
1
125
8
3
124
15
9
136
25
18
151
27
19
159
17
7
158
14
4
165
17
4
174
15
2
178
14
0
182
15
0
184
15
0
184
16
1
183
19
5
182
18
5
173
15
4
163
16
6
160
21
12
162
27
15
152
26
10
129
13
2
112
2
0
91
1
0
81
3
8
83
12
18
95
21
24
113
26
24
133
26
18
152
23
9
168
23
2
184
23
0
197
22
0
199
17
0
191
14
0
180
11
2
168
9
6
158
10
7
157
18
3
172
12
0
165
10
1
157
19
13
163
16
12
158
7
5
148
8
5
151
19
14
166
20
12
172
12
1
165
19
5
171
22
8
167
23
11
157
29
20
150
31
27
137
19
18
109
10
10
82
86
92
157
140
216
243
121
211
244
96
207
245
72
208
248
53
212
248
41
213
244
38
211
240
49
208
243
68
204
255
78
196
255
92
203
255
96
207
249
90
204
232
99
207
225
121
208
233
77
129
181
1
0
93
58
30
160
24
15
163
12
8
164
14
5
169
17
2
174
18
0
177
19
0
176
17
0
172
14
2
168
11
5
168
7
2
167
6
2
172
7
2
178
10
3
179
13
4
171
19
10
156
21
15
127
13
10
93
4
3
65
105
106
128
214
214
213
252
252
251
249
249
248
244
245
243
254
254
253
252
252
251
241
242
240
245
245
244
252
252
251
252
252
251
248
249
247
252
252
251
252
253
251
244
245
243
247
248
246
250
251
250
248
248
247
247
248
247
253
252
252
252
250
250
253
252
252
249
246
246
244
242
242
250
248
249
251
247
248
226
219
219
150
139
139
30
14
15
31
7
9
35
3
4
46
7
9
55
8
10
58
5
8
59
2
5
60
1
4
65
1
5
78
0
7
78
0
6
79
0
4
80
0
5
80
0
5
80
0
5
81
1
6
81
1
6
81
3
5
74
0
1
78
3
5
85
11
14
77
6
7
76
8
8
77
12
11
72
8
7
73
12
10
72
10
8
75
1
1
76
2
2
76
2
2
76
2
2
76
2
2
76
2
2
76
1
3
76
1
3
76
1
3
76
0
4
76
0
4
76
0
4
76
0
5
76
0
6
76
0
6
76
0
6
76
0
6
75
0
5
76
0
4
77
0
4
77
0
4
77
0
4
76
0
4
76
0
4
76
0
4
76
0
4
74
0
4
74
0
4
73
0
4
72
1
4
72
1
4
72
1
4
72
1
4
70
1
4
70
1
4
70
1
4
72
1
4
74
1
5
72
2
5
68
3
5
64
3
5
61
4
5
57
4
6
54
4
6
53
5
6
53
4
6
53
4
6
55
4
6
59
3
5
64
3
4
68
2
4
73
0
4
76
0
4
78
0
4
78
0
3
77
1
3
83
6
10
83
6
10
74
0
2
76
3
5
85
13
16
91
19
23
87
16
19
80
9
12
80
9
12
78
7
10
76
2
6
76
0
4
77
1
4
78
1
5
80
2
6
81
1
6
81
1
5
80
1
2
15
0
176
15
0
176
15
0
176
15
0
176
15
0
176
15
0
176
15
0
175
15
0
175
15
1
173
18
4
176
19
5
177
19
6
176
19
6
176
19
6
176
19
6
175
18
6
173
16
7
173
18
7
174
16
2
175
15
1
174
16
1
171
17
2
169
17
3
169
17
3
168
18
4
169
19
5
170
21
5
172
22
5
175
23
5
176
23
5
175
21
4
171
21
4
166
25
11
166
27
17
161
18
10
146
5
2
130
10
5
133
20
12
144
26
17
154
28
18
163
24
12
166
18
4
169
18
2
177
18
3
183
17
1
185
13
0
184
12
0
183
14
1
182
14
1
176
10
0
167
12
3
161
17
10
162
24
17
164
27
20
164
26
13
156
20
0
139
11
1
121
23
13
118
7
8
88
1
1
64
1
3
59
1
5
65
13
17
93
27
28
128
21
14
142
20
7
160
20
0
177
19
0
184
17
0
182
15
0
176
12
0
167
8
1
158
9
2
157
16
0
176
14
0
173
15
3
170
16
7
169
14
7
165
11
4
160
11
4
161
17
9
169
24
16
177
16
5
169
19
7
167
21
10
162
19
10
151
30
24
148
36
33
138
21
21
108
4
5
75
33
40
103
120
195
218
121
209
239
98
205
243
84
214
249
69
221
253
49
216
247
42
210
239
64
220
254
69
204
254
78
197
255
76
191
248
77
196
239
92
216
241
112
230
245
107
205
225
49
111
159
0
6
99
45
24
150
22
15
163
17
12
171
18
9
175
19
3
178
20
0
181
23
2
183
17
0
175
11
0
166
14
7
172
7
3
170
6
1
173
7
1
179
8
0
179
11
1
173
22
10
162
27
19
139
18
13
103
5
3
72
118
119
144
228
228
227
251
252
250
244
245
243
250
251
249
252
253
251
252
253
251
245
246
244
250
250
249
254
255
253
251
251
249
243
244
242
241
242
241
255
255
254
235
236
234
243
244
242
249
250
248
251
252
250
253
253
252
255
255
255
255
255
255
255
253
253
252
250
250
250
248
248
251
247
248
253
248
249
253
247
247
234
225
225
173
158
159
114
92
94
48
20
20
40
5
6
53
12
14
53
7
8
57
6
8
63
10
12
56
0
2
73
0
5
72
0
2
80
4
8
81
4
8
81
2
7
84
4
9
88
8
13
85
6
10
76
1
1
92
13
16
90
13
16
88
14
16
85
14
14
80
13
12
75
11
10
72
9
7
68
7
5
64
5
3
74
1
1
75
1
1
75
1
1
76
1
1
76
2
2
76
2
2
77
2
4
77
2
4
77
2
4
76
0
4
76
0
4
76
0
4
76
0
5
76
0
6
76
0
6
76
0
6
76
0
6
76
0
6
77
0
4
77
0
4
77
0
4
77
0
4
76
0
4
76
0
4
76
0
4
76
0
4
74
0
4
76
2
6
74
2
5
71
1
3
70
0
2
71
0
3
73
2
5
72
3
6
70
1
4
68
0
2
71
1
3
71
1
3
66
0
1
65
2
4
73
16
19
52
2
4
50
5
6
47
7
7
40
3
3
36
0
0
45
8
8
62
20
21
45
0
0
53
0
1
75
12
16
73
5
9
73
1
3
76
1
4
78
2
5
77
1
3
77
1
3
87
10
14
77
2
5
74
0
3
134
62
65
207
151
154
198
144
147
108
37
40
78
7
10
77
6
9
78
4
8
79
3
7
78
2
6
78
1
5
78
1
5
79
0
4
79
0
3
87
0
3
15
0
176
15
0
176
15
0
176
15
0
176
15
0
176
15
0
175
15
0
175
15
0
175
15
0
175
17
3
176
18
4
176
18
4
175
18
5
175
18
5
175
18
5
175
18
5
175
18
5
173
18
5
173
16
2
175
15
1
174
16
1
171
17
2
169
17
3
168
17
4
166
18
5
167
19
5
170
21
5
171
22
5
174
22
4
175
21
4
173
21
4
169
20
5
164
20
8
157
18
9
150
13
7
140
9
4
132
16
7
144
23
10
157
25
12
164
25
10
170
21
4
173
18
0
178
18
0
185
17
0
187
14
0
185
13
1
182
13
2
178
13
3
173
13
5
166
14
9
161
21
16
161
27
21
161
24
20
156
18
14
148
16
6
143
19
1
142
21
6
138
28
18
135
23
18
116
10
10
94
3
4
77
1
3
71
4
8
78
14
18
97
27
27
120
28
24
133
28
20
149
25
14
158
23
9
165
20
5
169
18
4
172
18
4
174
19
4
178
18
0
184
14
0
180
15
0
177
14
1
175
13
2
172
11
1
168
10
1
167
14
4
171
18
8
174
12
0
165
12
1
159
17
7
156
16
9
145
23
18
138
28
26
130
19
20
108
3
5
80
15
20
89
104
164
194
131
203
238
111
203
244
79
194
235
61
197
233
62
212
242
67
221
245
56
204
234
71
206
251
72
197
252
89
211
254
86
210
243
86
210
229
103
218
228
104
196
216
11
66
115
6
17
111
35
18
144
17
10
159
16
10
168
18
7
172
16
1
174
17
0
177
21
0
180
17
0
173
12
0
166
15
8
171
9
3
170
7
2
175
9
2
182
11
1
182
14
1
176
23
10
166
27
16
141
18
10
105
7
2
76
116
115
143
224
225
223
251
252
250
248
249
247
253
254
252
251
252
250
253
254
252
247
248
246
248
249
247
246
247
245
244
245
243
249
250
248
253
254
252
250
251
249
249
250
248
249
250
248
251
252
250
252
253
251
248
248
247
243
243
243
247
247
247
252
252
252
254
254
254
254
254
254
251
250
250
248
245
245
245
239
240
247
240
240
251
245
245
230
214
214
156
137
137
70
43
43
42
12
12
43
8
8
47
8
8
48
6
7
54
7
9
80
16
19
67
0
5
71
3
5
73
2
5
73
1
3
75
0
3
78
1
5
82
2
7
79
0
3
77
0
1
76
0
2
75
1
2
74
2
3
73
4
4
73
6
5
72
8
7
72
11
9
73
12
10
75
1
1
75
1
1
75
1
1
75
1
1
76
2
2
76
2
2
77
2
4
77
2
4
77
2
4
76
0
4
76
0
4
76
0
4
76
0
5
76
0
6
76
0
6
76
0
6
76
0
6
76
0
6
77
0
4
77
0
4
77
0
4
76
0
4
76
0
4
76
0
4
76
0
4
76
0
4
74
0
4
75
1
5
74
1
5
72
0
4
71
0
3
72
1
4
74
3
6
73
4
7
70
1
4
68
0
2
73
5
8
76
8
13
72
7
12
63
5
8
48
2
2
80
39
39
86
51
51
65
35
35
41
16
15
33
8
7
34
8
7
35
5
4
54
18
17
66
20
22
55
3
4
62
1
4
71
3
8
76
3
8
77
2
6
78
1
4
75
0
1
74
0
2
75
0
2
74
2
3
86
15
17
118
48
50
117
46
48
73
3
6
75
4
7
74
3
6
76
2
6
77
2
6
77
1
5
77
1
5
79
0
5
80
0
5
81
0
4
91
0
3
15
0
176
15
0
176
15
0
176
15
0
176
15
0
176
15
0
175
15
0
175
15
0
175
15
0
175
16
2
174
16
2
174
16
2
174
16
3
174
16
3
173
16
3
173
16
3
173
16
3
173
16
3
173
16
1
175
15
1
174
16
1
171
17
2
169
17
3
167
17
4
166
18
5
167
19
5
169
21
5
171
22
5
172
21
4
172
21
5
171
22
6
169
21
7
162
16
4
152
10
2
140
13
7
137
19
15
140
23
14
156
25
11
167
24
9
170
21
4
173
18
1
177
18
0
183
19
0
188
17
0
187
14
0
182
16
3
178
17
6
174
13
6
163
10
6
154
14
11
150
22
18
152
26
22
153
22
17
146
14
9
137
10
3
132
16
5
136
29
18
148
28
17
145
32
22
145
25
17
132
13
6
113
10
6
102
6
5
92
3
4
84
11
14
91
14
18
97
19
22
111
23
21
127
24
18
143
25
12
159
25
7
173
25
4
184
24
2
190
21
2
186
17
1
183
15
0
179
14
1
177
14
1
177
13
1
175
12
1
173
12
2
173
14
3
172
15
4
170
13
2
161
20
10
160
21
13
151
23
18
142
28
24
134
27
26
122
14
15
100
7
10
89
25
60
95
111
162
201
121
190
234
101
191
235
87
197
235
84
210
239
78
211
234
66
202
227
59
192
230
68
197
242
89
215
252
84
206
233
97
210
227
124
222
231
107
179
198
10
44
93
12
16
111
31
15
141
17
11
154
17
12
165
20
9
170
19
4
172
19
1
173
22
2
175
20
2
170
16
3
165
17
10
168
11
6
168
10
5
173
12
5
180
13
3
181
17
3
175
23
9
163
24
13
136
16
7
101
6
2
75
114
113
141
221
222
220
251
252
251
251
252
250
255
255
254
249
249
248
254
254
253
251
251
250
249
249
248
251
251
250
253
253
252
250
250
249
246
247
246
245
246
244
239
239
238
245
245
244
248
249
248
247
248
246
246
246
246
248
249
249
250
251
251
254
254
254
254
254
254
253
254
254
252
253
253
251
251
251
250
248
248
251
248
247
253
247
247
240
231
230
255
251
249
188
174
173
131
116
115
107
86
84
76
48
47
42
13
12
48
15
15
74
20
21
58
3
4
65
7
8
70
8
9
73
7
9
73
3
6
74
1
4
80
4
7
81
3
6
81
2
4
78
2
3
76
1
3
74
1
1
72
1
1
70
1
1
68
3
2
68
4
3
68
6
4
75
1
1
75
1
1
75
1
1
75
1
1
76
2
2
76
2
2
77
2
4
77
2
4
77
2
4
76
0
4
76
0
4
76
0
4
76
0
5
76
0
6
76
0
6
76
0
6
76
0
6
76
0
6
77
0
4
77
0
4
77
0
4
77
0
4
76
0
4
76
0
4
76
0
4
76
0
4
74
0
4
74
0
4
73
0
3
72
1
4
73
2
5
74
3
6
75
4
7
73
4
7
71
2
5
69
0
3
69
3
5
69
5
9
69
8
12
67
13
16
59
14
16
210
176
176
243
221
220
197
180
178
136
121
119
96
82
80
82
67
65
72
53
51
44
17
16
53
17
18
62
15
16
63
8
9
72
8
12
77
7
12
77
4
8
78
1
4
80
3
6
77
2
4
73
0
1
79
7
8
73
3
4
71
2
2
71
3
3
71
3
4
72
1
4
73
2
4
74
1
5
76
1
5
77
1
5
77
1
5
79
1
5
80
0
5
82
1
5
92
0
2
15
0
176
15
0
176
15
0
176
15
0
176
15
0
176
15
0
176
15
0
175
15
0
175
15
0
175
14
0
172
14
0
172
14
0
172
14
1
171
14
1
171
14
1
171
14
1
171
14
1
171
14
1
171
15
1
175
15
1
174
16
1
171
17
2
169
17
3
167
17
4
166
18
5
166
19
6
168
21
6
170
22
5
172
22
5
172
23
6
172
24
9
170
22
8
163
13
2
149
7
0
135
15
11
138
28
25
148
30
21
163
26
12
171
22
6
170
18
1
172
16
0
177
17
0
184
19
0
187
16
0
184
14
1
178
13
2
169
12
4
160
14
8
154
18
14
150
25
21
150
29
24
150
26
20
146
18
11
138
10
3
129
7
2
126
14
10
134
30
23
152
22
11
149
31
15
161
32
13
161
24
6
148
26
10
141
21
10
125
6
1
97
0
0
79
1
3
74
4
8
79
11
12
96
19
14
120
25
14
145
28
10
165
28
5
179
26
2
185
22
6
183
20
4
181
18
3
178
16
3
177
16
3
178
15
3
178
13
3
177
12
2
176
12
1
174
15
4
174
12
2
165
20
8
163
23
13
158
23
14
149
27
19
141
32
26
137
27
22
126
5
3
100
0
15
58
33
60
106
125
168
213
141
202
245
108
187
226
94
190
221
114
223
245
103
222
243
75
200
229
80
204
240
86
204
237
92
200
225
116
209
223
121
196
205
70
118
138
9
23
75
16
11
109
34
16
147
18
12
150
20
15
159
24
15
167
23
8
169
22
4
168
24
6
170
24
7
166
16
6
157
15
9
158
12
8
161
11
7
167
12
6
174
15
4
177
18
5
171
23
9
158
22
9
127
14
4
93
6
1
68
118
117
143
226
226
226
252
252
252
250
250
250
254
254
254
245
245
245
254
254
254
254
254
254
251
251
251
249
249
249
248
248
248
245
245
245
247
247
247
253
253
253
242
242
242
249
249
249
253
253
253
251
251
251
249
251
250
251
255
254
251
254
254
250
254
253
249
253
252
249
252
252
250
253
253
251
254
254
252
255
254
252
254
253
249
250
249
240
238
236
255
253
249
255
251
248
249
245
242
236
226
222
172
157
154
75
59
57
25
4
4
67
24
25
50
3
5
54
5
5
63
9
10
65
8
9
66
3
5
68
1
3
74
2
5
80
4
7
80
3
5
81
2
5
79
1
4
78
1
3
76
2
2
73
2
2
71
2
1
69
1
1
68
2
1
75
1
1
75
1
1
75
1
1
76
1
1
76
2
2
76
2
2
77
2
4
77
2
4
77
2
4
76
0
4
76
0
4
76
0
4
76
0
5
76
0
6
76
0
6
76
0
6
76
0
6
76
0
6
77
0
4
77
0
4
77
0
4
77
0
4
76
0
4
76
0
4
76
0
4
76
0
4
74
0
4
73
0
3
72
0
3
72
1
4
74
3
6
75
4
7
75
4
7
72
3
6
72
3
5
71
2
5
73
7
11
71
8
13
63
6
9
60
11
13
53
14
15
227
200
200
251
238
237
243
235
232
241
237
233
230
227
223
213
207
204
189
181
179
83
64
63
34
5
5
60
18
20
61
10
12
67
6
10
72
6
10
75
5
8
79
3
5
81
4
8
79
4
7
72
0
1
75
3
4
76
5
6
72
3
3
71
3
3
74
6
7
70
1
2
71
1
2
73
0
3
75
0
3
76
1
3
77
0
4
78
0
4
80
1
5
81
0
5
87
1
0
15
0
176
15
0
176
15
0
176
15
0
176
15
0
176
15
0
175
15
0
175
15
0
175
15
0
175
14
0
172
14
0
171
14
0
171
14
0
171
14
1
171
14
1
171
14
1
171
14
1
171
14
1
171
15
1
175
15
1
174
16
1
171
17
2
169
17
3
167
17
4
166
18
6
166
19
6
168
21
6
170
22
6
171
23
7
172
24
8
172
24
9
169
20
7
160
11
1
146
7
1
135
17
13
139
29
27
148
29
22
161
23
12
167
19
6
167
16
1
169
15
0
175
16
0
181
16
0
181
15
0
178
16
3
172
16
6
164
17
9
155
18
13
148
21
17
144
24
19
142
24
17
141
21
12
137
20
8
137
21
8
140
20
11
140
18
16
143
26
20
156
19
7
156
24
5
167
28
4
172
28
3
170
34
8
167
32
9
152
22
5
129
17
8
111
11
6
94
5
1
82
4
2
87
10
5
105
19
8
126
26
10
147
29
9
162
28
7
169
19
8
170
20
9
173
20
8
173
16
5
173
15
4
173
14
4
175
13
3
176
12
2
176
11
0
174
13
1
175
13
0
169
16
2
165
22
8
164
23
9
157
24
10
149
31
18
149
34
22
148
10
0
121
4
18
66
3
18
69
108
129
182
169
199
244
168
211
248
137
198
230
109
189
210
109
207
223
101
208
231
95
202
231
87
185
215
117
200
223
125
191
204
88
135
145
37
64
87
8
17
71
36
28
128
28
10
144
17
12
143
23
20
153
28
20
162
26
14
163
25
9
162
29
12
164
27
14
160
20
11
150
18
13
151
14
11
153
12
10
159
14
8
166
17
8
169
20
9
166
24
12
151
21
9
119
12
4
85
6
1
61
129
127
150
237
237
237
252
252
252
247
247
247
253
253
253
242
242
242
252
252
252
255
255
255
252
252
252
250
250
250
252
252
252
252
252
252
251
251
251
239
239
239
250
250
250
246
246
246
247
247
247
250
250
250
249
251
251
247
252
251
248
252
252
247
253
252
248
253
252
247
253
252
248
254
253
248
254
253
247
253
252
246
253
250
247
252
250
248
252
250
239
242
237
249
248
244
250
249
243
251
249
243
220
215
210
156
151
146
96
86
83
44
12
11
47
11
11
57
17
16
56
10
9
53
3
2
59
2
3
70
6
8
76
7
9
71
0
1
75
0
1
77
0
1
79
0
2
79
1
2
78
1
2
76
2
2
75
2
2
72
1
1
71
1
1
75
1
1
75
1
1
75
1
1
75
1
1
76
2
2
76
2
2
77
2
4
77
2
4
77
2
4
76
0
4
76
0
4
76
0
4
76
0
5
76
0
6
76
0
6
76
0
6
76
0
6
76
0
6
77
0
4
77
0
4
77
0
4
77
0
4
76
0
4
76
0
4
76
0
4
76
0
4
74
0
4
73
0
3
73
1
3
73
2
5
74
3
6
74
3
6
73
3
5
71
2
5
72
3
6
74
4
7
68
4
7
64
7
10
64
11
13
50
5
8
35
1
2
207
186
185
243
233
230
247
246
242
238
242
237
237
242
237
242
245
241
227
225
222
165
154
151
68
43
43
44
8
9
58
10
13
63
5
9
68
4
8
76
6
11
80
4
6
75
0
2
76
2
3
82
9
11
74
2
3
72
2
3
71
3
3
69
2
2
69
2
2
69
1
2
71
1
2
73
0
2
75
0
2
75
0
2
76
0
2
78
0
3
79
0
3
79
0
3
80
1
0
15
0
176
15
0
176
15
0
176
15
0
176
15
0
176
15
0
175
15
0
175
15
0
175
15
0
175
15
1
173
15
1
173
15
1
173
15
1
173
15
1
172
15
2
172
15
2
172
15
2
172
15
2
172
16
1
175
15
1
174
16
2
171
17
2
169
17
3
167
17
4
166
18
6
166
19
6
168
21
6
170
21
5
170
22
6
171
23
8
171
21
7
166
16
2
156
10
0
144
11
4
138
17
13
139
23
20
141
22
16
153
19
10
160
17
7
162
17
4
168
17
3
174
16
1
176
13
0
174
14
1
171
17
6
168
22
15
164
23
17
155
16
12
141
10
7
128
9
4
123
9
2
123
12
1
129
23
7
141
36
16
155
34
21
160
19
18
156
19
12
159
21
10
166
19
0
169
24
0
175
31
3
180
33
3
176
32
3
166
35
7
157
39
16
149
33
16
134
25
11
118
17
7
109
15
4
108
15
3
113
17
5
121
20
7
130
21
8
139
15
9
158
21
14
165
23
15
170
18
10
168
14
6
168
13
3
171
12
3
174
12
2
176
12
0
175
14
1
177
18
3
177
17
1
171
25
8
174
28
10
170
27
8
163
31
12
161
39
21
165
24
6
148
2
23
73
1
12
67
23
29
88
33
37
90
49
61
103
100
131
163
169
224
242
140
215
228
137
224
243
121
203
229
93
161
190
92
144
167
63
100
113
16
39
50
4
13
38
2
6
62
29
22
126
12
3
135
10
10
131
20
19
141
25
19
150
23
12
150
21
7
149
27
11
153
28
17
152
22
17
145
20
18
145
16
16
148
14
15
153
15
13
160
19
12
164
25
15
162
29
17
148
23
13
112
14
6
79
8
4
57
140
139
160
248
247
248
251
250
251
243
242
244
254
253
254
243
243
244
251
250
252
254
253
254
252
251
252
249
248
250
249
248
250
251
250
252
253
253
254
249
248
249
213
213
214
232
232
233
248
247
248
249
248
249
246
247
248
248
253
252
248
254
253
249
255
253
249
255
254
247
255
254
247
255
254
246
254
253
245
254
252
244
254
251
244
253
250
244
252
250
235
244
238
239
245
240
229
235
228
237
243
236
244
248
242
238
240
235
229
228
223
217
197
195
107
78
77
46
13
12
40
2
1
58
13
13
65
13
13
62
3
4
69
3
5
80
7
9
78
2
4
80
2
4
81
1
4
81
1
2
79
0
1
77
0
1
75
0
0
74
0
0
73
0
0
75
1
1
75
1
1
75
1
1
75
2
2
76
2
2
76
2
2
77
2
4
77
2
4
77
2
4
76
0
4
76
0
4
76
0
4
76
0
5
76
0
6
76
0
6
76
0
6
76
0
6
76
0
6
77
0
4
77
0
4
77
0
4
77
0
4
76
0
4
76
0
4
76
0
4
76
0
4
74
0
4
74
0
4
73
1
4
73
2
5
74
3
6
73
2
5
71
0
3
71
2
5
73
4
7
76
7
10
73
9
13
63
8
10
51
3
4
52
10
13
100
69
69
245
235
234
248
244
240
249
252
248
244
252
247
236
247
241
229
239
233
227
230
226
240
237
234
147
126
125
52
18
20
53
6
10
59
3
8
66
4
9
74
5
10
78
1
4
75
0
2
74
0
1
84
11
13
75
4
5
73
3
4
70
2
2
68
1
1
69
1
2
69
1
2
71
1
2
73
0
2
74
0
2
75
0
2
75
0
2
77
0
2
79
0
3
78
0
2
74
2
0
15
0
176
15
0
176
15
0
176
15
0
176
15
0
176
15
0
175
15
0
175
15
0
175
15
0
175
15
1
173
15
1
173
15
1
173
15
1
173
15
1
173
15
2
172
15
2
172
15
2
172
15
2
172
16
1
175
15
1
174
16
1
171
17
2
169
17
3
167
17
5
165
18
6
166
19
7
167
21
7
169
19
3
168
21
5
170
22
6
170
19
4
163
12
0
151
10
0
144
15
8
142
17
14
138
16
14
134
17
12
146
17
10
156
16
7
159
16
7
165
19
7
173
16
2
174
11
0
169
13
2
167
20
10
167
18
11
157
10
6
140
7
3
127
5
1
120
10
4
123
13
3
126
15
1
131
21
1
139
28
5
149
28
12
159
18
13
163
10
4
158
26
13
175
20
1
172
24
0
176
35
5
185
32
3
178
31
2
171
37
4
170
38
7
162
43
15
157
46
23
150
38
19
137
26
11
122
14
4
109
8
0
102
6
0
100
8
2
111
16
13
153
25
21
164
28
22
169
22
17
169
17
10
168
14
6
170
14
6
174
15
5
177
16
3
179
13
0
177
20
5
182
16
1
173
25
8
179
32
11
179
29
7
171
29
6
166
41
18
176
32
10
166
22
50
101
30
44
101
19
17
80
26
15
76
21
13
62
27
37
70
96
134
153
122
183
195
32
101
120
7
57
84
2
35
64
2
18
40
1
7
21
2
7
19
7
13
39
13
15
71
1
1
100
7
1
134
2
1
119
8
7
123
12
7
131
9
2
131
6
0
130
13
1
135
18
8
138
17
12
135
17
15
136
17
18
143
17
18
151
18
16
158
23
16
162
28
19
161
32
22
146
25
17
110
16
11
78
10
8
56
148
146
165
253
252
254
249
248
250
239
238
240
255
254
255
246
245
247
251
250
252
253
252
254
252
250
253
250
249
251
249
248
250
245
244
246
245
244
246
232
230
233
28
27
29
114
113
115
213
212
214
251
250
252
250
252
252
249
255
254
249
255
254
248
254
253
245
253
252
245
253
252
244
254
253
244
255
253
244
255
252
244
254
252
245
254
253
237
248
245
240
252
246
246
254
250
243
253
246
244
253
246
235
243
236
229
237
229
246
253
247
253
249
247
156
131
129
66
37
34
43
7
5
45
2
1
57
5
5
65
6
7
67
1
3
71
0
1
77
0
3
78
0
2
79
0
1
79
0
0
78
0
0
79
1
2
80
3
4
81
5
6
82
6
7
75
1
1
75
1
1
75
1
1
76
1
1
76
2
2
76
2
2
77
2
4
77
2
4
77
2
4
76
0
4
76
0
4
76
0
4
76
0
5
76
0
6
76
0
6
76
0
6
76
0
6
76
0
6
77
0
4
77
0
4
77
0
4
77
0
4
76
0
4
76
0
4
76
0
4
76
0
4
74
0
4
74
1
5
74
2
5
74
3
6
73
2
5
72
1
4
70
0
2
70
1
4
74
5
8
78
9
12
71
8
12
58
3
8
53
4
8
68
27
30
145
117
117
254
246
244
231
229
226
241
247
243
242
254
248
241
254
249
238
248
244
228
233
229
228
225
221
150
132
131
52
21
22
45
2
4
63
10
13
68
8
13
67
0
3
80
4
5
93
19
19
76
1
3
72
0
1
73
2
3
77
7
8
74
5
6
71
3
4
71
3
4
69
1
2
71
1
2
73
0
2
75
0
2
75
0
2
76
0
2
77
0
2
78
0
2
78
0
3
71
2
0
15
1
173
15
1
173
15
1
173
15
1
173
15
0
174
15
0
175
15
0
175
15
0
175
15
0
175
15
0
176
15
0
176
15
0
176
16
0
177
16
0
177
16
0
178
17
1
179
17
1
179
17
1
179
17
7
168
17
8
165
17
7
166
19
5
167
20
4
168
21
3
170
23
3
172
26
5
173
28
6
173
29
6
169
27
5
161
27
7
155
27
9
149
22
7
137
12
0
119
15
5
115
27
19
123
32
25
125
24
19
138
17
13
146
15
12
145
15
11
144
17
12
143
18
13
144
16
11
143
11
7
138
6
2
133
7
3
135
11
6
141
14
9
146
19
14
154
21
17
159
21
16
163
18
13
161
14
10
159
11
6
157
13
6
156
20
8
157
19
6
162
17
3
169
16
0
179
16
0
185
15
0
187
14
0
184
12
1
176
10
5
167
10
10
157
10
13
148
14
18
143
18
21
143
19
19
144
15
11
143
10
4
142
7
1
142
8
2
130
13
10
74
11
8
72
19
17
85
32
25
104
36
23
122
34
16
138
33
8
156
33
3
172
33
2
181
35
5
184
26
3
165
26
12
152
31
24
143
27
26
131
22
24
123
26
27
128
31
30
137
14
14
126
32
25
108
21
16
91
9
7
71
3
2
52
1
2
38
2
5
29
4
9
23
4
9
19
1
6
17
5
7
26
2
3
32
1
1
41
4
0
53
7
1
66
9
2
77
8
2
85
10
3
92
15
6
100
16
2
125
17
2
130
15
2
126
12
3
121
9
3
115
5
4
110
3
4
109
3
3
109
3
3
112
3
3
114
4
2
113
4
1
109
7
2
103
15
9
98
27
20
94
22
17
73
9
7
46
3
2
32
123
122
134
230
230
230
251
251
251
254
254
254
253
253
253
253
253
253
250
250
250
253
253
253
253
253
253
252
252
252
254
254
254
254
254
254
249
249
249
208
208
208
19
19
19
115
115
115
215
215
215
252
252
252
250
250
250
249
249
249
250
250
250
252
252
252
253
253
253
254
254
254
254
254
254
255
255
255
255
255
255
254
254
254
253
253
253
254
254
254
255
255
255
253
253
253
252
252
252
250
250
250
249
249
249
250
250
250
250
250
250
244
246
246
234
234
234
131
127
126
52
45
42
29
15
12
33
8
5
48
12
9
68
20
17
64
2
2
78
3
4
85
2
4
89
0
3
89
0
3
86
0
4
81
0
4
76
0
5
70
0
6
67
1
6
70
1
3
72
1
3
74
0
3
76
0
4
77
1
5
78
1
6
81
2
9
84
4
11
87
8
15
83
3
11
81
3
11
78
2
10
75
2
10
71
2
9
68
2
9
66
4
9
66
6
11
66
8
12
73
5
6
75
3
3
74
2
2
74
1
1
73
1
1
72
0
0
72
0
0
74
0
0
74
0
0
74
0
0
75
1
1
75
0
1
76
0
1
76
0
1
76
0
1
78
0
1
78
0
1
78
0
1
61
2
2
45
3
4
42
4
4
46
12
12
98
69
69
254
237
238
254
244
245
251
242
242
251
244
244
244
236
236
236
225
224
238
222
220
212
190
188
133
103
98
68
30
25
54
8
4
60
8
3
64
8
3
67
2
2
76
0
4
76
0
4
76
0
4
76
0
4
76
0
4
76
0
4
76
0
4
76
0
4
76
0
4
76
0
4
76
0
4
76
0
4
76
0
4
76
0
4
76
0
4
76
0
4
76
0
4
76
0
4
76
0
4
15
1
173
15
1
173
15
1
173
15
1
173
15
0
174
15
0
175
15
0
175
15
0
175
15
0
175
15
0
176
15
0
176
15
0
176
15
0
176
16
0
177
16
0
178
16
0
178
16
1
178
16
1
178
17
5
171
16
5
168
16
4
169
17
3
171
17
3
172
18
2
173
20
2
176
21
3
176
23
5
175
22
2
169
22
3
164
25
8
163
29
13
160
25
10
149
10
0
130
10
2
122
19
11
128
22
15
128
23
16
141
20
14
148
14
9
142
8
4
136
5
2
133
6
1
134
8
2
137
9
3
138
9
4
139
16
10
148
25
16
158
27
17
162
27
18
165
28
18
168
26
15
169
22
11
168
18
7
166
15
4
163
16
4
162
19
5
162
19
4
165
17
3
169
16
1
174
15
1
177
14
0
180
13
0
178
11
1
174
10
3
169
9
4
162
9
6
156
13
10
153
19
16
155
25
19
157
25
17
157
22
12
154
18
7
150
14
5
135
10
4
79
4
0
69
1
0
68
6
2
76
13
6
92
22
10
113
29
11
135
30
8
149
26
2
153
35
12
162
32
15
150
34
25
141
34
31
131
24
24
115
14
15
104
9
9
104
7
4
109
7
3
114
5
2
80
2
0
75
2
1
68
3
3
61
3
3
54
2
3
47
1
2
43
1
2
42
2
1
46
3
2
53
2
1
59
4
0
69
8
2
83
14
5
98
18
9
108
19
11
115
21
14
123
27
18
129
29
12
148
29
11
152
28
13
148
27
15
144
24
17
140
21
18
137
20
19
135
19
18
136
19
16
137
16
12
135
15
8
131
12
5
121
9
1
108
8
1
93
11
2
81
6
0
58
1
0
40
4
2
35
123
122
136
227
227
227
248
248
248
253
253
253
253
253
253
255
255
255
252
252
252
253
253
253
252
252
252
253
253
253
253
253
253
251
251
251
251
251
251
202
202
202
18
18
18
143
143
143
229
229
229
251
251
251
248
248
248
251
251
251
251
251
251
252
252
252
253
253
253
254
254
254
254
254
254
254
254
254
253
253
253
253
253
253
253
253
253
254
254
254
255
255
255
254
254
254
252
252
252
250
250
250
250
250
250
251
251
251
251
251
251
247
249
249
253
254
254
222
220
220
131
124
122
53
39
37
33
10
7
53
18
15
66
19
16
62
2
2
76
3
3
83
1
3
86
0
2
88
0
3
86
0
5
81
1
5
76
1
6
70
0
6
67
1
6
78
4
4
78
3
3
77
2
3
77
1
3
77
1
4
78
1
6
79
0
9
82
3
11
82
3
13
81
4
13
79
3
13
77
3
12
76
4
12
75
6
13
74
7
13
72
7
12
67
4
7
64
2
4
73
3
4
75
3
3
74
2
2
73
1
1
73
1
1
72
0
0
72
0
0
74
0
0
74
0
0
75
1
1
75
1
1
75
1
1
76
0
1
76
0
1
76
0
1
78
0
1
78
0
1
78
0
1
63
2
2
53
8
7
54
12
12
46
7
7
41
8
9
213
195
195
231
212
213
248
233
233
247
234
235
221
208
208
182
166
166
149
129
128
109
83
81
70
37
34
53
10
7
58
7
2
67
12
5
70
10
5
70
4
2
76
0
4
76
0
4
76
0
4
76
0
4
76
0
4
76
0
4
76
0
4
76
0
4
76
0
4
76
0
4
76
0
4
76
0
4
76
0
4
76
0
4
76
0
4
76
0
4
76
0
4
76
0
4
76
0
4
15
1
173
15
1
173
15
1
173
15
1
173
15
0
174
15
0
175
15
0
175
15
0
175
15
0
175
15
0
176
15
0
176
15
0
176
15
0
176
15
0
176
16
0
177
16
0
178
16
0
178
16
0
178
17
2
175
17
3
174
16
2
175
16
1
176
15
1
176
14
0
177
15
1
180
16
3
179
17
4
179
16
3
176
16
4
172
19
8
171
24
13
171
21
11
162
8
0
143
4
0
133
8
1
134
7
2
132
9
3
136
9
2
138
7
1
136
6
0
135
8
1
137
14
4
144
20
9
151
24
12
156
26
14
160
27
14
162
26
12
164
27
11
166
27
10
169
26
9
171
24
6
171
22
3
171
20
2
170
19
0
170
19
1
170
19
2
170
19
3
170
17
3
169
17
3
168
15
3
168
13
3
169
12
2
170
12
2
171
12
1
172
10
0
171
10
0
170
13
2
168
16
4
166
21
8
165
24
13
162
27
16
159
28
17
155
27
15
144
27
14
105
17
7
90
6
1
74
2
0
67
2
0
69
5
0
77
8
0
89
14
1
103
19
4
113
18
5
110
18
10
104
18
16
95
11
12
82
9
10
78
7
7
80
2
0
85
4
0
97
6
0
106
3
3
90
7
6
93
11
10
96
15
13
97
16
14
95
14
11
93
13
8
91
13
6
93
15
6
100
9
1
100
7
0
104
9
0
112
14
4
122
18
9
132
20
12
137
19
13
139
20
16
141
24
20
145
26
10
158
26
8
161
25
9
159
24
10
156
22
13
153
21
13
151
20
13
150
19
12
149
19
10
150
21
11
150
24
12
149
25
11
141
24
10
129
25
11
114
24
13
97
11
3
66
4
1
44
7
2
39
125
123
138
227
227
227
246
246
246
249
249
249
251
251
251
255
255
255
253
253
253
254
254
254
254
254
254
253
253
253
252
252
252
251
251
251
252
252
252
201
201
201
21
21
21
158
158
158
236
236
236
250
250
250
248
248
248
252
252
252
252
252
252
254
254
254
254
254
254
254
254
254
253
253
253
253
253
253
252
252
252
253
253
253
253
253
253
254
254
254
255
255
255
254
254
254
252
252
252
251
251
251
251
251
251
251
251
251
251
252
252
246
249
249
247
249
249
251
252
251
201
197
194
83
71
69
33
12
9
49
17
14
50
6
4
60
2
1
73
2
2
80
0
1
84
0
2
85
0
3
85
1
5
81
2
6
76
2
6
69
1
7
65
0
5
84
5
2
83
4
1
81
2
1
80
2
3
80
3
7
81
4
10
80
3
14
79
2
15
78
2
16
75
1
15
73
1
13
71
0
11
71
1
11
73
4
12
76
7
12
78
10
11
76
9
9
75
7
8
76
5
5
76
4
4
75
3
3
74
1
1
73
1
1
72
0
0
72
0
0
74
0
0
74
0
0
75
1
1
75
1
1
75
1
1
76
0
1
76
0
1
76
0
1
78
0
1
78
0
1
78
0
1
65
0
0
55
4
3
55
7
7
47
3
4
62
22
23
95
62
62
138
110
111
172
148
149
183
161
162
138
117
117
72
48
48
47
20
19
38
4
4
48
7
6
60
11
9
70
13
9
75
14
9
75
10
5
73
4
3
76
0
4
76
0
4
76
0
4
76
0
4
76
0
4
76
0
4
76
0
4
76
0
4
76
0
4
76
0
4
76
0
4
76
0
4
76
0
4
76
0
4
76
0
4
76
0
4
76
0
4
76
0
4
76
0
4
15
1
173
15
1
173
15
1
173
15
1
173
15
0
174
15
0
175
15
0
175
15
0
175
15
0
175
15
0
176
15
0
176
15
0
176
15
0
176
15
0
176
15
0
177
16
0
178
16
0
178
16
0
178
18
0
179
17
1
180
16
0
179
14
0
179
12
0
179
11
0
179
11
1
181
10
3
180
10
5
180
9
4
178
6
3
174
8
4
171
13
9
173
15
10
172
10
4
162
12
6
160
15
8
160
13
5
156
18
8
154
22
11
154
22
10
154
21
9
154
22
8
156
24
10
160
25
10
162
25
8
163
24
7
165
25
7
167
25
6
170
26
4
171
26
3
172
25
2
174
25
1
176
25
0
177
27
0
178
27
1
179
25
0
179
20
0
178
20
1
174
17
3
169
17
5
164
15
6
162
14
6
163
14
5
165
13
3
170
15
1
178
20
3
187
20
1
190
19
0
187
18
0
178
18
1
169
20
5
159
23
11
151
25
16
145
28
19
139
37
21
128
35
23
116
18
11
87
12
11
71
23
24
76
30
31
81
23
23
75
9
6
63
5
2
59
5
2
60
2
1
50
1
3
45
1
4
41
3
5
47
7
6
60
11
5
77
21
11
100
38
24
125
19
14
125
20
15
128
22
17
131
26
18
135
28
18
139
29
17
143
30
16
147
31
15
152
32
15
157
22
5
151
17
4
150
18
5
153
21
10
156
22
15
159
20
16
157
14
14
151
11
14
146
13
16
146
25
10
170
27
9
177
26
9
175
25
10
173
24
11
172
24
11
170
23
10
169
22
9
168
23
9
167
26
10
166
29
12
162
31
12
154
32
14
142
37
20
129
37
23
112
22
10
77
11
2
51
11
3
43
138
135
150
242
242
242
252
252
252
253
253
253
252
252
252
255
255
255
252
252
252
254
254
254
254
254
254
251
251
251
251
251
251
254
254
254
252
252
252
203
203
203
26
26
26
149
149
149
231
231
231
253
253
253
251
251
251
253
253
253
253
253
253
254
254
254
254
254
254
254
254
254
253
253
253
252
252
252
252
252
252
252
252
252
253
253
253
254
254
254
255
255
255
254
254
254
252
252
252
251
251
251
251
251
251
252
252
252
253
254
254
249
254
253
243
247
247
242
245
243
243
241
238
124
115
111
44
27
23
42
13
9
47
5
3
63
8
7
70
4
3
77
1
2
82
0
2
84
0
3
83
1
5
80
2
7
74
3
7
68
2
7
63
1
5
88
5
0
87
3
0
85
3
1
83
3
4
82
4
9
78
4
13
75
3
16
71
1
17
68
1
19
67
0
20
67
2
19
68
3
18
70
3
15
71
2
12
72
2
8
75
3
4
78
5
3
80
7
4
78
5
5
76
4
4
75
3
3
74
2
2
73
1
1
73
1
1
73
1
1
74
1
1
74
1
1
75
1
1
75
1
1
75
0
1
76
0
1
76
0
1
76
0
1
78
0
1
78
0
1
78
0
1
68
0
0
63
4
4
64
8
7
55
2
2
62
14
14
56
14
15
55
18
18
61
27
28
66
35
35
62
30
31
50
15
16
44
6
6
50
7
6
61
12
9
64
7
5
68
6
4
74
6
3
76
5
2
75
2
2
76
0
4
76
0
4
76
0
4
76
0
4
76
0
4
76
0
4
76
0
4
76
0
4
76
0
4
76
0
4
76
0
4
76
0
4
76
0
4
76
0
4
76
0
4
76
0
4
76
0
4
76
0
4
76
0
4
15
1
173
15
1
173
15
1
173
15
1
173
15
0
174
15
0
175
15
0
175
15
0
175
15
0
175
15
0
176
15
0
176
15
0
176
15
0
176
15
0
177
16
0
178
16
0
178
16
0
178
16
0
178
18
0
181
18
0
182
15
0
181
13
0
180
10
0
179
9
2
177
6
3
178
6
5
176
5
7
176
6
8
177
3
5
172
2
3
169
5
6
172
10
9
174
10
8
173
17
12
177
20
13
179
15
7
173
24
13
172
31
18
172
29
15
170
26
11
168
23
7
167
22
5
166
21
4
169
22
3
170
22
3
172
24
4
175
25
4
177
26
3
178
25
1
178
26
0
178
26
0
179
27
0
179
28
0
181
29
0
182
26
0
182
20
0
181
18
0
176
17
3
169
17
6
163
15
8
160
15
8
161
15
6
164
15
2
170
17
1
179
24
3
191
23
0
195
23
0
191
22
0
182
23
3
171
24
10
160
27
18
149
29
24
141
33
27
138
50
30
147
38
24
126
25
17
94
35
36
89
53
58
93
45
52
78
20
25
48
5
10
32
18
23
45
14
18
37
1
1
15
10
17
26
7
14
24
2
7
24
4
3
37
13
5
61
24
10
85
56
37
126
38
29
154
33
23
153
29
17
151
27
13
154
28
12
160
31
12
168
31
12
175
32
10
179
29
8
181
23
3
176
20
3
174
19
6
172
19
10
172
19
15
170
17
17
164
10
14
156
5
12
148
5
14
148
15
4
172
18
2
179
18
2
178
18
2
178
17
2
177
17
2
177
17
2
177
17
2
176
19
2
174
23
4
172
28
8
166
32
11
157
38
18
148
45
27
137
47
32
120
29
15
80
11
2
50
9
2
40
140
137
152
245
245
245
252
252
252
247
247
247
247
247
247
253
253
253
250
250
250
254
254
254
255
255
255
252
252
252
251
251
251
255
255
255
251
251
251
190
190
190
28
28
28
138
138
138
225
225
225
253
253
253
252
252
252
252
252
252
252
252
252
253
253
253
254
254
254
254
254
254
254
254
254
253
253
253
253
253
253
253
253
253
253
253
253
254
254
254
255
255
255
254
254
254
253
253
253
252
252
252
252
252
252
253
253
253
253
254
254
243
249
248
249
254
254
248
251
249
251
250
247
163
157
153
67
53
50
30
5
3
48
10
6
55
5
3
72
7
6
78
4
5
79
2
3
81
0
3
80
0
4
77
2
6
73
3
6
68
2
7
63
2
6
90
3
0
90
3
0
87
3
2
82
3
6
76
2
10
68
1
13
62
0
16
58
0
20
57
0
25
54
0
22
55
0
22
59
1
22
64
3
20
68
4
16
71
3
11
75
3
6
79
5
3
81
5
2
78
5
4
77
5
5
76
4
4
74
3
3
74
2
2
73
1
1
73
1
1
75
1
1
75
1
1
75
1
1
75
1
1
75
1
1
76
0
1
76
0
1
76
0
1
78
0
1
78
0
1
78
0
1
71
0
0
67
2
2
68
5
4
64
4
4
57
1
1
74
21
21
57
9
10
61
15
17
54
10
12
50
7
8
53
7
9
54
5
6
61
8
8
66
7
7
68
3
2
78
7
6
87
12
10
88
11
8
82
4
4
76
0
4
76
0
4
76
0
4
76
0
4
76
0
4
76
0
4
76
0
4
76
0
4
76
0
4
76
0
4
76
0
4
76
0
4
76
0
4
76
0
4
76
0
4
76
0
4
76
0
4
76
0
4
76
0
4
15
1
173
15
1
173
15
1
173
15
1
173
15
0
174
15
0
175
15
0
175
15
0
175
15
0
175
15
0
176
15
0
176
15
0
176
15
0
176
16
0
177
16
0
178
16
0
178
17
1
179
17
1
179
18
0
180
17
0
180
15
1
178
13
2
175
10
4
172
9
6
169
6
9
168
7
12
166
6
13
165
5
14
164
3
11
161
3
10
161
9
14
168
13
15
173
10
9
170
12
9
173
15
9
176
9
3
171
13
2
170
17
3
171
17
3
172
17
2
172
16
1
173
15
1
177
18
2
180
21
6
184
24
8
188
22
5
186
19
1
182
18
0
181
19
0
180
19
0
177
21
0
177
21
0
175
22
0
174
23
0
173
21
0
175
18
0
178
18
0
176
17
2
170
17
4
167
17
5
164
17
5
164
17
4
166
17
2
170
18
1
174
19
0
178
21
1
179
24
3
178
27
8
173
27
12
162
26
15
148
24
18
135
22
19
125
23
18
121
24
5
125
13
1
103
7
1
75
21
21
67
32
38
62
25
34
44
19
29
31
41
50
50
91
99
98
128
134
133
22
29
22
13
19
12
13
20
12
20
25
23
21
22
34
15
11
41
16
9
55
50
34
97
26
20
128
22
15
129
19
10
130
19
7
137
21
7
147
24
8
158
26
9
167
25
7
173
23
5
175
18
1
174
14
1
171
13
2
171
14
5
173
14
9
174
12
9
173
8
7
168
6
6
166
6
8
168
14
4
179
16
3
184
17
3
185
18
3
186
18
2
187
18
1
188
19
0
187
20
0
183
23
1
179
25
2
172
28
6
164
32
10
153
36
16
140
41
24
126
39
24
104
20
9
65
12
3
44
19
11
43
141
138
151
238
238
238
244
244
244
239
239
239
243
243
243
252
252
252
251
251
251
254
254
254
254
254
254
254
254
254
252
252
252
250
250
250
250
250
250
156
156
156
23
23
23
149
149
149
230
230
230
251
251
251
249
249
249
250
250
250
251
251
251
252
252
252
253
253
253
254
254
254
254
254
254
254
254
254
254
254
254
254
254
254
253
253
253
254
254
254
255
255
255
255
255
255
253
253
253
253
253
253
253
253
253
254
254
254
252
253
253
238
246
245
250
255
255
244
249
247
243
245
242
208
204
200
118
106
101
41
18
13
39
4
1
50
2
2
72
13
11
76
8
7
78
3
4
78
1
2
76
0
2
73
0
3
69
1
5
66
2
7
62
3
7
88
2
0
88
2
1
83
3
5
77
2
9
69
1
13
61
0
18
57
1
27
59
8
39
64
16
50
64
17
52
59
12
45
56
5
35
56
2
26
62
3
21
72
7
19
80
11
17
85
11
12
84
9
8
79
7
6
77
5
5
76
4
4
76
4
4
75
3
3
74
2
2
73
1
1
76
2
2
76
2
2
75
1
1
75
1
1
75
1
1
76
0
1
76
0
1
76
0
1
78
0
1
78
0
1
78
0
1
79
2
2
76
3
2
73
3
3
78
8
9
74
8
9
64
2
3
57
0
0
74
17
19
65
10
11
59
3
5
63
5
7
59
0
0
65
1
3
74
5
6
75
1
1
79
2
3
84
3
3
83
2
2
79
0
2
76
0
4
76
0
4
76
0
4
76
0
4
76
0
4
76
0
4
76
0
4
76
0
4
76
0
4
76
0
4
76
0
4
76
0
4
76
0
4
76
0
4
76
0
4
76
0
4
76
0
4
76
0
4
76
0
4
15
1
173
15
1
173
15
1
173
15
1
173
15
0
174
15
0
175
15
0
175
15
0
175
15
0
175
15
0
176
15
0
176
15
0
176
16
0
177
16
0
177
16
0
178
17
1
179
17
1
179
17
1
179
17
3
176
16
3
173
16
5
170
14
7
166
13
9
161
15
14
157
7
10
147
11
16
146
8
15
141
5
14
138
6
15
139
12
20
147
21
26
158
23
26
163
18
17
161
16
12
163
17
11
167
15
8
166
14
3
173
14
1
178
15
2
180
15
2
181
13
1
182
11
0
182
11
0
183
10
0
185
11
1
186
11
0
185
11
0
183
12
1
181
13
1
179
16
2
177
17
3
174
18
4
170
19
4
168
19
4
168
18
3
169
16
1
171
17
2
172
17
2
172
18
2
172
18
1
172
18
1
171
19
1
171
19
1
169
19
2
167
20
3
164
24
9
164
31
18
162
30
20
155
24
17
141
14
10
124
6
4
109
2
0
99
2
0
97
10
0
111
18
6
106
11
7
78
7
7
46
2
9
26
7
16
19
17
25
23
29
36
33
40
44
43
15
17
14
23
27
18
71
78
63
78
85
68
71
77
64
74
77
74
77
74
87
49
43
70
11
4
39
0
1
70
1
3
77
3
2
86
6
3
98
12
6
113
20
11
129
25
14
143
28
17
155
30
19
165
24
12
163
20
9
164
18
8
168
18
8
173
18
8
179
17
5
184
14
2
187
14
1
192
16
2
195
15
5
184
15
6
181
17
6
183
19
6
187
19
5
189
18
2
187
20
1
186
24
3
183
26
4
176
35
13
173
35
14
159
28
8
136
21
4
111
18
4
89
17
4
69
10
3
44
27
19
50
63
56
79
170
167
176
243
243
243
246
246
246
247
247
247
250
250
250
249
249
249
251
251
251
253
253
253
250
250
250
252
252
252
251
251
251
247
247
247
248
248
248
130
130
130
18
18
18
157
157
157
235
235
235
250
250
250
246
246
246
249
249
249
250
250
250
253
253
253
253
253
253
254
254
254
254
254
254
254
254
254
255
255
255
254
254
254
253
253
253
254
254
254
255
255
255
255
255
255
254
254
254
253
253
253
254
254
254
254
254
254
253
254
254
247
254
253
250
255
255
237
242
240
249
251
248
242
239
234
165
155
149
68
49
44
35
3
1
54
9
7
72
15
13
76
10
8
76
4
4
75
1
2
74
0
2
71
0
3
68
0
4
65
1
6
62
2
6
82
0
0
82
1
3
78
1
8
71
1
12
63
0
17
56
1
25
56
7
39
64
21
58
74
35
74
92
53
95
79
40
79
62
19
54
53
5
35
56
2
25
65
5
23
73
9
19
78
8
12
76
5
8
77
5
6
77
5
5
76
4
4
75
4
4
75
3
3
74
2
2
74
2
2
75
2
2
76
2
2
75
1
1
75
1
1
75
0
1
76
0
1
76
0
1
76
0
1
78
0
1
78
0
1
78
0
1
79
2
1
82
5
3
82
6
5
74
1
0
73
0
1
82
12
13
70
2
3
68
1
2
67
1
3
69
3
5
71
4
6
68
0
2
74
2
4
82
6
9
80
2
3
80
0
1
84
1
1
87
2
2
84
2
3
76
0
4
76
0
4
76
0
4
76
0
4
76
0
4
76
0
4
76
0
4
76
0
4
76
0
4
76
0
4
76
0
4
76
0
4
76
0
4
76
0
4
76
0
4
76
0
4
76
0
4
76
0
4
76
0
4
15
1
173
15
1
173
15
1
173
15
1
173
15
0
174
15
0
175
15
0
175
15
0
175
15
0
175
15
0
176
16
0
177
16
0
177
16
0
177
16
1
178
17
1
179
17
1
179
18
2
180
18
2
180
18
9
172
16
7
163
17
10
160
17
12
153
16
12
144
24
22
141
4
4
112
13
14
114
8
10
103
8
11
101
14
17
108
22
24
119
29
29
130
30
28
137
26
22
140
22
15
143
22
14
148
24
15
151
17
6
167
12
0
178
13
1
180
13
1
182
11
1
183
8
1
184
7
0
185
7
0
186
7
1
186
7
1
185
7
1
183
9
2
181
9
5
178
14
7
175
14
7
171
14
8
166
14
7
162
14
7
159
14
6
161
15
5
165
17
4
168
17
1
171
18
1
176
20
1
179
20
0
178
20
0
174
20
2
168
22
7
161
24
11
151
21
14
140
19
15
127
15
13
117
9
8
106
3
3
99
0
0
96
0
0
96
3
0
101
11
0
111
15
6
102
21
19
85
15
20
58
5
13
29
5
11
14
14
19
17
23
28
28
29
29
34
44
43
47
50
51
48
75
78
66
69
74
57
63
69
51
67
72
59
71
74
70
59
59
67
10
8
23
5
8
52
13
17
65
12
14
72
7
7
76
6
5
84
9
6
97
12
8
109
13
8
118
17
13
129
24
20
141
23
19
147
23
17
154
22
14
162
22
10
172
21
5
182
21
1
191
21
0
200
22
0
206
18
9
182
15
9
173
17
9
177
21
12
182
21
9
183
16
1
177
20
2
175
26
7
173
25
6
162
36
18
161
34
18
143
24
10
115
17
6
89
13
5
68
16
6
54
64
57
87
121
116
136
173
168
182
220
218
223
239
239
239
238
238
238
250
250
250
252
252
252
242
242
242
252
252
252
251
251
251
250
250
250
251
251
251
252
252
252
251
251
251
247
247
247
118
118
118
15
15
15
147
147
147
228
228
228
249
249
249
247
247
247
249
249
249
251
251
251
254
254
254
255
255
255
254
254
254
253
253
253
253
253
253
254
254
254
255
255
255
254
254
254
254
254
254
254
254
254
254
254
254
254
254
254
254
254
254
254
254
254
254
254
254
253
254
254
246
252
251
249
254
254
243
248
246
247
249
246
245
243
238
176
168
162
79
60
55
34
3
0
47
4
2
71
17
13
72
7
6
73
1
1
74
0
1
75
0
3
73
1
5
69
1
4
64
0
5
62
1
5
77
0
2
76
0
5
72
1
9
65
0
15
57
0
20
51
1
28
50
7
40
59
21
60
69
36
77
88
56
99
73
38
80
53
16
53
46
4
36
51
3
29
60
5
25
65
4
18
68
3
11
73
5
11
76
5
6
77
5
5
76
4
4
76
4
4
75
3
3
74
2
2
74
2
2
75
1
1
75
1
1
74
0
0
74
0
0
75
1
1
76
0
1
76
0
1
77
1
2
79
1
2
79
1
2
79
1
2
80
2
1
82
3
0
81
3
0
79
2
0
78
1
1
76
1
2
75
1
3
74
1
3
74
1
3
74
1
4
74
0
4
75
0
4
76
1
3
78
0
3
81
1
2
83
0
2
84
0
1
85
0
0
82
0
1
76
0
4
76
0
4
76
0
4
76
0
4
76
0
4
76
0
4
76
0
4
76
0
4
76
0
4
76
0
4
76
0
4
76
0
4
76
0
4
76
0
4
76
0
4
76
0
4
76
0
4
76
0
4
76
0
4
15
1
173
15
1
173
15
1
173
15
1
173
15
0
174
15
0
175
15
0
175
15
0
175
15
0
175
17
1
178
17
1
178
18
2
179
18
2
179
18
2
180
19
3
181
19
3
181
19
3
181
19
3
181
15
9
163
16
13
154
21
17
151
21
17
140
16
11
121
20
13
109
5
2
79
10
6
70
9
4
60
13
6
60
15
6
62
15
7
65
16
8
72
17
10
81
19
10
94
23
10
108
26
14
118
28
15
125
21
9
153
16
4
171
15
3
172
14
2
174
11
2
177
10
1
179
7
1
181
6
1
183
4
2
183
4
1
182
4
1
181
6
3
179
7
6
176
10
8
172
12
9
167
13
10
163
12
10
159
12
10
156
14
10
157
16
9
161
16
6
164
15
1
168
17
0
174
20
0
179
22
0
179
23
2
173
24
6
165
27
14
153
26
18
138
15
13
116
2
4
93
0
1
83
0
0
84
1
2
91
5
5
102
11
9
113
17
12
122
29
16
130
39
32
125
32
32
96
10
17
53
3
13
26
19
29
31
48
56
55
69
73
76
75
73
83
85
81
92
64
62
66
62
63
58
62
67
52
64
73
53
68
78
59
71
81
67
68
75
70
8
14
15
13
12
64
31
28
86
36
32
99
28
23
99
19
13
97
15
11
101
14
10
106
6
4
102
2
3
101
7
8
107
7
9
111
8
10
118
11
10
128
15
10
141
18
8
155
22
5
168
25
4
181
27
5
189
15
9
166
9
7
157
12
8
161
18
11
169
21
11
172
20
6
167
24
8
166
31
14
163
29
13
149
22
9
127
18
7
106
15
7
85
18
13
71
47
40
85
84
79
110
188
184
202
229
226
236
234
230
238
239
237
240
241
241
241
241
241
241
246
246
246
245
245
245
254
254
254
254
254
254
246
246
246
250
250
250
253
253
253
251
251
251
250
250
250
247
247
247
113
113
113
15
15
15
144
144
144
227
227
227
250
250
250
248
248
248
249
249
249
251
251
251
254
254
254
255
255
255
254
254
254
253
253
253
253
253
253
254
254
254
255
255
255
254
254
254
254
254
254
254
254
254
254
254
254
254
254
254
254
254
254
254
254
254
254
254
254
253
254
254
249
254
253
250
255
254
245
249
247
243
245
242
239
237
232
168
159
153
69
51
47
31
2
0
48
6
3
69
15
12
71
7
6
72
1
1
74
0
1
75
0
3
73
1
4
69
1
4
66
0
5
64
1
6
75
0
4
73
0
6
70
0
10
64
0
16
57
1
22
50
1
28
45
3
35
46
9
45
49
16
54
58
26
65
51
17
55
43
6
41
43
2
33
51
4
30
58
6
26
62
4
19
64
2
13
69
3
12
75
4
6
76
4
4
76
4
4
76
4
4
75
3
3
74
2
2
74
2
2
75
1
1
75
1
1
74
1
1
75
1
1
75
1
1
76
0
1
76
0
1
76
0
1
78
0
1
79
1
2
79
1
2
81
2
1
82
3
0
81
3
0
79
2
0
79
2
0
77
0
1
76
0
2
76
0
2
76
0
3
76
0
3
77
0
3
77
0
3
78
0
3
79
0
3
81
1
2
82
1
2
83
1
1
83
1
0
81
1
1
76
0
4
76
0
4
76
0
4
76
0
4
76
0
4
76
0
4
76
0
4
76
0
4
76
0
4
76
0
4
76
0
4
76
0
4
76
0
4
76
0
4
76
0
4
76
0
4
76
0
4
76
0
4
76
0
4
15
1
173
15
1
173
15
1
173
15
1
173
15
0
174
15
0
175
15
0
175
15
0
175
15
0
175
17
2
178
18
2
179
18
2
179
19
3
179
19
3
180
19
3
181
20
4
182
20
4
182
20
4
182
7
5
150
13
15
145
26
25
146
26
23
129
15
8
97
11
2
71
10
0
48
19
1
38
32
10
37
42
18
39
46
20
42
44
19
43
36
13
44
26
4
44
16
0
48
20
0
66
36
19
92
51
34
113
42
27
144
30
17
161
26
14
160
21
9
160
14
4
159
9
0
162
7
1
168
9
3
176
11
6
182
10
5
181
7
3
178
7
4
177
8
5
175
10
6
171
12
8
167
14
10
163
15
11
160
15
10
157
15
10
157
14
8
158
13
5
160
15
2
164
20
4
172
27
7
179
29
9
176
27
9
167
25
10
154
21
10
137
13
8
117
6
6
101
0
3
87
1
3
85
3
5
94
10
10
108
18
15
124
25
20
138
30
22
145
35
23
141
42
35
131
23
24
88
5
8
40
4
13
22
26
39
36
54
65
60
66
71
71
62
63
69
72
70
80
58
58
63
53
58
53
60
68
55
62
74
55
57
72
52
59
73
57
68
81
72
3
15
11
10
3
85
35
21
115
49
33
135
42
27
136
32
17
133
30
16
136
30
20
139
22
15
129
14
15
119
2
5
101
0
4
93
0
4
90
1
3
92
2
3
98
5
4
109
10
4
124
18
8
139
23
11
149
24
20
157
20
18
156
21
17
158
26
19
164
28
18
165
26
14
159
27
15
154
33
19
146
28
16
129
22
13
107
29
22
97
32
28
84
44
44
82
116
115
141
210
209
224
249
247
252
228
227
232
242
240
243
246
245
246
244
244
244
245
245
245
245
245
245
232
232
232
242
242
242
253
253
253
251
251
251
252
252
252
253
253
253
253
253
253
253
253
253
247
247
247
102
102
102
25
25
25
149
149
149
228
228
228
250
250
250
248
248
248
249
249
249
251
251
251
254
254
254
255
255
255
254
254
254
253
253
253
253
253
253
254
254
254
255
255
255
254
254
254
254
254
254
254
254
254
254
254
254
254
254
254
254
254
254
254
254
254
254
254
254
254
254
254
252
255
255
250
253
253
247
250
248
245
245
241
234
232
227
159
151
145
64
46
42
30
2
0
48
6
3
66
13
10
70
6
5
72
2
1
75
0
2
76
0
4
75
1
4
70
1
4
67
0
5
66
1
6
77
1
5
74
0
6
70
0
9
65
0
13
60
1
18
55
2
23
49
1
27
44
1
30
40
2
32
42
4
35
40
2
32
41
1
28
46
1
27
53
4
25
59
5
22
62
2
17
63
0
11
66
1
10
73
3
6
76
3
3
75
3
3
75
3
3
74
2
2
74
2
2
73
1
1
75
1
1
75
1
1
75
1
1
75
1
1
75
0
1
76
0
1
76
0
1
76
0
1
78
0
1
78
0
1
79
1
2
79
2
1
79
4
0
79
3
0
77
3
0
77
2
0
76
0
1
76
0
1
77
0
2
78
0
2
78
0
3
78
0
3
78
0
3
79
0
3
79
0
3
79
1
2
79
1
2
80
1
1
80
2
0
78
1
1
76
0
4
76
0
4
76
0
4
76
0
4
76
0
4
76
0
4
76
0
4
76
0
4
76
0
4
76
0
4
76
0
4
76
0
4
76
0
4
76
0
4
76
0
4
76
0
4
76
0
4
76
0
4
76
0
4
15
1
173
15
1
173
15
1
173
15
1
173
15
0
174
15
0
175
15
0
175
15
0
175
15
0
175
16
0
177
16
0
177
17
1
178
17
1
178
17
1
178
17
1
179
18
2
180
18
2
180
18
2
180
14
16
154
17
21
144
22
23
134
19
15
108
8
1
71
18
3
53
56
27
61
79
43
58
105
64
67
125
82
76
135
90
82
132
88
83
117
75
77
88
49
61
53
20
43
27
0
35
24
3
45
29
8
57
32
15
101
33
20
131
34
21
137
35
21
144
31
19
148
24
11
152
16
6
154
12
3
159
12
3
167
12
3
173
12
3
176
12
3
176
11
3
174
13
3
173
15
4
170
17
5
167
19
7
165
21
8
164
17
6
161
11
4
157
12
4
158
16
6
160
25
13
166
32
19
170
33
19
164
26
13
150
17
7
133
9
2
117
4
1
105
6
3
103
12
9
108
18
14
117
21
17
127
24
17
137
26
17
146
26
16
153
29
17
156
37
23
149
34
27
130
14
16
83
8
17
49
28
43
48
55
73
61
71
87
70
68
80
67
61
68
62
60
64
64
67
72
70
66
74
65
64
78
62
59
76
57
50
69
51
48
69
55
58
77
69
0
7
5
7
0
101
29
12
130
45
24
153
40
18
158
30
8
157
28
6
161
29
12
164
21
9
155
19
14
145
14
13
129
11
16
116
7
15
104
3
12
95
1
9
91
0
7
93
1
5
98
4
4
106
8
4
111
5
4
123
3
3
125
5
3
129
12
6
138
22
12
147
29
18
148
37
27
149
46
36
145
43
35
126
18
13
83
7
4
56
52
52
86
140
141
162
205
207
218
251
251
254
245
244
248
249
246
250
234
230
236
241
239
241
243
243
243
239
239
239
253
253
253
250
250
250
238
238
238
244
244
244
248
248
248
248
248
248
247
247
247
249
249
249
251
251
251
236
236
236
72
72
72
39
39
39
158
158
158
229
229
229
246
246
246
245
245
245
249
249
249
251
251
251
254
254
254
255
255
255
254
254
254
253
253
253
253
253
253
254
254
254
255
255
255
254
254
254
254
254
254
254
254
254
254
254
254
254
254
254
254
254
254
254
254
254
254
254
254
253
253
253
247
247
247
245
245
245
247
248
246
248
247
244
224
219
215
148
138
133
66
48
42
39
10
5
52
10
7
66
11
8
69
5
3
73
1
1
77
1
3
78
1
4
76
1
4
72
0
4
69
0
5
69
2
7
79
1
4
77
0
3
74
0
5
70
0
8
67
0
12
63
1
15
58
1
17
53
0
18
48
0
18
48
0
19
48
0
18
51
1
18
55
1
18
58
1
16
61
1
13
63
0
10
66
0
6
66
0
5
73
2
3
74
2
2
74
2
2
74
2
2
74
2
2
74
2
2
73
1
1
75
1
1
75
1
1
75
1
1
75
1
1
75
1
1
76
0
1
76
0
1
76
0
1
78
0
1
78
0
1
78
0
1
77
2
0
77
4
0
77
4
0
76
3
0
76
2
0
76
0
1
76
0
1
76
0
2
76
0
2
77
0
2
77
0
3
77
0
3
77
0
3
76
2
2
76
2
2
76
2
2
75
2
1
74
3
0
75
2
1
76
0
4
76
0
4
76
0
4
76
0
4
76
0
4
76
0
4
76
0
4
76
0
4
76
0
4
76
0
4
76
0
4
76
0
4
76
0
4
76
0
4
76
0
4
76
0
4
76
0
4
76
0
4
76
0
4
15
1
173
15
1
173
15
1
173
15
1
173
15
0
174
15
0
175
15
0
175
15
0
175
15
0
175
15
0
176
15
0
176
15
0
176
15
0
176
15
0
177
16
0
178
16
0
178
16
0
178
17
1
179
18
23
157
13
20
138
12
13
118
12
7
91
18
3
64
48
18
60
119
77
97
129
77
74
143
84
66
140
76
49
140
76
45
144
82
52
145
87
63
139
85
72
122
77
73
95
57
69
73
40
61
58
28
54
31
11
64
18
3
77
24
7
89
34
17
106
42
27
127
47
30
145
39
24
152
28
12
154
19
4
155
18
2
163
21
4
172
20
2
175
20
0
177
21
0
178
22
0
177
25
1
176
27
2
176
30
3
176
25
4
171
15
5
164
15
7
161
17
9
155
20
14
147
21
15
139
16
12
126
9
5
113
3
0
104
3
1
103
11
4
115
18
8
126
27
15
143
31
17
152
30
15
158
28
11
162
25
7
164
23
5
165
23
5
162
25
9
147
18
9
121
2
1
69
1
12
41
31
49
47
58
80
56
64
87
53
57
78
45
57
74
48
56
69
49
63
77
59
59
75
56
49
69
47
52
74
54
57
81
66
59
82
76
58
79
82
5
26
36
1
1
84
16
12
110
30
21
137
29
17
152
23
7
160
19
1
170
19
0
178
17
0
179
19
6
176
12
6
163
13
11
152
16
17
145
18
22
140
21
24
138
21
22
135
20
17
134
17
12
135
16
8
135
16
12
133
9
6
127
7
2
125
10
2
126
13
2
126
11
1
119
14
3
111
12
3
95
3
0
70
2
0
51
6
6
40
97
99
118
230
233
240
227
231
230
219
221
221
147
146
148
147
143
149
107
102
112
46
43
49
21
21
21
66
66
66
161
161
161
237
237
237
251
251
251
250
250
250
251
251
251
253
253
253
246
246
246
241
241
241
242
242
242
206
206
206
31
31
31
64
64
64
185
185
185
240
240
240
251
251
251
249
249
249
249
249
249
251
251
251
254
254
254
255
255
255
254
254
254
253
253
253
253
253
253
254
254
254
255
255
255
254
254
254
254
254
254
254
254
254
254
254
254
254
254
254
254
254
254
254
254
254
254
254
254
254
253
253
252
250
250
252
251
251
253
251
251
254
251
248
187
181
177
102
92
86
49
30
24
36
7
2
48
6
3
64
9
6
69
4
3
74
2
2
79
2
4
80
2
5
78
1
5
74
0
3
72
0
5
72
2
8
86
3
2
85
2
1
81
2
1
78
1
2
75
0
2
71
0
3
68
1
5
68
2
7
64
2
9
64
2
9
64
2
9
63
2
9
64
1
7
65
0
4
67
0
3
69
0
2
71
0
2
71
0
1
73
1
1
74
2
2
74
2
2
73
1
1
73
1
1
73
1
1
73
1
1
75
1
1
75
1
1
76
2
2
75
1
1
75
1
1
76
0
1
76
0
1
76
0
1
78
0
1
78
0
1
78
0
1
75
3
0
73
5
0
73
4
0
73
3
0
73
2
0
74
1
1
75
1
1
76
0
1
76
0
2
76
0
2
76
0
3
76
1
3
76
1
3
73
2
2
73
2
2
72
2
2
70
3
1
69
3
0
72
2
1
76
0
4
76
0
4
76
0
4
76
0
4
76
0
4
76
0
4
76
0
4
76
0
4
76
0
4
76
0
4
76
0
4
76
0
4
76
0
4
76
0
4
76
0
4
76
0
4
76
0
4
76
0
4
76
0
4
15
1
173
15
1
173
15
1
173
15
1
173
15
0
174
15
0
175
15
0
175
15
0
175
15
0
175
15
0
176
15
0
176
15
0
176
15
0
176
15
0
177
16
0
178
16
0
178
16
0
178
16
0
178
14
20
154
9
17
133
11
12
115
15
6
90
23
2
61
53
18
54
136
87
98
141
78
66
152
82
53
164
89
50
166
89
46
160
85
43
153
83
47
148
84
58
142
88
72
128
83
81
112
73
80
97
62
75
69
44
79
44
26
77
31
12
70
23
5
72
27
11
89
40
22
120
45
26
141
39
20
151
30
10
155
26
5
163
26
3
171
25
1
176
27
0
180
27
0
182
30
0
184
32
0
184
34
0
185
36
0
185
30
3
180
19
7
172
21
10
166
16
11
150
9
7
127
4
4
108
1
1
95
1
2
92
6
5
98
14
10
112
24
14
132
27
13
144
31
11
161
33
11
171
33
10
178
32
9
181
30
8
181
27
6
180
26
6
175
29
9
158
26
16
137
3
3
78
2
13
43
30
52
44
57
84
50
64
92
46
59
85
38
63
86
44
60
80
45
64
84
55
63
85
56
48
72
46
49
75
54
55
81
69
48
72
72
37
60
71
19
42
61
0
6
48
6
18
76
19
27
108
23
24
134
21
15
154
17
5
171
15
0
185
17
1
197
21
5
201
13
1
189
12
2
181
14
6
175
17
10
172
22
13
172
26
15
173
30
14
177
31
13
180
32
12
183
29
22
150
22
16
134
18
11
130
20
10
131
22
11
129
20
10
122
21
10
111
16
8
91
6
1
64
2
0
44
11
12
37
88
92
102
164
169
169
78
83
80
61
64
62
5
4
8
6
2
11
13
6
20
27
23
30
61
61
61
124
124
124
203
203
203
247
247
247
250
250
250
254
254
254
249
249
249
248
248
248
244
244
244
242
242
242
240
240
240
184
184
184
7
7
7
88
88
88
211
211
211
250
250
250
253
253
253
251
251
251
249
249
249
251
251
251
254
254
254
255
255
255
254
254
254
253
253
253
253
253
253
254
254
254
255
255
255
254
254
254
254
254
254
254
254
254
254
254
254
254
254
254
254
254
254
254
254
254
254
254
254
254
253
253
253
250
251
255
254
255
255
254
253
252
249
246
147
140
136
55
43
38
30
9
5
38
7
3
54
12
9
63
8
5
70
4
3
75
2
2
80
2
4
81
2
5
79
0
5
75
0
4
74
0
6
73
3
9
88
2
0
88
3
0
87
3
0
85
3
0
83
3
0
80
3
0
78
3
0
77
3
2
74
3
2
73
3
2
73
3
2
72
3
2
72
2
1
73
1
0
74
1
0
76
2
1
77
1
1
76
1
1
74
1
1
73
1
1
73
1
1
73
1
1
73
1
1
73
1
1
73
1
1
75
1
1
75
1
1
75
2
2
76
2
2
76
1
2
76
0
1
76
0
1
76
0
1
78
0
1
78
0
1
78
0
1
74
3
0
70
5
0
70
4
0
71
3
0
71
2
0
73
1
1
74
1
1
75
1
1
75
0
1
75
0
2
76
1
3
75
1
3
74
2
2
72
2
2
70
3
2
68
4
0
68
4
0
67
4
0
69
3
1
76
0
4
76
0
4
76
0
4
76
0
4
76
0
4
76
0
4
76
0
4
76
0
4
76
0
4
76
0
4
76
0
4
76
0
4
76
0
4
76
0
4
76
0
4
76
0
4
76
0
4
76
0
4
76
0
4
15
1
174
15
1
174
15
1
174
15
1
174
15
0
175
15
0
175
15
0
175
15
0
175
15
0
175
15
0
176
15
0
176
15
0
176
16
0
177
16
0
178
16
0
178
16
0
177
16
1
178
16
1
177
16
12
156
16
12
139
21
11
120
22
7
89
24
0
52
45
8
33
130
79
78
146
81
59
162
88
54
179
97
57
176
91
50
170
84
48
164
82
52
147
71
48
141
73
55
139
80
69
135
84
76
127
80
74
118
81
68
112
79
67
96
62
65
63
30
55
46
16
66
41
9
93
45
16
126
44
16
148
36
13
160
28
8
166
23
5
168
20
3
169
20
4
172
23
6
176
24
3
175
26
1
176
30
0
180
33
0
182
32
8
169
27
18
144
18
9
131
9
6
118
6
2
108
8
3
103
10
4
104
15
8
114
24
16
130
31
20
144
28
13
150
26
9
160
26
5
168
27
4
175
27
5
181
27
5
184
26
6
184
24
5
183
23
3
177
22
2
155
37
26
150
3
4
80
0
9
39
30
52
44
53
83
51
57
88
46
53
81
41
57
81
48
53
73
47
58
78
53
64
87
57
54
80
47
54
82
49
56
85
56
49
77
56
43
68
58
54
78
74
1
7
29
2
12
54
21
28
101
24
23
132
16
10
153
13
4
172
12
1
187
13
2
192
14
4
191
13
5
184
13
6
179
15
6
176
17
6
176
20
5
178
21
4
182
24
3
186
25
4
189
26
5
192
32
20
169
29
19
158
28
17
157
29
16
156
28
13
149
31
15
145
35
21
137
33
22
118
12
4
78
5
1
52
9
10
40
79
82
97
154
159
163
88
93
93
114
116
117
118
118
124
115
110
123
125
119
135
156
152
159
193
192
192
226
225
225
251
250
250
247
246
246
245
244
244
250
249
247
250
249
248
250
250
248
245
245
243
241
241
239
229
228
227
142
141
141
1
0
0
111
110
111
224
222
224
252
250
252
249
247
249
246
246
248
245
250
249
248
251
251
252
253
253
255
254
254
255
253
254
254
253
253
254
253
254
255
253
254
255
254
254
254
254
254
252
254
254
251
254
254
251
254
253
252
253
253
253
254
254
254
254
254
254
253
254
253
253
253
247
248
247
250
251
251
254
250
248
252
246
243
126
111
108
40
15
13
38
4
2
51
7
5
68
15
14
65
5
4
69
3
2
73
2
3
75
2
4
76
1
5
76
1
5
76
0
5
76
0
7
77
2
8
82
1
2
84
1
2
83
2
2
83
2
2
82
2
2
80
2
2
79
2
2
78
2
2
76
2
2
76
2
2
75
2
2
75
2
2
75
2
2
75
2
2
75
2
2
75
2
2
75
2
2
75
1
2
73
1
2
72
1
2
72
1
2
72
1
2
72
1
2
72
1
2
73
1
2
74
1
2
75
1
2
76
1
3
76
1
3
76
1
3
77
0
3
77
0
2
77
0
2
78
0
2
78
0
2
78
0
2
75
2
1
72
4
0
72
4
0
73
3
0
73
1
0
74
1
1
74
1
1
74
0
0
74
0
1
75
1
2
75
1
3
75
1
3
75
1
2
74
1
2
73
2
3
72
2
2
71
2
2
70
2
2
72
1
2
76
0
4
76
0
4
76
0
4
76
0
4
76
0
4
76
0
4
76
0
4
76
0
4
76
0
4
76
0
4
76
0
4
76
0
4
76
0
4
76
0
4
76
0
4
76
0
4
76
0
4
76
0
4
76
0
4
15
0
176
15
0
176
15
0
176
15
0
176
15
0
176
15
0
176
15
0
176
15
0
176
15
0
176
15
0
176
16
0
177
16
0
177
16
0
177
17
1
178
17
1
178
16
0
177
16
0
177
15
0
176
20
5
162
24
8
148
29
11
128
31
9
96
29
2
55
39
6
26
103
56
49
148
89
64
152
81
48
166
86
53
162
76
46
162
72
48
168
78
60
158
71
56
149
69
55
158
88
73
149
86
67
139
79
58
149
92
43
152
96
37
142
88
48
136
84
72
127
78
101
56
12
76
45
7
104
50
19
142
39
15
156
27
11
163
19
9
167
11
5
166
11
5
165
14
8
166
15
5
162
17
3
161
23
5
165
29
8
169
33
17
148
28
23
105
11
5
90
3
0
88
10
1
102
18
7
119
24
11
133
29
14
147
34
18
161
34
17
169
25
7
167
25
6
173
25
6
178
24
6
179
21
4
179
19
2
179
19
3
180
21
5
182
23
8
180
29
8
163
51
41
165
7
10
88
1
10
44
30
52
51
54
84
61
57
87
58
53
79
55
57
78
61
56
73
63
56
73
60
60
80
57
56
80
47
56
82
42
59
86
43
58
85
44
55
80
44
72
97
65
4
7
28
0
1
44
29
23
106
28
17
141
15
2
160
12
0
179
12
2
189
8
3
183
7
5
171
8
8
161
12
11
158
17
13
161
20
11
166
22
8
173
21
5
178
19
2
180
16
1
180
13
0
179
20
5
174
20
4
170
25
8
175
27
9
174
23
4
164
34
13
167
42
24
162
47
32
147
18
8
99
8
3
69
6
5
49
94
97
121
222
228
237
206
212
217
242
246
249
247
249
253
242
241
251
243
240
254
249
247
253
254
252
252
254
253
253
251
250
250
232
230
229
248
246
245
251
250
247
252
251
247
250
249
245
246
245
242
239
238
234
200
199
195
75
73
72
17
15
15
135
132
134
225
222
225
241
237
241
243
239
244
246
248
250
242
252
250
246
252
251
250
252
252
255
253
253
255
253
253
255
253
254
255
253
254
255
253
254
254
254
254
253
254
254
250
254
254
248
254
253
248
254
252
249
252
252
252
252
252
254
252
252
255
251
252
254
252
252
246
253
251
241
243
241
253
251
248
219
206
204
105
76
76
51
10
9
62
12
11
61
4
3
76
12
12
68
2
3
69
2
3
70
2
3
70
1
3
71
1
4
74
0
5
77
0
7
78
0
7
80
1
8
74
0
4
75
0
4
76
0
4
76
0
4
76
0
4
76
0
4
76
0
4
76
0
4
76
0
4
76
0
4
74
0
4
74
0
4
74
0
4
73
0
4
72
1
4
72
1
4
70
1
4
70
1
4
71
1
4
72
1
4
72
1
4
72
1
4
72
1
4
72
1
4
74
0
4
74
0
4
75
0
4
76
0
4
76
0
4
77
0
4
77
0
4
79
0
3
79
0
3
79
0
3
79
0
3
79
0
3
77
2
1
76
3
0
76
3
0
75
2
0
75
1
0
75
1
0
75
1
0
75
1
1
75
1
1
75
1
1
76
2
2
76
1
3
76
1
3
76
1
3
76
0
4
76
0
4
76
0
4
76
0
4
76
0
4
76
0
4
76
0
4
76
0
4
76
0
4
76
0
4
76
0
4
76
0
4
76
0
4
76
0
4
76
0
4
76
0
4
76
0
4
76
0
4
76
0
4
76
0
4
76
0
4
76
0
4
76
0
4
76
0
4
15
0
176
15
0
176
15
0
176
15
0
176
15
0
176
15
0
176
15
0
176
15
0
176
15
0
176
15
0
176
16
0
177
16
0
177
16
0
177
17
1
178
17
1
178
16
0
177
16
0
177
15
0
176
18
9
166
19
10
151
24
13
135
28
12
109
25
4
70
27
2
35
59
19
30
149
97
88
143
81
61
149
78
53
147
70
45
145
63
41
151
66
49
157
74
59
145
66
54
164
90
80
150
79
69
146
79
67
154
81
63
148
74
53
138
71
55
146
87
80
136
87
93
62
24
52
40
11
65
29
7
87
36
19
128
34
19
154
21
8
164
15
1
171
14
1
176
17
4
175
20
6
167
22
9
156
24
14
147
28
19
142
26
17
127
18
10
105
10
2
101
10
2
105
16
5
118
25
12
134
32
17
149
34
17
158
32
14
165
28
10
168
23
4
169
23
4
175
25
5
181
23
4
182
21
4
182
18
3
181
17
3
181
18
4
181
20
6
178
30
11
160
42
32
155
14
17
100
2
7
51
16
34
44
44
71
58
60
88
65
54
79
56
55
75
57
58
75
62
54
71
58
56
74
56
55
73
50
57
79
50
62
85
54
61
84
54
54
75
49
66
86
63
17
22
37
2
3
43
28
23
101
31
21
140
21
7
163
16
2
180
11
1
187
6
0
180
4
2
168
9
8
163
13
10
160
15
9
161
18
7
165
18
4
171
17
2
175
15
1
177
13
1
177
12
1
178
21
7
175
22
7
173
27
11
177
27
10
176
22
4
167
33
14
169
36
18
160
38
23
144
14
5
101
5
1
72
5
4
54
100
102
129
240
245
253
233
238
245
226
229
233
237
239
242
239
239
245
248
246
252
247
244
248
242
239
240
240
239
239
243
241
241
239
237
236
240
238
237
243
242
239
237
236
232
245
245
241
249
249
245
217
215
212
130
128
127
15
13
13
8
7
7
201
198
200
242
239
241
244
240
244
244
240
245
246
246
249
243
251
250
246
252
251
250
252
252
255
253
253
255
253
254
255
253
254
255
253
254
255
253
254
254
254
254
251
253
253
248
254
253
246
253
252
245
252
251
246
250
250
248
249
249
250
248
248
252
247
248
252
248
249
250
255
253
248
247
245
238
230
228
129
110
109
61
29
29
51
7
7
61
9
9
61
3
2
67
4
4
68
2
3
70
2
3
70
2
3
70
1
4
71
1
4
74
0
5
77
0
7
78
0
7
81
0
9
74
0
4
74
0
4
76
0
4
76
0
4
76
0
4
76
0
4
76
0
4
76
0
4
76
0
4
75
0
4
74
0
4
74
0
4
74
0
4
73
0
4
72
1
4
72
1
4
71
1
4
71
1
4
72
1
4
72
1
4
72
1
4
72
1
4
72
1
4
73
0
4
74
0
4
74
0
4
75
0
4
76
0
4
76
0
4
77
0
4
77
0
4
77
0
3
79
0
3
79
0
3
78
0
2
78
0
2
77
1
1
76
2
0
75
2
0
75
1
0
75
1
0
75
1
0
75
1
0
75
1
1
75
1
1
75
1
1
76
2
2
76
1
3
76
1
3
76
1
3
76
0
4
76
0
4
76
0
4
76
0
4
76
0
4
76
0
4
76
0
4
76
0
4
76
0
4
76
0
4
76
0
4
76
0
4
76
0
4
76
0
4
76
0
4
76
0
4
76
0
4
76
0
4
76
0
4
76
0
4
76
0
4
76
0
4
76
0
4
76
0
4
15
0
176
15
0
176
15
0
176
15
0
176
15
0
176
15
0
176
15
0
176
15
0
176
15
0
176
15
0
176
16
0
177
16
0
177
16
0
177
17
1
178
17
1
178
16
0
177
16
0
177
15
0
176
14
11
168
11
10
156
17
13
144
24
16
126
24
9
96
21
0
61
34
2
39
116
74
88
133
83
82
141
83
71
145
80
63
149
78
59
155
79
62
160
82
67
148
69
59
155
74
69
151
72
70
159
80
79
159
68
82
161
66
85
156
71
81
131
62
60
108
57
46
143
109
99
134
112
119
39
26
59
13
3
72
19
7
116
22
6
151
20
0
171
22
0
185
26
5
186
26
11
169
20
13
142
14
13
116
9
12
95
7
8
95
10
1
113
16
5
120
25
13
133
28
14
143
31
16
151
35
17
161
33
14
167
27
7
167
21
1
168
20
0
173
21
1
178
22
3
182
21
4
184
19
4
184
18
3
183
16
2
182
14
2
181
15
2
175
23
6
151
32
21
147
29
27
121
7
7
66
1
12
40
28
49
51
53
78
63
51
76
53
50
72
48
58
77
58
56
71
57
58
73
60
57
71
59
60
75
63
65
80
67
64
78
64
55
71
56
67
83
66
34
42
49
7
10
41
26
23
94
31
23
136
25
12
162
19
4
179
12
1
184
5
0
179
6
1
170
10
7
165
12
8
161
14
6
161
14
3
164
13
1
168
13
0
172
13
0
175
11
2
176
10
3
175
16
6
173
17
4
171
21
7
175
22
7
174
17
2
166
28
10
170
27
8
156
28
12
141
12
2
108
11
5
89
11
8
69
63
64
104
157
160
182
185
189
199
166
169
173
199
201
201
194
195
194
202
203
202
217
216
216
237
235
237
253
252
252
253
251
251
249
247
247
243
241
240
252
252
251
243
242
239
223
222
218
228
227
223
213
212
209
119
117
116
6
5
4
23
21
21
220
217
219
244
241
244
248
244
248
250
246
251
249
249
252
243
251
250
246
252
251
250
252
252
255
253
253
255
253
254
255
253
254
255
253
254
255
253
254
253
254
254
249
255
254
246
254
253
245
253
252
244
252
251
244
250
249
246
248
248
247
246
246
248
244
245
246
241
242
231
232
230
254
252
251
142
128
126
55
31
31
36
2
2
48
3
3
64
10
10
76
15
15
65
1
1
68
2
3
70
2
3
70
2
3
71
1
4
73
0
4
75
0
5
77
0
7
78
0
7
81
0
9
74
0
4
74
0
4
74
0
4
74
0
4
74
0
4
74
0
4
74
0
4
74
0
4
74
0
4
74
0
4
74
0
4
74
0
4
74
0
4
74
0
4
73
0
4
72
1
4
72
1
4
72
1
4
72
1
4
72
1
4
72
1
4
72
1
4
72
1
4
74
0
4
74
0
4
74
0
4
76
0
4
76
0
4
76
0
4
77
0
4
77
0
4
77
0
3
79
0
3
78
0
2
78
0
2
78
0
2
76
0
1
75
1
0
75
1
0
75
1
0
75
1
0
75
1
0
75
1
1
75
1
1
75
1
1
75
1
2
76
1
3
76
1
3
76
1
3
76
0
4
76
0
4
76
0
4
76
0
4
76
0
4
76
0
4
76
0
4
76
0
4
76
0
4
76
0
4
76
0
4
76
0
4
76
0
4
76
0
4
76
0
4
76
0
4
76
0
4
76
0
4
76
0
4
76
0
4
76
0
4
76
0
4
76
0
4
76
0
4
76
0
4
15
0
176
15
0
176
15
0
176
15
0
176
15
0
176
15
0
176
15
0
176
15
0
176
15
0
176
15
0
176
16
0
177
16
0
177
16
0
177
17
1
178
17
1
178
16
0
177
16
0
177
15
0
176
8
9
170
7
11
164
12
14
157
19
16
146
21
12
126
19
4
98
29
8
79
46
18
61
100
65
89
129
86
93
141
92
85
147
90
75
150
86
66
150
78
60
164
85
73
153
68
63
163
73
76
165
72
80
164
58
89
159
50
89
154
57
79
148
69
69
119
62
40
123
88
55
139
118
93
60
48
48
20
15
46
24
16
90
36
19
137
31
11
161
28
6
174
26
6
170
19
6
150
11
6
121
3
5
90
0
4
67
3
2
85
13
2
132
25
11
146
39
24
163
37
20
165
29
12
164
27
9
168
25
6
170
21
2
170
18
0
172
19
0
178
18
0
181
17
1
182
17
2
184
17
3
184
16
3
183
14
2
181
12
1
179
13
2
172
27
11
152
32
20
151
40
33
143
10
8
91
0
2
56
17
27
53
42
61
61
58
80
61
68
91
62
58
80
51
58
75
55
65
77
66
63
71
69
63
70
73
66
74
75
64
73
69
58
69
58
71
85
71
47
55
55
10
14
38
24
22
85
30
22
127
25
12
155
19
5
174
12
0
181
7
0
179
8
2
173
10
4
167
11
5
163
13
3
164
13
1
166
12
0
169
10
0
172
9
1
172
9
4
172
8
8
171
14
6
172
16
5
174
19
8
178
20
7
177
17
3
172
30
13
179
24
6
163
27
11
152
23
9
131
14
4
104
12
5
82
20
16
72
33
33
68
39
40
57
25
27
33
8
12
7
4
7
2
9
11
2
77
76
74
174
170
174
238
235
238
250
247
249
255
254
255
236
233
233
246
244
243
253
252
251
246
245
243
238
237
234
196
195
192
91
90
89
8
6
5
34
33
33
235
232
234
242
239
241
247
244
247
244
240
244
239
239
241
245
251
250
247
252
251
250
252
252
255
253
253
255
253
254
255
253
254
255
254
254
254
254
254
251
254
254
249
255
255
245
255
254
245
255
254
244
254
253
244
252
251
245
249
248
246
246
246
247
244
244
247
243
243
249
246
245
222
211
211
66
47
46
39
10
10
49
10
10
58
8
9
65
7
7
75
12
12
67
1
2
70
2
3
70
2
3
70
2
3
71
1
3
73
0
4
75
0
5
77
0
7
78
0
7
81
0
9
74
0
4
74
0
4
74
0
4
74
0
4
74
0
4
74
0
4
73
0
4
73
0
4
73
0
4
73
0
4
73
0
4
74
0
4
74
0
4
74
0
4
74
0
4
74
0
4
74
0
4
74
0
4
73
1
4
72
1
4
73
0
4
74
0
4
74
0
4
74
0
4
74
0
4
76
0
4
76
0
4
76
0
4
76
0
4
76
0
4
77
0
4
77
0
4
77
0
4
76
0
2
77
0
2
77
0
2
76
0
1
75
1
0
75
1
0
75
1
0
75
1
0
75
1
1
75
1
1
75
1
1
75
1
1
75
1
2
76
1
3
76
1
3
76
1
3
76
0
4
76
0
4
76
0
4
76
0
4
76
0
4
76
0
4
76
0
4
76
0
4
76
0
4
76
0
4
76
0
4
76
0
4
76
0
4
76
0
4
76
0
4
76
0
4
76
0
4
76
0
4
76
0
4
76
0
4
76
0
4
76
0
4
76
0
4
76
0
4
76
0
4
15
0
176
15
0
176
15
0
176
15
0
176
15
0
176
15
0
176
15
0
176
15
0
176
15
0
176
15
0
176
16
0
177
16
0
177
16
0
177
17
1
178
17
1
178
16
0
177
16
0
177
15
0
176
5
7
173
9
13
175
13
14
172
16
13
163
19
10
150
20
7
131
30
13
114
18
1
70
59
33
80
95
63
87
121
83
84
132
86
72
134
78
56
140
74
50
168
93
73
164
76
66
175
78
78
169
67
72
175
66
87
173
65
90
164
66
79
163
80
76
139
76
55
117
74
45
119
92
67
63
46
38
40
29
47
42
33
83
45
34
117
37
25
136
28
13
143
15
2
136
8
0
124
6
1
110
6
5
98
7
10
90
12
9
112
21
5
153
27
10
161
35
18
172
31
14
172
25
7
170
23
5
172
22
3
173
20
1
174
18
1
176
18
1
179
16
0
180
14
0
179
13
1
180
14
3
180
13
3
179
12
2
177
10
1
174
12
2
170
26
12
155
34
20
159
31
18
146
12
4
112
3
0
80
6
10
59
21
34
52
46
65
55
67
90
61
62
84
49
60
79
53
64
77
64
62
69
69
63
68
74
66
72
77
64
72
69
58
70
57
74
88
67
42
51
48
7
12
33
23
22
81
29
22
123
24
12
152
19
5
171
12
0
179
9
0
178
11
2
174
11
4
169
12
3
167
13
2
167
13
0
170
12
0
173
11
1
175
10
3
173
7
8
171
7
10
168
11
6
172
14
5
175
17
7
178
16
5
177
15
3
175
29
13
185
19
3
167
25
8
160
30
15
150
21
9
123
14
6
98
11
5
75
7
5
51
10
9
34
46
46
59
82
85
82
92
96
85
83
86
73
122
121
118
183
180
185
228
225
230
246
243
248
247
245
247
247
246
247
234
232
232
227
226
225
208
207
206
182
181
180
130
129
128
53
52
51
28
27
25
86
84
84
236
235
236
234
231
233
240
238
240
247
245
248
247
247
250
245
251
250
247
252
251
252
252
252
255
253
253
255
253
254
255
253
254
255
253
254
253
254
254
251
254
254
248
255
255
245
255
255
243
255
255
245
255
254
246
253
252
246
250
249
246
246
247
247
244
244
246
241
242
240
233
234
116
99
97
47
22
22
40
6
6
58
13
13
66
12
13
64
3
4
66
1
1
73
5
6
70
2
3
70
2
3
70
2
3
71
1
4
73
0
4
75
0
5
77
0
7
78
0
7
81
0
9
74
0
4
74
0
4
74
0
4
74
0
4
73
0
4
73
0
4
72
1
4
72
1
4
72
1
4
72
1
4
72
1
4
73
0
4
74
0
4
74
0
4
75
0
4
76
0
4
76
0
4
76
0
4
74
0
4
74
0
4
74
0
4
74
0
4
74
0
4
75
0
4
75
0
4
76
0
4
76
0
4
76
0
4
76
0
4
76
0
4
77
0
4
77
0
4
77
0
4
76
0
3
76
0
3
76
0
3
75
0
1
75
1
0
75
1
0
75
1
0
75
1
1
75
1
1
75
1
1
75
1
1
75
0
2
75
0
2
76
1
3
76
1
3
76
0
4
76
0
4
76
0
4
76
0
4
76
0
4
76
0
5
76
0
4
76
0
4
76
0
4
76
0
4
76
0
4
76
0
4
76
0
4
76
0
4
76
0
4
76
0
4
76
0
4
76
0
4
76
0
4
76
0
4
76
0
4
76
0
4
76
0
4
76
0
4
76
0
4
76
0
4
15
0
176
15
0
176
15
0
176
15
0
176
15
0
176
15
0
176
15
0
176
15
0
176
15
0
176
15
0
176
16
0
177
16
0
177
16
0
177
17
1
178
17
1
178
16
0
177
16
0
177
15
0
176
5
2
175
13
12
184
17
14
185
16
10
178
18
8
170
26
12
161
28
12
142
36
18
118
28
10
77
50
27
66
94
64
77
123
85
76
130
82
59
143
83
54
155
82
56
164
77
59
175
77
68
178
73
70
173
69
68
166
68
65
161
70
62
152
72
60
140
74
57
136
87
69
127
92
80
58
35
33
24
10
23
27
20
51
38
33
86
32
28
101
21
16
105
6
1
104
2
0
106
7
0
113
16
8
122
25
17
132
30
19
150
28
12
171
24
8
167
24
6
167
21
5
169
22
5
172
23
6
176
22
5
177
20
3
177
19
3
178
18
4
179
15
2
177
11
0
174
10
0
173
11
3
174
12
4
173
11
4
171
9
3
169
9
2
165
20
5
154
37
20
170
21
5
149
17
2
134
12
3
110
5
2
74
4
11
44
17
33
34
37
59
33
65
89
51
59
79
48
59
74
55
57
66
61
62
67
69
68
73
74
67
76
67
59
72
51
71
87
55
29
40
39
4
7
30
24
22
81
30
23
124
25
13
152
20
6
170
13
1
178
8
0
176
10
1
174
11
3
170
13
2
169
14
1
171
15
1
173
14
0
176
12
2
177
9
6
174
6
9
170
5
11
166
11
6
173
14
6
177
15
6
180
13
4
177
12
3
175
26
12
187
16
0
169
21
5
166
33
17
164
31
17
147
23
11
121
12
4
91
6
2
65
16
13
56
54
53
77
234
236
240
241
245
238
230
235
220
233
234
230
239
237
243
243
242
247
249
247
251
226
225
228
223
222
224
185
185
185
118
118
118
68
69
67
29
30
28
12
13
12
38
39
38
102
103
101
212
212
212
246
246
246
245
244
246
235
234
236
240
239
241
248
249
251
246
251
250
248
251
251
252
252
252
255
253
253
255
253
254
255
253
254
254
254
254
252
254
254
249
254
254
246
254
253
243
255
253
243
255
254
245
254
253
246
253
252
247
250
249
249
246
247
249
243
244
244
234
235
212
192
192
39
14
13
32
2
1
57
16
17
62
12
13
68
10
11
73
10
11
68
2
3
79
10
11
72
2
3
71
2
3
70
2
3
71
1
4
73
0
4
75
0
5
77
0
7
78
0
7
81
0
9
74
0
4
74
0
4
74
0
4
73
1
4
72
1
4
71
1
4
71
1
4
71
1
4
71
1
4
71
1
4
71
1
4
73
0
4
73
0
4
75
0
4
76
0
4
76
0
4
78
0
4
78
0
4
76
0
4
75
0
4
75
0
4
75
0
4
75
0
4
76
0
4
76
0
4
76
0
4
76
0
4
76
0
4
76
0
4
76
0
4
76
0
4
76
0
4
76
0
3
75
0
3
75
0
3
75
0
3
75
1
2
75
1
1
75
1
1
75
1
1
75
1
1
75
1
1
75
1
1
75
0
2
75
0
2
75
0
2
76
0
3
76
0
4
76
0
4
76
0
4
76
0
5
76
0
5
76
0
5
76
0
6
76
0
5
76
0
4
76
0
4
76
0
4
76
0
4
76
0
4
76
0
4
76
0
4
76
0
4
76
0
4
76
0
4
76
0
4
76
0
4
76
0
4
76
0
4
76
0
4
76
0
4
76
0
4
76
0
4
76
0
4
15
0
176
15
0
176
15
0
176
15
0
176
15
0
176
15
0
176
15
0
176
15
0
176
15
0
176
15
0
176
15
0
176
15
0
176
15
0
176
16
0
177
16
0
176
15
0
176
15
0
176
15
0
176
10
1
179
13
5
185
15
5
187
15
3
185
17
3
182
23
6
176
24
8
159
37
20
141
32
17
104
27
9
64
65
41
66
107
77
77
129
89
70
142
89
61
138
71
42
166
83
58
173
79
60
175
74
61
162
70
47
152
69
40
154
75
50
159
88
67
152
89
75
138
87
80
95
56
57
50
24
31
24
8
24
24
16
42
26
23
61
11
11
62
7
7
70
11
10
96
20
16
121
20
9
134
22
6
145
27
8
157
29
10
167
23
8
170
20
4
168
19
2
167
18
2
168
19
3
170
19
4
172
18
4
173
17
3
173
16
3
173
15
4
173
14
3
171
11
3
170
11
3
169
10
4
168
10
5
167
10
6
166
9
6
164
10
5
163
17
2
158
25
8
169
22
3
164
26
7
159
22
7
138
11
3
100
2
3
59
2
13
31
12
31
17
49
72
39
64
85
52
57
73
50
56
67
56
60
68
62
59
67
58
52
65
46
57
73
42
66
86
45
23
32
41
12
16
48
21
19
85
27
19
125
28
15
156
24
9
174
16
2
179
10
0
176
12
1
175
12
1
169
14
0
170
16
1
173
17
1
176
15
1
178
12
2
178
9
4
174
5
9
168
3
11
165
9
5
172
12
3
176
12
3
178
11
1
177
11
1
177
18
5
182
16
1
175
19
4
171
26
10
168
28
13
157
29
15
141
21
10
116
8
0
83
6
3
60
16
12
51
179
179
196
229
232
235
245
248
243
249
248
250
248
245
252
245
242
248
223
220
227
103
101
106
81
81
84
50
50
51
34
34
34
15
15
14
5
5
4
39
40
38
126
128
125
207
207
206
248
248
248
254
254
254
250
249
250
242
241
243
245
243
245
250
251
252
249
253
253
249
251
251
253
253
253
255
253
253
255
252
253
254
252
252
252
252
252
248
250
250
244
250
249
246
253
253
238
249
247
236
248
246
239
246
245
236
239
239
238
236
237
230
223
224
192
182
184
132
116
118
95
67
67
35
3
4
41
3
3
59
11
13
61
6
7
64
3
3
70
4
4
70
1
2
75
3
5
73
2
2
72
2
3
71
2
3
72
1
4
73
0
4
75
0
5
77
0
7
79
0
7
81
0
9
73
0
3
77
3
7
78
5
9
74
3
6
72
2
5
74
5
8
72
5
7
67
0
3
86
19
21
75
6
9
73
3
6
72
2
5
73
1
4
75
0
3
76
0
3
77
0
3
80
0
4
81
0
4
77
0
4
76
0
3
75
0
3
75
0
3
75
0
3
75
0
3
75
0
3
75
0
3
75
0
3
76
0
4
76
0
4
76
0
4
76
0
4
76
0
4
75
0
4
75
0
4
75
0
4
75
0
4
75
1
2
75
2
2
75
2
2
75
1
2
75
1
2
75
1
2
75
1
2
75
1
2
75
1
2
76
0
3
76
0
4
76
0
4
76
0
4
76
0
4
76
0
6
76
0
6
76
0
6
76
0
6
76
0
5
76
0
4
76
0
4
76
0
4
76
0
4
76
0
4
76
0
4
76
0
4
76
0
4
76
0
4
76
0
4
76
0
4
76
0
4
76
0
4
76
0
4
76
0
4
76
0
4
76
0
4
76
0
4
76
0
4
15
0
176
15
0
176
15
0
176
15
0
176
15
0
176
15
0
176
15
0
176
15
0
176
15
0
176
15
0
176
15
0
176
15
0
176
15
0
176
15
0
176
15
0
176
15
0
176
15
0
176
15
0
176
17
0
184
18
0
187
18
0
189
19
0
190
19
0
188
20
1
182
21
4
168
27
10
149
35
20
127
36
19
94
40
20
64
55
29
47
83
48
44
118
71
54
142
82
59
153
79
55
162
78
56
173
83
63
167
89
57
153
86
47
148
84
50
155
95
69
148
94
78
117
73
67
59
25
29
56
32
44
76
60
81
62
54
83
26
22
64
6
4
60
1
1
71
18
14
110
36
27
146
36
19
160
28
7
165
23
1
169
20
1
170
19
3
168
19
3
168
19
3
168
17
3
168
17
3
168
17
3
169
16
3
169
15
3
168
14
3
168
13
4
168
13
4
167
11
5
166
11
6
164
11
7
163
10
7
162
10
8
162
10
8
161
11
7
162
18
3
167
18
1
170
22
2
175
28
6
174
26
6
157
18
4
126
7
3
87
1
5
48
2
14
21
20
39
22
58
78
54
61
78
56
64
78
62
65
77
64
60
73
56
56
72
47
65
84
50
63
84
42
12
18
44
12
15
63
19
15
96
25
16
132
27
14
161
24
8
176
17
1
179
13
0
177
15
2
174
15
1
169
17
0
170
19
0
174
19
0
178
17
0
180
13
1
179
9
3
174
4
8
167
3
11
164
9
3
172
11
1
175
11
0
175
11
0
176
11
0
176
13
1
177
15
2
178
17
3
175
20
4
170
26
10
166
29
13
155
24
10
134
13
2
106
8
0
81
5
4
56
40
37
73
61
61
80
70
70
81
63
61
70
55
53
61
58
57
64
59
56
65
13
11
16
13
12
16
55
55
57
86
85
86
86
85
86
108
108
107
164
165
163
221
222
220
251
251
250
249
249
249
253
253
253
253
252
254
248
247
250
250
249
251
253
254
255
251
254
254
250
252
252
255
255
255
255
253
253
255
251
252
252
250
250
249
248
248
242
244
244
234
239
238
236
242
241
245
253
252
229
236
235
240
244
243
247
245
245
205
197
199
130
117
119
63
46
49
38
15
18
50
13
14
51
10
13
54
7
9
58
4
7
62
1
4
67
0
2
70
0
1
73
0
1
73
1
1
74
2
2
72
2
3
72
2
3
72
1
4
73
0
4
75
0
5
78
0
7
80
0
7
83
0
9
86
12
16
77
3
7
78
6
9
74
4
7
68
1
2
68
3
4
74
8
10
74
9
10
71
6
8
74
7
9
74
5
8
73
3
6
74
1
4
75
0
3
77
0
3
80
0
4
83
0
4
83
0
5
78
0
4
77
0
4
77
0
4
77
0
4
76
0
4
76
0
4
76
0
4
75
0
3
75
0
3
76
0
4
76
0
4
76
0
4
76
0
4
76
0
4
74
0
4
74
0
4
74
0
4
74
0
4
75
0
3
76
1
3
76
1
3
76
1
3
76
1
3
76
1
3
76
1
3
76
0
3
76
0
4
76
0
4
76
0
4
76
0
4
76
0
5
76
0
5
76
0
6
76
0
6
76
0
6
76
0
6
76
0
5
76
0
4
76
0
4
76
0
4
76
0
4
76
0
4
76
0
4
76
0
4
76
0
4
76
0
4
76
0
4
76
0
4
76
0
4
76
0
4
76
0
4
76
0
4
76
0
4
76
0
4
76
0
4
76
0
4
15
0
176
15
0
176
15
0
176
15
0
176
15
0
176
15
0
176
15
0
176
15
0
176
15
0
176
15
0
176
15
0
176
15
0
176
15
0
176
15
0
176
15
0
176
15
0
176
15
0
176
15
0
176
22
0
185
25
0
189
25
0
191
24
0
192
21
0
189
19
0
183
19
1
172
25
8
159
32
16
142
42
25
124
31
13
84
22
1
45
34
6
27
68
28
35
134
85
78
161
101
86
168
99
82
152
81
62
133
71
46
125
71
43
134
83
56
148
102
79
139
99
80
92
61
51
37
14
13
49
31
44
87
74
103
60
52
97
12
5
68
11
5
87
16
8
111
26
14
138
30
14
156
28
8
164
25
5
170
27
5
176
25
5
175
19
3
168
19
3
168
19
3
168
17
3
168
17
3
168
17
3
168
16
3
167
15
4
166
15
4
166
14
5
165
13
5
165
13
6
163
13
7
162
11
7
162
11
8
161
11
8
161
11
8
160
11
7
161
13
2
172
16
1
176
18
0
178
21
1
177
25
5
169
25
10
150
19
10
119
9
6
80
0
4
42
1
8
18
43
59
52
63
80
68
64
80
66
51
66
52
43
58
42
50
66
46
64
81
56
50
67
39
2
2
48
9
9
77
20
16
113
25
15
144
24
9
165
19
3
177
15
0
180
15
2
178
17
4
174
18
1
169
19
1
169
20
0
174
21
0
179
20
0
183
16
1
182
11
3
176
5
7
169
4
9
164
11
2
173
11
1
175
11
1
175
11
1
175
11
1
175
12
2
176
13
3
177
15
2
177
17
4
174
21
7
171
23
7
163
27
11
153
34
18
142
36
24
127
35
25
106
10
3
62
5
1
43
7
5
37
9
7
26
10
8
19
11
9
20
11
10
20
22
21
30
35
35
41
169
170
174
221
223
225
224
225
226
223
225
225
231
233
232
234
237
235
234
236
234
236
238
238
245
247
247
251
253
253
251
253
254
251
253
254
251
254
254
248
253
252
250
251
251
255
255
255
255
253
253
255
252
253
255
252
253
252
252
252
245
246
246
234
237
236
226
231
230
228
234
233
220
225
224
224
224
224
177
169
170
89
75
77
33
13
17
30
4
8
40
9
13
59
14
17
58
8
12
57
3
6
60
1
3
65
0
2
71
0
2
76
1
3
76
0
2
76
0
1
76
2
2
74
1
3
72
2
3
72
1
3
73
0
4
75
0
5
77
0
7
80
0
7
83
0
9
74
1
4
69
0
1
80
10
12
76
6
9
74
7
9
80
15
16
73
8
10
69
4
6
66
1
3
73
8
10
74
7
9
74
4
7
75
2
5
76
0
3
78
0
3
81
0
4
85
0
5
85
0
5
79
0
4
77
0
4
77
0
4
77
0
4
77
0
4
77
0
4
77
0
4
76
0
4
76
0
4
76
0
4
76
0
4
75
0
4
74
0
4
74
0
4
74
0
4
74
0
4
74
0
4
74
0
4
75
1
3
76
1
3
76
1
3
76
1
3
76
1
3
76
1
3
76
0
4
76
0
4
76
0
4
76
0
4
76
0
5
76
0
6
76
0
6
76
0
6
77
0
7
77
0
7
77
0
7
77
0
7
77
0
6
76
0
4
76
0
4
76
0
4
76
0
4
76
0
4
76
0
4
76
0
4
76
0
4
76
0
4
76
0
4
76
0
4
76
0
4
76
0
4
76
0
4
76
0
4
76
0
4
76
0
4
76
0
4
76
0
4
15
0
176
15
0
176
15
0
176
15
0
176
15
0
176
15
0
176
15
0
176
15
0
176
15
0
176
15
0
176
15
0
176
15
0
176
15
0
176
15
0
176
15
0
176
15
0
176
15
0
176
15
0
176
24
0
184
25
1
186
24
0
186
22
0
185
19
0
182
17
0
178
16
1
172
20
7
164
27
13
157
30
15
142
34
18
125
37
17
104
34
10
75
33
7
50
63
30
57
106
65
77
123
80
82
119
73
69
109
64
62
108
66
65
114
78
71
112
81
71
91
67
54
52
36
27
23
12
14
17
9
28
20
12
55
20
10
80
20
7
104
27
10
134
33
13
158
29
9
167
24
3
168
22
3
168
22
5
169
23
7
169
22
6
169
19
2
169
19
3
168
19
3
168
19
3
168
18
3
168
17
3
168
17
3
167
17
4
166
16
4
166
15
4
165
15
5
165
15
5
164
14
5
164
13
5
164
13
6
163
13
6
163
13
6
163
12
5
164
6
0
168
11
2
175
14
1
177
15
0
175
20
4
172
27
10
167
29
15
151
22
12
123
11
7
89
4
2
54
15
22
48
31
42
52
43
55
56
46
60
56
52
66
62
62
72
72
56
66
70
22
30
38
3
3
79
14
10
107
23
15
136
23
11
158
19
4
172
17
2
182
20
5
187
20
8
183
20
5
173
19
3
168
22
2
169
24
0
174
24
0
180
22
0
184
19
0
184
13
2
178
6
4
170
3
7
166
13
2
174
15
0
175
14
0
174
13
1
173
13
2
172
12
3
173
13
4
174
13
4
175
14
3
175
14
2
172
18
4
169
25
8
166
26
9
154
19
3
131
41
26
136
34
21
108
36
26
97
32
25
86
33
28
62
39
37
50
52
49
62
72
71
82
104
103
112
161
161
168
232
233
238
248
250
252
248
250
250
246
248
248
241
243
243
237
239
239
244
246
246
253
255
255
250
252
252
248
250
250
250
252
253
250
252
253
249
252
252
249
253
252
249
252
251
253
253
253
254
253
253
254
251
252
254
253
253
255
254
254
250
250
250
244
246
246
244
246
246
233
235
235
217
216
217
160
153
154
75
60
63
34
12
15
39
10
14
57
21
27
58
18
24
60
8
12
62
6
10
65
4
8
68
2
5
72
1
4
76
1
4
79
1
4
80
2
4
78
2
3
76
2
2
74
1
3
72
2
3
72
1
4
73
0
4
75
0
5
79
0
7
81
1
8
83
0
9
73
1
3
75
4
7
82
12
14
74
7
9
66
1
2
74
10
11
99
36
37
137
79
81
78
15
17
74
10
11
73
7
9
74
5
7
76
3
6
79
2
5
81
0
5
84
0
5
85
0
5
87
0
5
81
0
3
79
0
3
78
0
3
77
0
3
77
0
4
77
0
4
77
0
4
76
0
4
76
0
4
76
0
4
76
0
4
75
0
4
74
0
4
74
0
4
73
0
4
73
0
4
72
1
4
72
1
4
74
1
3
76
1
3
76
1
3
76
1
3
76
0
4
76
0
4
76
0
4
76
0
4
76
0
4
76
0
5
76
0
6
76
0
6
76
0
6
77
0
7
77
0
7
77
0
7
77
0
7
77
0
8
77
0
7
76
0
4
76
0
4
76
0
4
76
0
4
76
0
4
76
0
4
76
0
4
76
0
4
76
0
4
76
0
4
76
0
4
76
0
4
76
0
4
76
0
4
76
0
4
76
0
4
76
0
4
76
0
4
76
0
4
15
0
176
15
0
176
15
0
176
15
0
176
15
0
176
15
0
176
15
0
176
15
0
176
15
0
176
15
0
176
15
0
176
15
0
176
15
0
176
15
0
176
15
0
176
15
0
176
15
0
176
15
0
176
22
1
180
23
0
179
20
0
177
18
0
175
16
1
173
14
2
171
14
3
170
15
6
169
19
9
167
20
8
159
27
13
153
33
16
142
35
16
124
37
17
104
17
0
61
24
3
44
42
20
45
77
54
70
98
70
89
96
66
86
78
52
66
53
33
41
33
19
22
11
6
8
8
4
20
9
3
40
13
5
69
27
15
110
37
20
146
33
12
163
29
4
174
24
1
178
26
5
182
29
11
180
25
11
171
17
7
159
15
2
159
19
2
170
19
2
170
19
2
170
19
2
170
19
2
169
19
2
169
18
2
169
18
2
169
18
2
169
17
2
169
17
3
167
16
3
167
16
3
167
16
3
168
16
3
168
16
3
168
16
3
168
14
3
168
4
2
168
10
6
174
13
6
175
12
2
171
15
1
170
22
4
171
27
8
168
28
10
155
25
10
133
23
14
107
2
1
59
3
7
42
18
26
46
37
47
60
52
61
77
56
59
86
37
36
74
5
3
50
19
13
117
24
16
135
24
12
154
21
6
168
17
2
180
18
2
189
21
7
191
22
9
185
21
7
172
21
4
165
24
3
168
26
1
174
26
0
180
25
0
184
21
0
185
15
0
181
9
2
172
4
4
168
15
1
175
18
0
176
17
0
174
15
2
171
14
3
170
13
4
170
13
5
171
12
4
174
13
3
176
17
5
179
26
11
185
33
15
185
31
13
174
25
6
155
50
33
164
41
26
135
28
15
111
15
6
90
65
60
103
149
146
160
216
214
226
243
241
251
233
231
241
236
235
244
240
240
246
243
244
248
244
246
248
248
250
250
248
250
250
243
245
245
248
250
250
251
253
253
242
244
244
242
244
244
249
251
251
252
254
254
249
253
252
244
250
249
245
249
249
249
250
250
252
250
250
251
247
248
254
249
250
255
253
253
253
252
252
242
241
241
215
214
214
194
192
192
106
100
100
48
35
37
32
12
15
34
6
9
44
7
13
54
9
17
55
7
14
64
7
12
70
10
14
76
10
15
79
8
12
80
4
8
80
1
4
79
0
1
79
0
0
78
0
1
76
2
2
74
1
2
72
2
3
72
1
4
73
0
4
75
0
5
79
0
7
81
1
8
83
0
9
81
7
9
70
1
2
71
4
4
70
4
5
68
4
4
85
22
22
143
83
83
226
179
179
97
36
36
73
10
10
71
5
6
73
5
6
76
4
5
79
3
5
82
2
5
85
0
4
88
0
4
90
0
4
82
0
4
79
0
3
79
0
3
79
0
3
79
0
3
77
0
3
77
0
4
77
0
4
76
0
4
76
0
4
75
0
4
74
0
4
74
0
4
74
0
4
72
1
4
72
1
4
72
1
4
72
1
4
74
0
4
76
0
4
76
0
4
76
0
4
76
0
4
76
0
4
76
0
4
76
0
4
76
0
4
76
0
5
76
0
6
76
0
6
76
0
6
77
0
7
77
0
7
77
0
7
77
0
8
77
0
8
77
0
6
76
0
4
76
0
4
76
0
4
76
0
4
76
0
4
76
0
4
76
0
4
76
0
4
76
0
4
76
0
4
76
0
4
76
0
4
76
0
4
76
0
4
76
0
4
76
0
4
76
0
4
76
0
4
76
0
4
15
0
176
15
0
176
15
0
176
15
0
176
15
0
176
15
0
176
15
0
176
15
0
176
15
0
176
15
0
176
15
0
176
15
0
176
15
0
176
15
0
176
15
0
176
15
0
176
15
0
176
15
0
176
19
1
175
19
1
172
17
1
169
15
3
167
14
5
166
12
6
167
11
6
169
10
5
172
11
5
174
9
2
171
13
4
170
19
6
165
24
10
155
33
20
144
24
12
113
19
14
81
11
7
56
21
17
55
36
23
58
38
19
51
23
10
35
10
3
23
12
5
28
3
1
27
8
6
47
11
6
69
21
12
101
26
13
130
26
8
150
25
4
167
25
1
179
22
1
183
20
1
179
20
5
173
20
9
167
20
12
162
20
9
165
20
0
174
20
0
173
20
0
172
19
0
172
19
1
172
19
1
171
19
1
171
19
1
171
19
1
171
19
1
171
18
1
171
18
1
171
18
1
173
18
1
174
18
0
174
17
0
175
17
0
175
15
2
174
6
8
169
7
8
169
9
7
169
10
5
168
14
2
171
18
1
175
23
1
177
27
3
174
30
6
162
37
19
146
14
6
96
8
7
66
5
8
47
8
12
44
13
16
53
15
14
65
13
7
75
25
10
96
31
22
146
27
15
154
22
8
165
18
2
177
17
0
188
18
2
193
19
5
190
19
6
182
21
7
171
23
6
164
25
4
166
28
2
173
29
1
180
28
0
185
23
0
187
17
0
182
10
1
174
6
3
169
17
1
176
20
0
176
19
1
173
17
2
170
15
4
168
14
5
167
13
6
169
12
5
173
12
3
176
14
4
180
15
2
180
18
1
178
25
5
177
34
14
176
43
23
170
40
21
150
27
10
125
15
2
105
100
94
145
199
196
211
241
238
251
241
239
249
244
242
250
242
241
250
245
245
251
245
246
251
243
245
247
247
249
249
249
251
251
245
247
247
246
248
248
248
250
250
247
249
249
249
252
252
249
251
251
243
245
245
235
239
238
233
238
238
238
243
242
244
246
246
248
247
247
246
241
242
251
246
247
254
251
252
254
252
252
216
214
214
110
108
108
83
77
78
27
18
19
29
12
14
45
18
22
49
13
19
51
8
15
57
7
15
61
7
14
62
1
5
67
3
7
72
4
9
77
4
8
81
2
6
82
1
4
82
1
3
82
1
3
81
2
3
77
1
2
74
2
2
72
2
3
72
1
3
73
0
4
75
0
5
79
0
7
81
0
8
83
0
9
79
7
8
71
2
3
68
1
1
75
8
9
76
11
12
70
8
8
79
18
18
119
59
59
60
1
1
64
3
3
67
2
3
71
3
4
75
3
4
79
2
4
83
1
4
86
1
5
89
0
4
92
0
5
83
1
4
80
1
4
80
1
4
80
1
4
80
1
4
79
1
4
78
1
5
78
1
5
77
1
5
76
0
4
75
0
4
74
0
4
74
0
4
73
1
4
72
1
4
72
1
4
72
1
4
72
1
4
74
0
4
76
0
4
76
0
4
76
0
4
76
0
4
76
0
4
76
0
4
76
0
5
76
0
5
76
0
6
76
0
6
76
0
6
77
0
7
77
0
7
77
0
8
77
0
8
77
0
8
77
0
8
77
0
6
76
0
4
76
0
4
76
0
4
76
0
4
76
0
4
76
0
4
76
0
4
76
0
4
76
0
4
76
0
4
76
0
4
76
0
4
76
0
4
76
0
4
76
0
4
76
0
4
76
0
4
76
0
4
76
0
4
15
0
176
15
0
176
15
0
176
15
0
176
15
0
176
15
0
176
15
0
176
15
0
176
15
0
176
15
0
176
15
0
176
15
0
176
15
0
176
15
0
176
15
0
176
15
0
176
15
0
176
15
0
176
17
1
171
16
2
168
15
4
166
14
7
164
13
9
164
11
11
165
9
8
167
7
6
174
6
2
179
6
1
184
8
1
184
12
2
181
16
4
172
17
8
155
31
26
148
22
22
113
18
23
91
14
22
76
23
19
62
29
18
56
23
14
50
8
3
38
7
2
41
5
1
49
29
26
90
31
24
107
28
18
124
27
13
143
26
8
159
21
2
169
20
0
176
23
1
183
21
4
180
17
4
171
14
4
162
13
6
157
16
5
163
20
0
176
20
0
176
20
0
175
20
0
175
20
0
174
20
0
173
20
0
173
20
0
173
19
0
173
19
0
174
19
0
174
20
0
175
20
0
177
20
0
177
20
0
179
20
0
180
20
0
180
17
2
178
5
10
167
2
4
161
2
4
159
9
6
165
16
7
174
21
4
181
23
0
185
26
0
185
31
2
180
40
16
165
29
16
126
23
18
93
11
12
65
11
12
57
16
15
67
18
10
81
15
2
93
42
20
132
33
21
158
24
11
161
18
3
169
18
1
183
18
0
193
17
0
194
13
1
186
14
1
175
21
8
169
23
7
164
27
5
166
29
2
172
30
1
180
29
0
186
25
0
188
19
0
184
11
1
176
8
2
171
19
0
176
21
0
177
20
1
173
18
3
169
16
4
166
14
6
166
13
8
167
12
6
171
12
3
176
13
3
180
16
2
184
19
1
184
25
4
183
36
14
185
27
5
162
37
18
157
26
7
134
16
1
116
127
120
177
227
224
238
244
241
252
242
239
251
247
245
254
247
246
254
248
248
253
248
249
253
245
246
248
245
247
247
249
251
251
251
253
253
247
249
249
237
239
239
240
242
242
248
250
250
244
246
246
229
231
231
225
229
228
239
244
244
240
245
244
231
233
233
208
207
207
179
175
175
162
157
158
148
143
144
132
128
129
95
91
91
18
14
14
13
7
8
13
1
3
33
13
15
42
12
17
44
5
12
51
3
11
59
4
13
60
2
10
69
6
11
69
3
8
71
0
6
75
0
4
80
1
4
84
2
5
86
2
5
84
2
4
82
2
3
77
1
2
74
2
2
72
2
3
72
1
3
73
0
4
75
0
5
78
0
7
81
0
9
83
0
9
73
1
2
73
2
3
72
4
5
71
6
6
69
6
6
66
5
5
67
7
7
65
5
5
62
3
3
63
1
1
65
0
1
69
1
2
73
1
3
78
1
3
82
0
3
85
0
4
91
1
5
93
1
6
83
1
4
80
1
4
80
1
4
80
1
4
80
1
4
80
1
4
78
1
5
78
1
5
77
1
5
76
0
4
75
0
4
74
0
4
74
0
4
72
1
4
72
1
4
72
1
4
72
1
4
72
1
4
74
0
4
76
0
4
76
0
4
76
0
4
76
0
4
76
0
4
76
0
4
76
0
5
76
0
6
76
0
6
76
0
6
76
0
6
77
0
7
77
0
7
77
0
8
77
0
8
77
0
8
76
0
8
76
0
6
76
0
4
76
0
4
76
0
4
76
0
4
76
0
4
76
0
4
76
0
4
76
0
4
76
0
4
76
0
4
76
0
4
76
0
4
76
0
4
76
0
4
76
0
4
76
0
4
76
0
4
76
0
4
76
0
4
18
3
167
18
3
168
18
3
169
17
2
170
17
1
172
17
1
174
17
0
177
16
0
179
16
0
180
17
0
183
17
0
184
17
0
184
17
0
184
18
0
184
19
0
183
19
0
183
19
0
182
19
0
182
18
0
184
18
0
182
16
1
179
14
3
174
13
5
170
12
6
168
11
7
168
11
6
171
11
4
175
12
3
180
11
1
182
11
0
182
14
1
180
18
5
177
26
15
175
24
17
163
23
17
152
19
16
144
25
21
124
24
20
107
12
8
98
3
1
92
2
0
97
12
2
115
28
17
140
28
17
150
25
11
154
23
7
161
23
6
169
21
3
172
19
2
175
19
1
177
17
2
177
16
1
175
13
1
172
12
1
171
14
1
171
16
2
171
16
2
171
16
2
170
16
2
170
17
2
170
17
2
169
17
2
169
17
2
169
18
2
169
19
2
169
19
2
170
19
2
170
19
2
171
20
1
172
20
1
173
20
0
174
20
0
174
19
1
174
15
4
170
13
1
167
12
0
166
14
1
169
18
3
173
20
4
176
21
4
178
21
3
177
21
2
176
31
14
180
27
13
169
23
10
159
19
8
150
18
9
147
20
11
149
23
12
153
24
13
156
32
20
165
25
10
178
23
8
179
21
7
179
21
7
180
20
6
180
19
6
178
17
6
175
17
6
171
18
6
170
18
6
169
19
5
170
19
3
171
19
2
173
19
2
176
18
1
178
17
0
178
15
0
178
15
0
177
11
6
166
11
6
164
12
3
167
14
2
170
16
1
173
17
2
174
18
5
170
16
7
168
15
7
167
13
7
170
11
3
172
14
2
178
21
5
182
24
5
175
28
8
162
39
20
145
22
5
105
14
0
82
146
136
171
250
243
247
254
249
251
253
249
252
253
248
251
254
249
252
254
254
255
251
254
255
243
251
251
240
251
250
240
253
252
239
252
250
240
252
250
245
251
251
228
229
229
248
247
248
211
201
203
131
115
117
93
78
81
123
112
113
116
103
104
99
85
86
79
61
63
61
41
43
51
28
29
44
19
19
41
12
13
42
9
10
43
7
9
45
6
8
49
4
6
53
4
7
56
1
5
59
1
4
63
2
5
67
4
7
69
4
6
79
5
4
79
4
3
79
3
3
80
3
2
80
3
2
80
4
3
80
4
3
80
4
2
78
3
3
76
2
2
76
2
2
74
2
2
73
2
2
74
1
3
74
1
3
75
1
4
75
1
4
75
1
4
72
2
4
71
3
4
73
3
5
73
2
3
72
1
2
74
1
2
75
2
2
75
1
2
75
1
1
74
0
0
76
1
2
78
2
3
77
1
2
78
3
3
86
9
10
87
11
10
77
0
1
79
4
2
69
2
2
66
1
1
77
9
10
84
12
13
76
1
1
84
4
5
92
10
12
80
1
2
79
3
4
76
2
3
72
2
2
70
2
2
69
2
2
69
2
2
70
2
2
73
2
2
75
1
2
78
1
2
77
0
3
76
0
4
76
0
4
76
0
4
76
0
4
76
0
4
76
0
4
76
0
4
76
0
4
76
0
4
76
0
4
76
0
4
76
0
5
76
0
5
76
0
5
76
0
5
76
0
5
76
0
5
76
0
4
76
0
4
76
0
4
76
0
4
76
0
4
76
0
4
76
0
4
76
0
4
76
0
4
76
0
4
76
0
4
76
0
4
76
0
4
76
0
4
76
0
4
76
0
4
76
0
4
76
0
4
76
0
4
76
0
4
21
7
165
20
6
164
19
6
165
17
4
167
17
3
168
16
3
170
15
2
173
15
0
175
15
0
176
16
0
177
16
0
178
16
0
178
16
0
178
16
0
176
15
0
175
15
0
175
17
1
173
17
1
173
19
0
184
18
0
184
17
0
180
16
2
175
13
4
170
12
5
169
12
7
168
12
7
170
12
5
173
11
1
175
11
1
179
12
1
180
13
1
178
13
1
174
16
5
169
21
13
167
23
15
162
19
14
155
21
17
134
18
14
116
8
5
109
4
0
108
7
0
116
21
10
137
31
18
155
29
15
161
23
9
162
21
5
166
22
4
171
20
4
172
19
3
175
18
1
176
16
1
176
15
0
175
14
0
175
13
1
174
14
1
172
15
2
170
15
2
170
15
2
170
15
3
169
16
3
169
17
3
169
17
3
169
17
3
169
17
3
169
19
2
169
19
2
169
19
2
170
19
2
170
20
1
171
20
1
172
20
1
172
20
0
173
20
1
173
19
4
172
17
2
170
16
1
169
17
1
171
18
2
173
19
3
175
20
3
175
19
2
173
18
2
172
24
9
177
23
9
175
21
7
172
21
8
171
21
9
168
21
10
166
21
11
166
23
13
167
24
14
168
20
5
180
20
5
180
19
5
178
19
6
176
19
6
175
18
5
172
17
5
171
16
4
170
16
5
169
17
5
171
17
5
171
16
4
171
16
3
172
16
2
174
16
1
176
16
0
177
16
0
178
16
0
178
10
7
165
9
7
163
11
4
167
14
2
172
16
1
176
18
1
176
19
4
172
17
7
167
15
8
165
16
9
171
12
4
172
12
1
175
17
2
179
18
1
170
28
9
160
39
20
139
23
6
98
16
3
75
148
140
169
252
246
247
255
248
250
255
250
251
254
248
249
254
249
250
254
253
253
250
255
254
244
254
252
241
254
252
238
253
251
233
249
246
236
249
248
250
255
255
253
253
253
246
238
239
171
155
158
77
56
59
29
5
9
35
14
15
35
13
15
35
12
14
36
9
12
37
7
8
37
5
6
39
3
4
41
1
3
46
2
5
56
9
11
60
7
10
62
5
8
63
3
7
64
2
5
67
2
4
70
3
5
72
3
6
74
3
5
83
3
2
83
3
2
81
4
2
81
4
2
81
4
2
80
4
2
79
4
3
79
3
4
79
3
4
76
2
2
76
2
2
76
2
2
76
2
2
76
1
2
76
1
3
76
1
3
76
1
3
76
1
3
71
3
4
72
3
4
73
3
4
73
2
3
75
1
3
76
1
2
76
0
1
78
0
1
78
0
1
78
0
1
80
2
3
79
1
2
77
0
1
75
0
0
74
0
0
76
2
1
78
6
6
79
7
7
78
15
15
68
7
7
68
3
3
77
7
8
82
7
8
77
0
0
88
5
7
85
5
6
77
1
1
74
1
1
72
2
2
69
3
2
68
3
2
68
3
2
70
3
2
74
2
2
76
1
2
80
1
2
78
0
3
76
0
4
76
0
4
76
0
4
76
0
4
76
0
4
76
0
4
76
0
4
76
0
4
76
0
4
76
0
4
76
0
4
76
0
4
76
0
4
76
0
4
76
0
4
76
0
4
76
0
4
76
0
4
76
0
4
76
0
4
76
0
4
76
0
4
76
0
4
76
0
4
76
0
4
76
0
4
76
0
4
76
0
4
76
0
4
76
0
4
76
0
4
76
0
4
76
0
4
76
0
4
76
0
4
76
0
4
76
0
4
18
7
167
18
7
167
18
6
167
17
5
168
15
4
169
15
3
170
15
3
170
15
2
171
12
1
172
12
1
171
12
1
171
12
2
170
13
2
169
14
2
168
14
3
167
14
3
165
14
3
165
14
4
164
19
1
180
18
0
181
17
1
178
15
2
174
13
4
170
12
5
169
13
7
168
12
7
170
12
5
171
10
2
171
14
5
177
17
8
180
14
5
175
8
0
163
9
1
156
22
15
160
24
20
156
18
16
146
15
10
127
12
6
115
9
3
116
12
4
122
18
8
134
27
16
149
33
20
162
29
14
164
22
7
163
21
4
166
21
4
171
20
3
172
18
2
174
18
1
176
16
1
176
16
1
175
15
1
174
14
1
173
14
2
172
15
2
170
15
2
170
15
2
170
15
2
170
16
2
170
17
2
170
17
2
170
17
2
170
18
2
170
19
2
171
19
2
171
19
2
171
19
1
172
20
1
172
20
1
173
20
0
173
20
0
173
20
1
173
20
5
173
18
3
171
17
1
172
17
1
172
18
2
173
18
2
174
18
2
174
17
1
173
16
0
171
18
2
173
18
3
172
20
6
173
22
8
173
22
9
172
22
10
169
20
9
166
18
7
164
18
7
163
15
1
175
15
1
175
15
1
174
15
2
173
15
2
172
15
3
170
15
3
169
15
3
169
15
3
169
17
5
170
17
5
171
16
4
171
16
3
172
16
2
173
16
1
174
16
0
177
16
0
177
16
0
178
10
7
165
9
6
165
11
3
169
14
1
174
16
0
178
19
1
178
19
3
174
16
5
168
15
6
167
15
8
171
12
4
173
11
0
174
13
0
174
16
1
166
27
9
157
35
17
133
20
5
93
15
4
71
149
141
168
252
246
247
253
247
248
253
247
248
252
246
247
252
247
248
252
251
251
250
254
253
246
254
253
242
254
252
240
253
251
240
253
252
239
250
248
239
243
242
253
249
250
183
170
172
96
76
79
52
26
30
42
12
15
37
2
4
39
4
5
45
7
9
51
11
13
56
13
16
60
13
16
62
13
16
63
12
15
63
9
12
63
5
8
67
4
8
69
4
7
72
4
7
75
3
6
76
2
6
77
2
5
77
2
5
80
2
5
83
2
2
83
2
2
83
2
2
83
2
2
82
3
2
81
3
3
81
3
4
80
3
4
79
2
3
77
1
2
77
1
2
76
2
2
76
2
2
76
1
2
76
1
3
76
1
3
76
1
3
76
1
3
73
2
4
73
2
4
74
1
3
75
1
3
76
1
3
76
1
3
77
1
2
78
0
1
78
0
1
79
2
3
78
0
1
77
1
2
79
4
4
78
5
5
72
1
1
73
2
2
79
10
10
71
2
2
60
1
1
65
7
6
68
6
6
68
1
1
75
1
2
81
4
4
85
5
6
82
2
3
79
2
3
76
2
2
72
2
2
69
3
2
68
3
2
68
3
2
70
3
2
74
2
2
76
1
2
80
1
2
78
0
3
76
0
4
76
0
4
76
0
4
76
0
4
76
0
4
76
0
4
76
0
4
76
0
4
76
0
4
76
0
4
76
0
4
76
0
4
76
0
4
76
0
4
76
0
4
76
0
4
76
0
4
76
0
4
76
0
4
76
0
4
76
0
4
76
0
4
76
0
4
76
0
4
76
0
4
76
0
4
76
0
4
76
0
4
76
0
4
76
0
4
76
0
4
76
0
4
76
0
4
76
0
4
76
0
4
76
0
4
76
0
4
16
2
177
16
2
177
16
2
178
16
2
178
15
2
178
15
1
178
15
1
178
14
1
178
14
1
177
13
1
176
13
1
175
12
2
173
12
2
172
12
3
171
13
3
169
13
4
167
13
4
167
14
5
165
18
1
177
18
0
178
17
1
175
15
2
172
14
4
170
13
5
169
13
6
169
12
6
170
12
6
171
10
4
170
16
9
176
20
13
178
16
9
170
9
3
157
12
7
153
27
23
158
24
23
150
13
12
134
7
3
122
8
1
119
14
4
127
22
11
140
27
15
149
28
15
155
27
13
161
25
9
163
23
6
166
21
4
169
20
3
171
19
2
173
18
2
174
18
1
175
16
1
175
16
2
174
16
2
174
16
2
173
15
2
173
15
1
172
15
1
172
15
1
172
15
1
172
17
1
172
17
1
172
17
1
172
17
1
172
18
1
173
20
1
173
20
1
173
20
1
173
20
1
173
21
1
174
21
1
174
21
1
174
21
1
174
21
2
174
21
6
174
19
3
173
18
2
173
18
2
173
18
2
174
18
2
174
18
1
174
17
0
173
16
0
173
16
0
173
17
1
172
18
2
172
19
4
172
20
5
171
19
5
170
18
5
167
17
5
165
16
5
163
14
0
174
14
0
174
14
0
173
14
0
172
14
1
171
15
2
171
15
3
170
16
4
171
16
4
170
16
4
170
16
4
170
16
3
171
16
3
172
16
3
173
16
2
174
16
1
175
16
0
176
16
0
176
10
7
166
10
6
167
12
3
172
15
1
177
18
0
181
20
0
180
19
1
175
17
4
170
14
5
168
11
4
168
11
2
172
12
2
177
15
2
176
19
3
168
30
13
158
29
13
124
13
2
83
14
5
66
150
143
168
251
246
247
251
245
246
251
246
246
251
245
246
251
246
247
252
249
250
250
252
252
248
254
254
246
254
253
244
254
253
244
253
253
240
247
246
241
242
242
248
240
241
143
126
129
59
36
39
41
13
17
55
16
21
57
5
9
56
4
8
57
4
8
58
4
7
59
3
7
61
3
7
64
3
7
66
3
7
68
2
6
70
1
5
73
2
5
75
2
5
79
2
6
80
2
6
81
1
5
82
1
4
81
1
3
83
1
3
84
1
3
84
1
3
84
1
3
83
1
3
82
2
3
82
2
3
82
2
3
81
2
3
80
2
3
79
1
2
78
1
2
78
1
2
78
1
2
78
0
2
78
0
3
78
0
3
78
0
3
78
0
3
75
1
3
75
1
3
76
1
3
76
1
3
77
1
3
77
0
2
78
1
2
79
1
2
78
1
2
80
3
5
78
3
4
75
1
2
73
1
2
75
5
6
79
11
11
76
10
9
69
5
5
77
14
13
65
9
8
66
11
10
69
10
9
72
6
6
78
6
7
78
2
3
84
4
5
80
1
1
82
6
6
77
4
4
72
3
2
69
3
2
68
3
2
68
3
2
70
3
2
74
2
2
76
1
2
79
1
2
78
0
3
76
0
4
76
0
4
76
0
4
76
0
4
76
0
4
76
0
4
76
0
4
76
0
4
76
0
4
76
0
4
76
0
4
76
0
4
76
0
4
76
0
4
76
0
4
76
0
4
76
0
4
76
0
4
76
0
4
76
0
4
76
0
4
76
0
4
76
0
4
76
0
4
76
0
4
76
0
4
76
0
4
76
0
4
76
0
4
76
0
4
76
0
4
76
0
4
76
0
4
76
0
4
76
0
4
76
0
4
76
0
4
17
0
190
17
0
190
17
0
190
16
0
190
16
0
190
16
0
190
15
0
189
14
0
188
14
0
187
13
0
184
12
0
182
12
0
181
12
0
179
12
1
177
12
1
175
12
1
173
12
1
173
12
2
172
17
0
176
18
0
176
17
0
174
16
1
172
15
3
171
14
4
170
13
5
171
13
5
171
13
5
171
10
4
169
14
7
171
17
11
172
16
11
165
12
9
155
18
15
153
27
26
153
19
20
139
6
6
120
4
1
121
10
1
130
18
7
141
28
16
153
30
17
160
25
10
158
21
5
159
20
2
162
22
4
168
21
4
171
19
1
172
19
1
173
18
2
174
18
2
174
16
2
174
16
2
174
16
3
174
17
3
173
16
3
173
15
1
173
15
0
174
15
0
174
15
0
174
17
0
174
17
0
174
17
0
174
17
0
174
18
0
175
20
1
176
20
1
176
20
1
176
20
1
176
21
1
175
22
1
174
22
1
174
22
1
174
21
2
174
20
5
173
18
3
172
17
1
172
17
1
173
18
2
174
18
2
175
18
1
176
17
0
175
16
0
174
17
1
176
17
0
174
17
1
173
17
1
171
17
2
170
17
2
169
16
2
168
17
3
167
17
4
168
14
0
174
14
0
174
14
0
173
15
1
173
15
2
173
16
3
172
16
3
172
17
4
172
17
4
171
16
3
170
15
2
170
15
2
170
16
3
171
16
3
173
16
2
173
16
2
174
17
2
175
17
2
175
11
7
168
10
6
168
13
3
174
16
1
180
20
0
183
21
0
183
20
0
178
17
2
172
14
3
169
10
1
167
11
2
173
16
5
179
20
6
180
24
8
171
34
18
159
21
6
113
7
1
72
25
19
73
157
153
174
250
247
247
249
245
246
250
245
246
252
247
248
253
248
249
252
250
250
251
251
251
251
254
254
249
254
254
247
254
253
246
252
251
242
245
245
249
245
246
204
192
194
104
84
87
46
19
22
37
6
10
53
8
13
65
1
6
65
2
6
67
2
7
68
3
7
70
3
7
71
3
8
73
3
8
74
3
6
75
2
5
75
0
3
76
0
3
77
0
3
80
0
3
81
0
3
82
0
3
83
0
3
83
0
3
83
0
3
83
0
3
83
0
3
82
0
3
82
0
3
82
1
3
81
1
3
81
1
3
81
1
3
79
1
3
79
0
2
79
0
2
79
0
2
79
0
2
79
0
2
79
1
2
79
1
2
79
1
2
79
1
2
76
1
1
76
1
1
77
1
2
78
1
2
78
1
2
78
1
2
79
0
3
78
1
3
77
1
3
81
6
8
75
4
5
77
8
8
74
7
7
70
5
5
75
13
13
68
8
8
78
20
19
168
128
128
172
143
141
106
64
63
66
9
9
68
6
6
76
7
7
78
3
3
85
6
7
87
8
9
83
6
7
76
3
4
72
2
2
69
3
2
68
3
2
68
3
2
71
2
2
74
2
2
76
1
2
78
1
2
77
0
3
76
0
4
76
0
4
76
0
4
76
0
4
76
0
4
76
0
4
76
0
4
76
0
4
76
0
4
76
0
4
76
0
4
76
0
4
76
0
4
76
0
4
76
0
4
76
0
4
76
0
4
76
0
4
76
0
4
76
0
4
76
0
4
76
0
4
76
0
4
76
0
4
76
0
4
76
0
4
76
0
4
76
0
4
76
0
4
76
0
4
76
0
4
76
0
4
76
0
4
76
0
4
76
0
4
76
0
4
76
0
4
17
1
192
17
1
192
17
1
192
17
1
192
16
0
192
16
0
192
15
0
191
15
0
189
15
1
188
14
0
186
13
0
185
13
0
183
12
0
181
12
0
179
12
0
178
12
1
176
12
1
176
12
2
176
18
0
175
19
0
175
17
0
174
17
1
173
16
2
174
16
3
174
14
4
174
13
4
174
13
4
173
10
2
169
12
5
168
15
10
167
18
13
164
18
15
157
22
19
153
22
22
145
13
14
129
3
3
114
9
2
130
16
3
146
19
6
150
25
10
159
26
10
163
22
4
161
18
2
162
18
0
165
19
2
169
19
1
171
19
0
173
19
0
173
17
1
175
18
2
174
17
2
174
17
3
174
17
4
174
17
4
174
16
2
174
15
0
174
15
0
175
15
0
175
15
0
175
17
0
176
17
0
176
17
0
176
17
0
176
19
0
177
21
1
178
21
1
178
21
1
177
21
1
177
22
2
175
22
2
175
22
2
175
22
2
175
21
2
174
19
4
172
17
2
170
16
0
171
17
1
172
18
2
174
19
3
176
19
2
177
18
1
177
17
0
176
18
0
176
17
0
176
17
0
175
17
0
174
17
0
173
17
1
171
17
1
171
17
2
170
17
2
170
16
1
175
15
0
175
15
0
174
15
1
174
15
1
173
15
2
173
15
2
172
15
2
172
16
3
171
15
2
170
15
2
170
15
2
170
15
2
171
16
3
173
16
3
173
16
3
173
17
4
174
17
4
174
13
7
169
12
6
169
13
3
175
17
1
181
20
0
185
22
0
185
21
0
180
17
1
173
14
3
170
11
2
170
12
3
174
17
5
180
22
8
180
27
11
171
35
20
157
14
2
102
9
2
69
55
49
96
174
171
189
248
247
247
247
246
246
250
247
247
254
250
251
255
251
252
254
250
251
253
251
251
252
253
253
250
254
253
248
253
252
251
253
253
251
252
252
248
243
243
104
89
91
45
24
26
40
11
15
51
15
21
62
13
18
70
0
5
71
1
6
73
1
8
74
3
9
75
3
9
75
2
8
75
2
6
74
1
3
74
1
3
76
0
4
76
0
4
76
0
2
76
0
1
77
0
2
78
0
3
79
1
3
80
2
4
81
2
5
80
0
4
80
0
4
80
0
4
80
0
4
80
0
3
80
0
3
80
0
3
79
0
3
79
0
3
79
0
3
79
0
3
79
0
3
79
0
3
79
0
2
79
1
2
80
1
2
80
1
2
80
1
2
77
0
1
77
0
1
78
0
1
78
1
2
79
1
2
79
1
2
79
1
4
78
1
4
76
2
4
79
8
9
71
3
4
69
4
5
65
4
4
63
5
5
69
14
14
56
4
4
62
12
11
160
120
119
169
135
133
101
59
57
59
6
5
67
8
7
81
15
15
74
1
1
78
3
4
87
9
10
77
2
3
74
1
1
73
2
2
70
2
2
69
3
2
68
3
2
72
2
2
74
2
2
76
1
2
78
1
2
77
0
3
76
0
4
76
0
4
76
0
4
76
0
4
76
0
4
76
0
4
76
0
4
76
0
4
76
0
4
76
0
4
76
0
4
76
0
4
76
0
4
76
0
4
76
0
4
76
0
4
76
0
4
76
0
4
76
0
4
76
0
4
76
0
4
76
0
4
76
0
4
76
0
4
76
0
4
76
0
4
76
0
4
76
0
4
76
0
4
76
0
4
76
0
4
76
0
4
76
0
4
76
0
4
76
0
4
76
0
4
76
0
4
15
4
181
16
5
182
16
5
182
16
5
182
16
5
181
15
4
180
15
5
179
14
4
178
14
4
178
12
3
175
12
3
175
12
3
173
12
3
172
11
3
171
12
4
171
12
4
171
12
4
171
13
5
172
18
2
172
19
0
173
18
0
173
17
1
174
17
1
176
17
1
178
15
1
178
15
1
178
13
2
177
12
3
174
14
5
172
18
11
170
21
17
167
24
20
162
23
20
153
17
16
139
9
10
125
3
5
116
16
8
143
22
8
162
18
4
159
18
3
160
19
3
163
21
4
166
21
3
169
19
2
169
18
1
171
19
0
172
18
0
173
17
0
175
17
0
175
18
2
174
18
2
174
17
3
175
17
4
174
17
4
174
16
2
174
15
0
175
15
0
175
16
0
177
16
0
177
18
0
177
18
0
177
18
0
178
18
0
178
19
0
179
21
0
179
21
1
178
21
1
178
21
1
177
21
2
175
22
2
175
22
2
175
22
3
174
21
3
173
18
4
170
16
2
168
15
0
168
16
0
171
18
2
173
20
3
177
20
3
179
19
1
178
18
0
177
17
0
177
17
0
176
18
0
176
18
1
177
18
1
177
18
2
175
17
1
173
16
0
171
16
0
171
16
1
176
15
0
175
15
0
175
14
0
173
14
0
172
14
0
172
14
0
172
14
1
171
14
1
171
15
2
171
15
2
171
15
2
170
15
2
170
16
3
171
16
3
171
16
3
171
17
4
172
17
4
172
13
8
167
13
7
169
15
3
175
18
1
181
20
0
185
22
0
185
21
0
181
17
1
173
15
2
171
14
4
173
13
3
175
14
3
177
19
7
176
27
12
168
36
22
153
11
0
93
16
9
71
86
82
120
190
190
203
247
248
248
247
246
246
251
248
249
255
252
254
255
254
255
255
250
251
253
251
251
254
253
253
253
254
254
250
252
252
250
251
251
255
255
255
254
251
252
45
30
32
27
4
8
54
24
29
63
27
33
61
12
18
68
0
6
69
0
7
69
0
7
69
1
6
69
1
6
69
1
7
70
3
7
72
4
8
72
5
7
71
3
5
70
3
5
68
1
3
67
0
1
68
1
2
69
2
3
71
3
5
73
5
6
74
5
7
75
0
4
75
0
4
75
0
4
75
0
4
75
0
4
75
0
4
75
0
4
76
0
3
76
1
3
76
1
3
77
0
3
77
0
3
78
0
3
79
0
2
79
1
2
79
1
2
81
1
2
81
1
2
80
0
1
79
0
1
79
0
1
79
0
1
79
1
2
79
1
2
78
1
4
77
2
4
73
3
4
70
3
5
70
5
7
70
9
11
62
7
7
55
3
4
58
11
12
61
17
17
50
8
9
72
32
32
61
22
19
64
21
17
62
13
11
59
3
2
68
4
4
72
1
1
80
5
6
78
1
2
77
2
2
76
2
2
74
2
2
71
2
2
70
3
2
70
3
2
72
2
2
74
2
2
76
1
2
78
1
2
77
0
3
76
0
4
76
0
4
76
0
4
76
0
4
76
0
4
76
0
4
76
0
4
76
0
4
76
0
4
76
0
4
76
0
4
76
0
4
76
0
4
76
0
4
76
0
4
76
0
4
76
0
4
76
0
4
76
0
4
76
0
4
76
0
4
76
0
4
76
0
4
76
0
4
76
0
4
76
0
4
76
0
4
76
0
4
76
0
4
76
0
4
76
0
4
76
0
4
76
0
4
76
0
4
76
0
4
76
0
4
76
0
4
21
17
173
16
12
168
11
7
163
8
4
161
9
5
161
12
8
164
14
10
165
15
11
166
14
10
165
13
9
164
17
13
169
15
11
166
10
6
161
9
5
160
14
10
165
13
9
164
8
4
159
10
6
161
15
1
164
23
6
172
27
9
178
24
6
179
17
0
177
14
0
178
20
2
187
19
3
188
15
0
182
15
1
178
15
4
174
17
9
171
20
14
166
17
14
155
26
23
156
22
20
144
3
3
119
9
9
123
22
12
155
26
9
172
21
4
168
18
1
166
17
0
166
19
2
170
21
3
173
20
1
174
18
0
173
18
0
173
18
0
175
17
0
175
17
0
175
17
1
173
17
1
173
17
1
173
17
1
172
16
2
172
15
1
173
15
0
175
15
0
175
15
0
176
16
0
177
17
0
178
18
0
178
18
0
178
18
0
178
20
0
179
21
0
179
21
0
179
21
1
178
21
1
177
21
1
175
21
2
173
22
3
173
24
5
174
24
6
174
17
3
168
14
0
165
16
2
168
20
5
172
20
5
175
18
2
173
15
0
172
17
1
175
20
3
180
18
0
178
18
0
178
18
0
178
18
0
177
18
0
177
17
0
176
17
0
175
17
0
175
17
0
175
15
0
175
15
0
175
15
0
175
15
0
175
15
0
175
15
0
174
15
1
173
15
1
173
15
1
173
15
2
172
13
1
171
14
1
170
17
4
172
18
6
174
17
4
172
12
0
166
11
0
165
14
3
169
9
4
160
16
12
170
16
8
173
16
2
177
27
4
190
24
0
186
24
1
183
13
0
168
17
4
172
10
2
168
15
7
176
17
8
178
15
3
168
28
14
167
39
27
153
7
0
85
18
14
66
146
145
176
225
228
238
245
248
248
245
246
246
248
247
248
255
250
251
255
251
252
255
250
251
255
251
252
255
253
254
255
255
255
254
254
254
252
251
251
251
249
249
255
251
252
36
21
23
32
9
13
52
22
27
51
16
22
55
10
16
76
14
20
63
1
7
76
16
22
57
1
3
64
5
10
71
11
17
63
6
9
56
0
2
58
2
5
60
5
8
52
0
0
72
18
18
54
3
3
50
0
0
58
7
7
60
8
8
56
4
4
59
5
6
66
2
7
73
9
14
62
1
3
63
0
3
75
10
14
72
8
11
63
0
1
69
3
5
82
13
16
70
0
2
83
10
12
84
9
11
78
3
5
76
0
1
77
1
2
79
2
2
78
0
1
76
0
0
84
1
3
82
2
3
81
1
2
79
0
1
77
0
1
76
0
1
75
0
2
72
2
3
68
2
3
64
1
3
65
6
7
57
4
6
51
3
5
49
7
8
50
12
12
48
14
14
43
11
12
35
4
5
54
20
17
48
10
8
50
7
6
61
9
8
59
0
0
67
0
0
77
3
3
79
3
4
77
1
2
77
2
2
74
2
2
71
2
2
70
3
2
69
2
1
71
1
1
74
2
2
76
1
2
79
2
3
78
1
4
76
0
4
76
0
4
76
0
4
76
0
4
76
0
4
76
0
4
76
0
4
76
0
4
76
0
4
76
0
4
76
0
4
76
0
4
76
0
4
76
0
4
76
0
4
76
0
4
76
0
4
76
0
4
76
0
4
76
0
4
76
0
4
76
0
4
76
0
4
76
0
4
76
0
4
76
0
4
76
0
4
76
0
4
76
0
4
76
0
4
76
0
4
76
0
4
76
0
4
76
0
4
76
0
4
76
0
4
76
0
4
12
4
165
14
5
167
17
8
169
18
10
170
18
10
168
15
8
165
13
6
162
11
5
159
11
5
159
9
5
156
11
5
158
11
5
158
12
6
159
15
9
161
17
11
164
14
8
161
11
5
159
15
9
163
22
10
163
20
5
161
17
1
162
17
1
168
21
1
177
21
2
183
18
0
185
15
0
184
15
0
184
14
0
179
13
2
173
17
7
169
20
13
165
20
14
157
24
20
155
14
10
137
3
1
123
14
11
132
23
12
160
24
7
176
20
3
172
16
0
169
16
0
170
18
1
172
20
2
175
20
1
174
17
0
174
16
0
174
17
0
175
17
0
175
17
0
175
17
0
175
17
1
173
17
1
173
17
1
173
17
1
173
16
1
173
15
1
173
15
0
174
15
0
175
16
0
176
17
0
178
18
0
178
18
0
179
18
0
180
19
0
180
21
0
179
21
1
178
21
1
177
20
1
174
20
1
173
21
2
171
22
3
170
23
6
171
23
7
170
13
1
161
12
0
160
15
1
165
19
5
171
21
6
173
19
3
173
16
0
172
17
0
174
19
2
178
18
0
177
18
0
178
18
0
178
18
0
178
18
0
177
18
0
177
18
0
177
17
0
176
17
0
176
15
0
175
15
0
175
15
0
175
15
0
175
15
0
175
15
0
175
15
0
175
15
0
175
15
1
173
17
4
175
16
3
174
15
2
171
15
2
170
16
4
171
18
6
172
20
9
173
22
12
175
25
15
178
13
10
161
18
14
166
19
9
172
19
3
176
24
3
184
21
1
180
25
3
182
18
0
171
20
7
175
13
3
169
11
1
169
13
1
171
17
4
168
26
12
160
26
14
134
8
1
80
31
29
74
164
164
186
236
239
245
249
252
252
248
250
250
251
250
251
255
252
252
255
251
252
254
248
249
253
248
249
253
250
251
251
250
250
249
249
249
253
253
253
255
254
254
251
248
250
43
30
32
20
2
3
35
10
13
38
9
13
41
6
9
54
7
13
48
2
8
52
4
11
57
10
17
56
11
18
47
4
8
46
4
8
50
9
12
49
9
12
44
5
8
36
0
1
47
11
12
44
10
10
44
10
10
40
7
7
37
5
5
36
4
4
37
3
2
57
9
13
50
3
6
71
21
26
61
11
15
54
4
6
60
8
11
67
12
15
60
5
7
58
3
4
66
3
5
68
4
5
69
4
4
72
5
5
74
4
4
76
3
3
75
2
2
77
2
3
82
6
7
84
2
1
82
2
2
81
1
2
79
1
2
77
0
1
75
1
2
73
1
3
69
2
3
65
3
5
57
1
2
53
3
4
45
2
3
42
5
5
42
10
10
37
10
10
35
13
13
30
11
11
37
20
19
35
10
8
36
4
2
44
4
2
57
9
7
70
13
12
70
5
4
71
1
1
77
2
2
77
1
2
77
2
2
75
2
2
72
2
2
70
3
2
69
2
1
71
1
1
74
2
2
76
1
2
79
1
2
78
1
3
76
0
4
76
0
4
76
0
4
76
0
4
76
0
4
76
0
4
76
0
4
76
0
4
76
0
4
76
0
4
76
0
4
76
0
4
76
0
4
76
0
4
76
0
4
76
0
4
76
0
4
76
0
4
76
0
4
76
0
4
76
0
4
76
0
4
76
0
4
76
0
4
76
0
4
76
0
4
76
0
4
76
0
4
76
0
4
76
0
4
76
0
4
76
0
4
76
0
4
76
0
4
76
0
4
76
0
4
76
0
4
17
0
183
20
1
185
22
4
185
22
5
184
20
4
180
17
2
176
16
1
173
18
3
172
21
7
173
25
12
176
20
9
170
19
8
168
22
11
170
23
12
171
20
9
167
13
3
160
13
3
160
17
7
164
27
16
158
21
10
151
16
5
152
18
4
161
23
7
174
24
6
183
18
0
183
14
0
182
16
0
184
15
1
179
14
1
171
15
5
166
19
11
163
21
15
157
19
13
148
6
2
130
3
0
124
16
14
137
23
12
163
21
5
177
18
2
174
16
0
171
15
0
171
17
1
173
19
3
175
18
2
174
17
1
173
17
0
173
17
0
174
17
0
174
17
0
175
17
0
175
17
0
175
17
0
175
17
0
174
17
1
174
16
1
173
15
1
172
15
1
173
15
0
174
15
0
175
17
0
177
18
0
178
18
0
178
18
0
179
19
0
179
21
0
179
21
1
178
21
1
176
20
2
172
20
2
170
20
3
168
21
4
167
23
6
168
22
7
167
10
0
155
11
0
156
14
3
161
19
6
168
21
7
171
19
5
172
17
2
172
16
0
172
17
1
174
18
0
176
18
0
177
18
0
177
18
0
178
18
0
177
18
0
177
18
0
177
18
0
177
18
0
177
15
0
175
15
0
175
15
0
175
15
0
175
15
0
176
15
0
176
15
0
176
15
0
175
15
0
175
17
3
176
17
3
175
16
3
174
15
3
171
14
3
168
16
5
170
21
10
173
22
11
173
20
11
171
12
11
155
13
11
157
19
10
167
23
8
175
26
5
182
25
3
182
31
9
186
20
2
172
16
3
168
15
3
169
13
2
169
15
3
169
21
7
169
27
13
158
26
15
131
8
1
75
37
36
75
180
182
197
244
247
251
248
252
252
247
251
250
251
251
251
255
254
254
255
252
253
254
249
251
254
249
250
254
252
252
254
253
253
251
253
253
249
251
251
248
249
249
214
210
211
38
27
29
22
6
8
33
12
15
40
14
18
45
15
21
51
17
24
36
4
9
48
15
22
36
6
11
38
8
13
60
30
36
76
48
52
84
56
60
94
69
72
114
90
93
111
87
90
97
76
77
83
64
65
85
66
66
89
71
71
104
88
88
119
102
102
112
93
93
128
95
100
73
40
44
53
19
23
53
18
21
47
10
12
55
16
19
61
20
21
46
2
3
58
9
11
59
6
6
63
6
7
71
11
11
76
13
13
76
10
10
73
5
5
71
2
2
74
3
3
76
4
4
83
2
1
82
2
1
80
2
1
78
1
1
75
2
2
73
2
2
70
3
4
66
4
4
60
5
5
55
5
6
49
6
6
57
21
22
77
48
49
105
82
83
135
118
118
144
133
134
134
125
126
125
118
118
91
71
66
54
26
21
40
5
1
54
10
7
76
21
20
76
13
12
76
5
5
85
10
10
78
3
3
77
2
2
75
2
2
73
2
2
70
2
2
69
2
1
71
1
1
74
2
2
76
1
2
78
1
3
77
1
4
76
0
4
76
0
4
76
0
4
76
0
4
76
0
4
76
0
4
76
0
4
76
0
4
76
0
4
76
0
4
76
0
4
76
0
4
76
0
4
76
0
4
76
0
4
76
0
4
76
0
4
76
0
4
76
0
4
76
0
4
76
0
4
76
0
4
76
0
4
76
0
4
76
0
4
76
0
4
76
0
4
76
0
4
76
0
4
76
0
4
76
0
4
76
0
4
76
0
4
76
0
4
76
0
4
76
0
4
76
0
4
29
3
203
27
1
200
25
0
195
24
0
192
23
1
189
24
3
186
25
5
182
27
8
180
29
11
178
27
11
173
15
3
158
11
0
152
14
3
153
15
4
152
10
2
146
8
1
144
14
5
149
15
8
151
21
17
139
23
17
141
23
16
148
24
14
157
25
11
168
23
7
176
21
3
181
17
2
181
17
1
181
18
3
178
15
3
170
15
5
162
19
11
160
20
15
154
10
4
137
2
0
125
2
0
123
17
13
137
21
10
163
19
4
176
17
2
174
15
1
172
15
1
172
17
2
174
17
2
174
18
2
174
17
1
173
17
1
173
17
1
173
17
1
173
17
1
174
17
0
175
17
0
175
17
0
175
17
0
176
18
0
176
16
1
174
15
2
171
15
2
171
15
1
172
15
1
174
17
0
175
18
0
177
18
0
178
18
0
178
19
0
178
20
0
178
20
0
177
20
2
174
20
3
171
20
3
168
20
3
165
20
5
164
22
7
165
21
8
163
7
0
150
10
1
153
15
5
160
19
8
165
21
8
169
20
7
170
19
4
171
17
2
171
15
0
171
17
0
175
17
0
176
18
0
177
18
0
177
18
0
177
18
0
177
18
0
177
18
0
177
18
0
177
15
0
175
15
0
175
15
0
175
15
0
176
15
0
176
15
0
176
15
0
176
15
0
176
15
0
176
19
4
179
19
5
178
17
4
175
15
3
170
13
3
166
14
3
167
19
9
169
23
14
172
24
15
173
12
11
149
9
9
146
21
15
164
33
18
181
29
9
180
22
0
174
25
3
177
23
4
172
26
10
176
20
7
172
19
7
172
19
7
172
20
6
165
27
14
156
40
29
141
4
0
67
39
38
72
188
191
201
246
251
252
245
250
249
246
249
249
250
250
250
255
254
254
255
253
254
255
251
252
255
251
252
255
253
254
252
252
252
246
248
248
243
247
246
243
246
246
154
154
154
21
15
16
26
15
17
26
9
12
25
5
8
31
9
15
37
14
23
39
18
25
80
58
67
67
47
53
81
61
68
150
132
138
195
178
183
208
192
197
219
206
210
241
230
233
221
208
211
170
160
162
138
129
131
138
129
131
153
146
146
194
189
189
236
231
231
240
232
233
244
228
231
190
174
177
171
153
155
153
132
134
100
76
78
49
24
25
32
3
3
40
7
7
40
3
3
52
8
9
52
4
4
58
5
4
61
5
4
62
3
3
66
4
3
75
9
9
79
12
11
70
2
2
81
2
1
80
2
0
79
2
0
76
2
1
73
2
2
71
3
3
68
4
5
64
5
6
57
7
7
49
5
6
52
16
16
98
70
70
163
142
142
216
203
204
246
241
240
241
239
239
230
230
230
243
246
246
181
166
161
79
55
51
34
3
0
50
8
6
69
17
15
71
11
9
77
7
7
89
16
16
77
3
3
76
2
2
75
2
2
73
2
2
71
2
2
69
2
1
71
1
1
74
2
2
76
1
2
78
1
3
77
1
4
76
0
4
76
0
4
76
0
4
76
0
4
76
0
4
76
0
4
76
0
4
76
0
4
76
0
4
76
0
4
76
0
4
76
0
4
76
0
4
76
0
4
76
0
4
76
0
4
76
0
4
76
0
4
76
0
4
76
0
4
76
0
4
76
0
4
76
0
4
76
0
4
76
0
4
76
0
4
76
0
4
76
0
4
76
0
4
76
0
4
76
0
4
76
0
4
76
0
4
76
0
4
76
0
4
76
0
4
76
0
4
29
4
193
27
3
190
26
3
186
27
6
183
29
10
180
31
12
176
28
13
167
23
11
156
18
8
145
25
19
147
11
7
128
4
3
117
5
5
114
4
4
108
1
1
99
1
4
102
6
10
107
3
2
95
12
12
109
19
20
124
25
23
138
27
21
150
25
15
159
23
9
168
22
7
176
20
6
179
19
4
178
20
7
175
18
8
168
16
9
160
18
12
154
17
13
148
2
0
127
0
0
121
7
5
128
19
14
138
19
9
161
16
2
174
16
2
174
16
2
174
16
2
174
16
3
173
16
3
173
16
3
173
16
2
173
17
2
172
17
1
172
17
1
173
17
1
173
17
0
175
17
0
175
17
0
176
17
0
177
18
0
178
17
1
174
15
2
169
15
2
170
15
2
170
15
1
173
17
0
175
17
0
176
18
0
177
18
0
177
18
0
177
20
0
176
20
1
174
20
3
171
19
3
169
19
3
165
19
4
163
20
6
162
22
8
162
20
8
160
6
0
146
11
2
152
16
7
159
19
8
163
20
9
166
21
8
169
20
6
170
18
3
170
15
0
169
17
1
173
17
0
175
17
0
175
18
0
176
18
0
177
18
0
177
18
0
177
18
0
177
17
0
176
15
0
175
15
0
175
15
0
176
15
0
176
15
0
176
16
0
177
16
0
178
16
0
178
16
0
177
13
0
173
15
2
174
19
6
176
22
10
178
22
10
175
17
6
169
12
2
162
11
2
160
15
6
162
28
29
161
12
13
144
14
8
151
27
13
170
26
8
175
29
6
178
33
10
180
23
4
170
20
4
167
16
3
167
20
8
173
21
8
172
17
3
159
26
13
152
42
32
140
7
2
67
69
69
97
197
201
207
245
251
250
244
250
249
245
249
248
250
250
250
255
254
254
255
253
254
254
250
251
253
249
250
252
251
251
249
251
251
246
251
250
247
253
252
240
246
245
102
106
106
12
11
11
29
23
24
30
18
20
34
19
21
70
55
60
128
113
123
154
139
149
174
159
169
163
148
158
122
109
119
125
115
122
153
144
151
176
168
174
179
172
178
165
160
165
117
112
116
57
55
58
38
37
41
34
32
36
42
42
45
78
79
81
124
126
127
157
159
160
206
204
206
225
224
226
204
200
200
231
224
225
213
202
202
162
147
147
107
88
88
62
39
38
31
4
2
47
11
11
49
9
7
60
15
12
64
14
12
60
6
6
59
2
1
67
6
4
75
11
10
65
0
0
79
2
0
79
2
0
77
2
0
75
2
1
72
3
2
68
4
3
66
5
5
62
7
8
55
8
8
44
6
6
81
50
50
165
142
143
230
215
215
250
244
244
252
252
252
236
240
240
224
234
234
239
251
250
215
205
199
107
85
79
42
13
9
49
9
6
63
13
11
64
4
2
69
1
1
86
12
12
78
3
3
76
2
2
75
2
2
73
2
2
71
2
2
70
1
1
71
1
1
74
2
2
76
2
2
77
2
2
77
1
3
76
0
4
76
0
4
76
0
4
76
0
4
76
0
4
76
0
4
76
0
4
76
0
4
76
0
4
76
0
4
76
0
4
76
0
4
76
0
4
76
0
4
76
0
4
76
0
4
76
0
4
76
0
4
76
0
4
76
0
4
76
0
4
76
0
4
76
0
4
76
0
4
76
0
4
76
0
4
76
0
4
76
0
4
76
0
4
76
0
4
76
0
4
76
0
4
76
0
4
76
0
4
76
0
4
76
0
4
76
0
4
23
9
162
24
10
160
24
12
156
24
14
152
23
15
144
19
15
133
15
13
120
7
8
105
2
8
91
3
3
73
1
2
65
11
22
76
31
49
95
48
68
108
57
79
113
70
94
124
69
96
123
40
66
91
15
25
96
9
14
103
13
15
116
20
18
134
25
19
152
26
15
164
19
7
168
18
3
172
20
7
174
20
9
172
21
13
167
20
14
159
17
12
149
14
12
142
0
0
122
0
0
119
22
20
140
25
21
141
18
9
160
14
2
173
15
2
174
16
2
174
16
3
173
16
3
173
16
3
173
16
3
173
16
3
173
16
2
172
17
1
172
17
1
173
17
1
173
17
0
175
17
0
176
17
0
176
18
0
177
18
0
178
17
1
174
15
4
168
15
3
169
15
2
170
15
2
172
16
1
173
17
0
175
17
0
177
18
0
177
18
0
176
19
0
175
19
0
173
19
2
170
19
3
168
19
3
164
19
4
161
20
6
160
21
9
160
20
9
158
6
0
144
13
5
152
18
9
159
19
9
162
20
9
164
21
9
167
20
8
170
19
5
170
16
1
169
17
1
172
17
1
173
17
0
175
17
0
175
17
0
176
17
0
176
17
0
176
17
0
175
17
0
175
15
0
175
15
0
175
15
0
176
15
0
176
15
0
177
16
0
178
16
0
178
16
0
178
16
0
178
24
8
185
19
4
177
14
2
172
13
2
168
13
2
166
14
4
165
22
12
172
48
40
195
75
67
223
121
124
240
77
79
200
39
34
173
28
15
167
20
2
164
28
5
174
35
12
180
23
2
169
16
0
163
16
3
165
20
6
171
20
7
169
20
6
160
27
14
150
23
14
120
23
18
81
142
142
169
220
225
228
243
249
246
242
247
246
243
247
246
249
249
249
255
253
253
255
252
253
254
249
250
252
249
249
251
250
250
244
247
246
235
241
240
224
232
231
184
191
190
43
49
48
4
4
4
14
10
11
23
15
16
34
24
26
75
63
69
127
115
127
104
94
105
37
26
38
37
26
38
21
15
23
16
12
18
32
27
34
39
35
43
31
28
36
32
30
35
10
10
15
8
7
13
28
30
35
19
23
27
15
19
22
13
15
18
11
12
15
16
20
22
25
28
28
30
39
39
41
45
46
35
37
36
70
69
68
131
126
126
193
183
182
213
199
197
134
112
111
53
24
23
36
3
2
44
4
2
59
13
10
61
10
8
57
2
1
61
3
2
72
10
8
71
8
4
78
2
0
78
2
0
76
2
0
74
2
1
72
4
3
68
5
4
64
7
6
60
8
8
52
11
9
43
7
7
102
75
75
199
186
187
247
242
242
241
239
239
246
251
250
242
254
253
238
253
253
223
240
240
231
224
218
169
149
143
85
58
53
47
11
6
63
15
12
63
5
3
72
5
4
81
7
7
79
4
4
77
3
3
75
2
2
73
2
2
72
2
2
71
1
1
71
1
1
74
2
2
76
2
2
77
2
3
77
1
3
76
0
4
76
0
4
76
0
4
76
0
4
76
0
4
76
0
4
76
0
4
76
0
4
76
0
4
76
0
4
76
0
4
76
0
4
76
0
4
76
0
4
76
0
4
76
0
4
76
0
4
76
0
4
76
0
4
76
0
4
76
0
4
76
0
4
76
0
4
76
0
4
76
0
4
76
0
4
76
0
4
76
0
4
76
0
4
76
0
4
76
0
4
76
0
4
76
0
4
76
0
4
76
0
4
76
0
4
76
0
4
25
18
141
22
17
135
21
18
130
15
14
118
7
8
102
1
5
87
0
5
74
0
9
65
4
22
65
15
43
74
38
71
93
83
122
134
129
173
177
161
209
206
179
230
221
194
247
233
180
234
216
132
187
169
46
66
118
9
17
92
1
5
92
9
10
113
25
21
143
31
21
161
18
5
161
15
1
165
22
9
173
22
11
169
24
15
164
22
17
157
16
13
145
11
9
136
2
0
127
6
4
125
35
28
153
30
22
146
18
8
160
13
1
173
14
2
173
15
3
173
17
4
174
16
3
173
16
3
172
16
3
171
16
3
171
15
2
172
15
1
172
17
1
173
17
1
173
17
0
175
17
0
176
17
0
177
17
0
177
17
0
178
17
1
175
15
3
169
15
2
170
15
2
170
15
2
172
17
1
173
17
0
175
17
0
176
18
0
177
18
0
176
19
0
175
19
0
173
18
2
170
18
3
166
18
4
163
18
5
160
19
7
159
21
9
158
19
9
154
6
2
138
16
10
149
21
12
159
20
10
162
19
7
165
20
8
169
21
8
173
19
5
172
16
2
169
16
2
170
16
2
172
16
0
174
16
0
175
17
0
176
17
0
176
17
0
175
17
0
174
17
0
174
15
0
174
15
0
174
15
0
175
15
0
175
15
0
176
16
0
177
16
0
177
16
0
177
16
0
177
15
0
176
13
0
172
15
3
173
20
8
176
22
10
175
16
5
167
9
1
158
21
12
169
41
33
190
71
71
204
38
38
170
25
19
161
33
20
173
30
12
173
28
8
174
23
2
169
16
1
163
21
6
169
23
9
172
20
6
171
21
6
168
28
13
165
31
18
150
7
0
96
51
45
104
214
213
231
248
250
249
244
248
245
239
244
243
242
244
243
247
246
246
253
251
250
254
252
252
254
251
250
254
251
250
253
253
251
247
250
248
233
239
237
202
208
207
123
131
129
22
28
27
21
24
25
10
8
10
13
8
10
13
6
9
13
5
10
20
12
22
25
17
27
6
1
8
26
19
28
32
27
36
41
36
46
51
47
56
61
59
66
72
70
77
84
84
91
120
121
128
181
184
188
224
227
231
216
219
223
211
214
218
175
179
183
114
119
123
79
85
88
55
69
68
34
46
45
30
33
33
20
21
20
17
18
17
15
14
14
34
29
27
94
85
83
177
161
161
160
138
136
95
67
64
49
17
16
47
7
5
62
14
12
71
17
16
72
13
12
73
12
11
65
1
2
79
2
0
79
2
0
78
2
0
76
2
1
73
3
3
70
5
4
65
6
6
61
8
8
55
11
9
46
10
10
80
53
53
171
152
152
235
225
225
245
244
244
242
246
245
221
233
232
220
236
235
234
253
251
250
250
243
229
214
207
128
102
98
43
7
5
60
14
11
62
6
5
78
14
12
75
4
4
75
1
1
76
2
2
75
2
2
74
2
2
73
1
1
72
1
1
72
1
1
74
2
2
76
2
2
77
2
3
77
1
3
77
0
4
77
0
4
77
0
4
78
1
4
77
0
3
77
0
3
77
0
3
78
1
3
77
1
3
77
0
3
78
1
3
78
1
4
77
0
4
77
0
4
77
0
4
77
0
4
77
0
4
76
0
4
76
0
4
76
0
4
76
0
4
76
0
4
76
0
4
76
0
4
76
0
4
76
0
4
76
0
4
76
0
4
76
0
4
76
0
4
76
0
4
76
0
4
76
0
4
76
0
4
76
0
4
76
0
4
76
0
4
32
22
151
11
5
126
19
16
128
24
27
126
32
41
125
44
59
129
52
77
130
49
84
130
55
113
155
77
149
187
106
188
224
118
210
244
111
211
243
100
207
237
102
214
241
110
227
250
105
224
245
92
212
231
114
162
207
62
87
138
15
30
83
6
11
76
22
21
109
40
25
145
35
12
163
40
13
181
38
12
176
33
13
161
29
16
148
22
16
140
12
9
136
2
0
137
6
1
150
35
21
176
33
15
163
29
9
148
23
7
162
19
6
176
18
5
176
18
5
175
17
4
174
17
4
174
16
2
174
15
1
173
15
1
173
15
0
174
15
0
175
15
0
175
15
0
175
15
0
176
15
0
176
15
0
176
15
0
176
15
0
176
16
1
174
17
2
170
17
1
172
17
1
173
17
0
175
18
0
176
18
0
177
18
0
178
18
0
178
18
0
177
18
0
176
18
2
174
17
2
170
16
3
166
16
4
162
16
6
159
16
8
157
17
9
156
14
10
144
2
9
97
22
22
128
28
21
155
23
8
168
18
1
176
18
1
183
19
2
184
15
3
177
9
2
166
11
7
163
11
5
166
11
3
171
13
0
176
14
0
180
15
0
181
16
0
178
15
1
172
17
3
169
15
1
173
15
1
173
15
1
173
15
1
173
15
1
173
15
1
173
15
1
173
15
2
172
15
2
172
15
2
172
15
2
172
15
2
171
15
2
170
15
2
170
15
2
170
15
2
170
15
2
170
15
2
170
18
0
175
18
0
174
16
2
171
14
4
167
12
5
164
11
7
163
11
6
165
11
4
169
12
1
172
16
1
175
20
0
172
25
3
165
33
10
154
35
15
131
18
1
84
94
85
129
222
217
234
248
247
246
252
252
250
255
253
254
255
252
252
255
252
250
254
251
247
252
250
242
251
250
240
251
250
240
251
250
240
249
248
239
230
228
220
165
162
158
46
42
42
15
10
12
18
10
19
15
7
18
14
6
19
17
9
24
20
14
24
22
22
22
33
33
33
44
44
44
65
65
65
115
115
115
177
177
177
224
224
224
243
243
243
246
246
246
250
250
250
251
251
251
252
252
252
253
253
253
254
254
254
253
253
253
252
252
252
252
252
252
248
249
249
231
237
236
219
224
223
203
206
206
163
163
163
116
115
115
74
72
72
45
43
43
39
37
37
56
54
53
73
69
68
111
104
104
71
56
55
47
22
22
58
19
21
73
21
24
73
10
14
83
9
15
81
3
8
86
2
0
86
0
0
84
1
0
84
1
0
83
1
1
80
1
3
78
2
4
74
4
5
68
5
6
66
10
13
61
15
16
90
54
55
151
127
128
215
202
203
250
242
242
248
246
247
240
245
244
244
253
252
251
238
232
174
150
143
86
58
51
49
17
10
59
19
15
52
6
4
65
11
8
68
8
6
71
5
4
73
3
2
75
1
1
77
0
1
78
0
1
78
0
1
78
0
1
77
1
2
78
2
3
78
3
4
80
2
4
82
2
3
83
2
3
84
2
3
84
3
3
83
1
1
83
1
0
83
1
0
85
3
0
84
3
0
83
2
0
84
2
1
85
3
1
83
2
1
84
2
2
84
3
4
84
3
4
82
2
3
79
1
2
76
2
2
76
2
2
76
2
2
76
2
2
76
2
2
76
1
3
76
1
3
76
1
3
76
1
3
76
0
4
76
0
4
76
0
4
76
0
5
76
0
6
76
0
6
76
0
6
76
0
6
76
0
6
76
0
4
18
32
148
4
22
131
12
36
135
65
97
183
113
154
228
138
189
247
152
214
254
141
213
251
100
183
221
95
186
222
102
200
237
103
206
243
97
204
242
91
203
240
91
204
240
90
205
239
88
205
237
91
209
239
155
212
252
126
164
207
49
74
119
4
16
71
16
20
96
31
22
127
26
6
139
45
20
170
32
9
152
28
10
139
29
17
133
21
15
126
7
3
122
2
0
133
13
3
156
27
12
170
30
13
165
31
13
159
24
9
168
18
6
176
18
5
175
18
5
175
17
4
174
16
3
173
16
2
174
15
1
173
15
1
173
15
0
174
15
0
175
15
0
175
15
0
175
15
0
176
15
0
176
15
0
176
15
0
176
15
0
176
16
1
173
17
2
170
17
1
172
17
1
173
17
0
175
18
0
177
18
0
178
18
0
178
18
0
178
18
0
178
18
0
177
18
2
174
17
2
170
16
3
166
16
5
163
17
7
160
17
8
158
17
9
157
15
10
145
1
8
96
20
20
126
27
19
154
22
7
167
18
1
177
18
0
183
18
2
184
15
3
177
10
3
166
11
7
163
11
5
166
11
2
171
13
1
176
14
0
180
15
0
181
16
0
178
15
1
172
17
3
169
15
1
174
15
1
174
15
1
174
15
1
174
15
1
173
15
1
173
15
1
173
15
1
173
15
1
172
15
2
172
15
2
172
15
2
172
15
2
171
15
2
171
15
2
171
15
2
170
15
2
170
15
2
170
18
0
175
18
1
174
16
2
171
14
4
168
12
5
165
11
6
164
11
6
165
11
4
169
12
1
172
17
2
176
19
1
171
24
4
163
33
12
153
35
16
129
16
2
83
130
121
165
227
222
238
249
248
247
253
252
250
255
252
253
255
252
252
255
252
250
254
251
247
253
251
244
252
251
242
252
250
241
251
250
240
246
245
236
222
219
213
149
146
141
6
2
1
22
17
20
19
11
20
25
17
28
21
12
26
60
51
67
107
101
111
119
119
119
141
141
141
177
177
177
212
212
212
233
233
233
243
243
243
248
248
248
249
249
249
250
250
250
251
251
251
252
252
252
253
253
253
254
254
254
254
254
254
254
254
254
253
253
253
252
252
252
250
250
250
243
249
248
251
255
254
229
231
231
238
238
238
237
236
236
214
212
212
183
181
181
149
148
147
82
81
80
23
20
19
25
18
18
58
46
44
55
33
32
45
10
10
58
10
12
85
24
28
79
7
13
76
0
4
83
2
0
84
1
0
83
1
0
83
1
0
82
2
2
81
2
4
79
4
5
76
6
7
71
6
8
68
10
13
59
10
12
45
5
6
51
21
22
126
104
105
252
240
241
247
239
240
217
216
216
235
237
236
240
220
215
113
84
80
46
14
10
62
25
20
62
20
15
58
9
6
61
5
4
71
9
7
74
7
6
75
4
3
76
1
1
77
0
1
78
0
1
78
0
1
78
0
1
77
1
2
78
2
3
78
3
4
81
4
5
83
3
5
82
2
3
81
1
2
79
1
1
79
0
1
79
1
2
79
1
2
79
2
3
79
1
3
77
0
2
77
0
2
78
1
1
78
0
0
79
0
1
80
1
2
82
2
3
83
3
4
80
3
3
76
2
2
76
2
2
76
2
2
76
2
2
76
2
2
76
1
2
76
1
3
76
1
3
76
1
3
76
0
4
76
0
4
76
0
4
76
0
6
76
0
6
76
0
6
76
0
6
76
0
6
76
0
6
76
0
4
6
42
140
2
44
136
51
103
186
98
161
233
116
192
251
110
198
246
100
198
237
94
202
236
87
203
235
84
203
237
83
204
242
81
204
244
82
204
247
85
208
251
86
210
251
80
204
249
79
201
246
90
213
252
141
215
251
135
192
226
77
123
157
24
53
93
11
23
80
17
14
94
11
0
102
42
20
139
43
23
135
36
21
120
38
29
117
26
21
110
3
1
102
4
2
123
26
17
165
23
11
174
23
8
169
21
7
162
19
5
169
18
4
174
17
4
174
17
4
174
16
3
173
16
3
173
15
1
173
15
1
173
15
1
173
15
0
174
15
0
175
15
0
175
15
0
175
15
0
176
15
0
176
15
0
176
15
0
176
15
0
176
16
0
174
17
1
171
17
1
172
17
1
173
17
0
175
18
0
177
18
0
178
18
0
178
18
0
178
18
0
178
18
0
176
17
1
173
17
2
170
17
3
166
17
5
164
17
7
161
18
9
160
18
10
159
15
10
146
1
7
95
17
17
123
25
18
152
22
7
167
19
1
177
18
0
183
17
1
183
14
2
176
10
3
167
11
7
163
11
5
166
11
3
171
13
1
176
14
0
180
15
0
181
16
0
178
15
1
172
17
3
169
15
0
175
15
0
175
15
0
175
15
0
175
15
0
175
15
0
174
15
0
174
15
1
173
15
1
173
15
1
173
15
1
173
15
2
172
15
2
172
15
2
172
15
2
172
15
2
171
14
2
171
14
2
171
18
0
175
18
1
174
16
2
171
14
3
168
13
5
166
11
6
165
11
5
166
11
3
169
13
1
172
16
0
173
17
0
167
23
4
160
32
12
150
30
12
124
10
0
75
169
160
203
227
222
238
247
246
245
253
251
249
254
252
252
254
252
252
254
252
250
254
253
248
253
252
246
252
252
244
252
252
242
251
251
241
252
252
242
232
231
223
161
159
155
34
31
30
16
12
14
13
8
14
18
12
22
56
49
62
148
139
154
219
213
222
223
223
223
235
235
235
247
247
247
249
249
249
245
245
245
244
244
244
246
246
246
251
251
251
254
254
254
252
252
252
253
253
253
254
254
254
255
255
255
255
255
255
254
254
254
253
253
253
252
252
252
248
249
249
234
239
239
250
255
254
239
241
241
242
241
241
245
244
244
246
245
245
245
244
244
234
234
233
183
184
182
120
119
118
60
56
55
35
24
23
31
11
11
40
9
9
57
12
14
73
15
18
70
4
7
75
1
7
80
2
0
80
2
0
80
2
0
80
2
0
80
3
2
80
4
4
80
5
6
78
6
8
73
8
9
69
10
11
62
9
11
53
7
9
54
16
17
84
53
54
133
110
110
124
106
108
103
92
92
107
97
98
122
94
90
73
38
34
50
11
7
60
18
13
59
11
7
56
2
0
68
9
8
73
8
7
73
3
3
75
2
2
77
1
1
77
0
1
78
0
1
78
0
1
77
0
1
77
1
2
77
2
3
78
3
3
82
3
4
84
2
4
81
1
2
78
0
2
76
0
3
76
2
6
75
3
8
74
4
10
73
4
11
71
2
10
70
1
8
71
1
7
72
1
6
74
1
5
77
1
3
78
0
1
80
1
2
83
2
4
82
3
4
76
2
2
76
2
2
76
2
2
76
2
2
76
2
2
76
1
3
76
1
3
76
1
3
76
1
3
76
0
4
76
0
4
76
0
4
76
0
6
76
0
6
76
0
6
76
0
6
76
0
6
76
0
6
76
0
4
0
51
134
26
85
160
89
159
226
108
192
249
104
203
249
93
208
243
76
204
232
68
207
231
80
225
250
63
210
239
64
210
246
64
209
250
64
207
253
67
207
255
71
209
255
65
204
255
61
196
251
66
202
254
109
206
239
128
208
232
126
192
212
74
112
134
0
8
40
6
5
56
46
36
109
62
43
128
25
13
86
15
6
67
17
11
67
12
9
72
2
0
82
6
3
114
33
23
169
24
13
180
22
11
182
15
5
174
15
4
173
17
4
174
16
3
173
16
3
173
16
3
173
16
3
173
15
1
173
15
1
173
15
1
173
15
0
174
15
0
175
15
0
175
15
0
175
15
0
176
15
0
176
15
0
176
15
0
176
15
0
176
16
0
174
17
1
172
17
1
172
17
1
173
17
0
175
18
0
177
18
0
178
18
0
178
18
0
178
18
0
178
18
0
176
17
1
173
17
2
170
17
3
168
17
5
166
18
7
164
19
9
163
20
11
161
16
10
148
0
5
93
14
14
120
22
15
149
22
7
167
19
2
177
18
0
182
16
1
182
14
2
176
11
4
167
11
7
163
11
5
166
11
2
171
13
0
176
14
0
180
15
0
181
16
0
178
15
1
172
17
3
169
15
0
176
15
0
176
15
0
176
15
0
176
15
0
175
15
0
175
15
0
175
15
0
174
15
0
174
15
1
173
15
1
173
15
1
173
14
1
173
13
1
172
13
2
172
13
2
172
13
2
172
13
2
172
17
0
174
17
0
174
16
2
171
14
3
169
12
4
167
11
5
166
11
4
167
11
3
170
12
2
172
16
2
172
20
4
167
28
10
161
36
17
149
30
14
119
9
0
70
200
192
233
230
225
241
248
247
247
253
252
250
253
251
251
253
251
251
254
252
251
254
253
249
254
254
248
253
254
245
252
253
244
251
252
243
247
248
239
242
243
235
229
229
225
184
182
181
127
124
126
136
132
137
159
154
162
199
193
201
232
226
236
242
238
246
239
239
239
248
248
248
254
254
254
252
252
252
250
250
250
251
251
251
253
253
253
253
253
253
252
252
252
253
253
253
253
253
253
254
254
254
255
255
255
254
254
254
253
253
253
252
252
252
251
251
251
250
250
250
246
250
250
248
250
250
240
240
240
235
234
234
243
241
241
247
245
245
243
242
242
240
240
240
244
245
244
229
232
230
198
196
195
107
99
97
48
31
30
39
11
11
53
13
14
64
11
14
75
13
16
77
9
14
77
3
1
77
3
0
77
2
0
77
2
0
77
3
1
78
3
3
79
5
5
78
6
6
75
7
8
68
4
6
75
17
18
64
12
13
57
11
13
56
16
17
44
9
11
48
19
21
29
4
5
46
23
23
53
15
12
72
27
23
70
23
19
67
17
13
84
30
27
74
16
14
77
13
11
73
4
4
74
2
2
77
1
2
78
0
1
78
0
1
78
0
1
78
0
1
76
0
1
77
1
2
77
2
3
77
3
3
81
2
2
82
1
1
79
0
2
77
0
3
75
2
8
72
4
12
68
3
14
65
3
16
61
2
17
59
1
16
59
0
15
61
0
12
64
1
11
72
3
12
75
3
8
76
1
3
79
0
1
83
2
2
82
3
3
76
2
2
76
2
2
76
2
2
76
2
2
76
2
2
76
1
2
76
1
3
76
1
3
76
1
3
76
0
4
76
0
4
76
0
4
76
0
5
76
0
6
76
0
6
76
0
6
76
0
6
76
0
6
76
0
4
0
22
96
64
120
187
92
165
224
104
194
242
99
206
243
84
207
235
73
213
234
72
224
241
47
207
228
48
209
234
54
216
248
54
213
252
49
206
251
49
201
251
53
204
255
53
203
255
50
198
253
51
199
255
85
203
231
106
208
222
144
228
235
106
164
169
0
29
41
10
20
47
84
77
121
143
130
179
100
88
129
45
37
66
11
8
31
5
4
37
9
7
72
10
6
109
28
20
162
10
1
172
7
1
180
6
1
182
12
2
177
16
3
173
16
3
173
16
3
173
15
2
172
15
2
172
15
1
173
15
1
173
15
1
173
15
0
174
15
0
175
15
0
175
15
0
175
15
0
176
15
0
176
15
0
176
15
0
176
15
0
176
16
0
174
17
1
172
17
1
173
17
1
173
17
0
175
18
0
177
18
0
177
18
0
177
18
0
177
18
0
177
18
1
176
17
1
173
17
2
170
17
3
168
18
5
166
18
7
165
20
9
165
21
11
164
17
9
151
0
2
90
11
11
117
20
13
147
22
7
167
20
2
178
17
0
182
15
0
181
14
2
175
12
5
168
11
7
163
11
5
166
11
3
171
13
1
176
14
0
180
15
0
181
16
0
178
15
1
172
17
3
169
16
0
176
16
0
177
15
0
176
15
0
176
15
0
176
15
0
176
15
0
176
15
0
175
15
0
175
15
0
175
14
1
173
13
1
173
13
1
173
13
1
173
13
1
173
13
2
172
13
2
172
13
2
172
16
0
174
17
1
173
16
1
171
14
2
170
12
3
169
11
4
169
10
4
169
11
3
170
13
2
172
16
3
171
22
6
167
27
11
158
30
13
140
24
9
110
10
0
69
216
208
246
233
229
244
249
247
248
253
251
249
251
249
249
252
250
250
254
252
251
255
254
250
255
255
249
254
254
248
253
254
246
252
253
244
247
248
240
245
245
240
252
251
248
247
245
244
232
229
231
234
230
235
247
243
248
252
247
254
245
239
248
243
239
246
252
252
252
249
249
249
247
247
247
252
252
252
251
251
251
246
246
246
244
244
244
245
245
245
250
250
250
252
252
252
253
253
253
254
254
254
254
254
254
253
253
253
252
252
252
251
251
251
249
249
249
248
248
248
246
250
250
251
253
253
245
246
246
249
247
247
252
251
251
249
249
249
245
245
245
246
248
248
242
246
245
251
255
253
246
247
245
203
199
196
118
104
102
55
30
29
42
5
5
59
10
12
66
8
11
65
1
4
73
5
0
72
4
0
74
3
0
74
3
0
74
3
0
75
3
1
75
3
3
76
4
4
74
4
5
73
6
7
78
14
16
68
8
10
60
5
7
61
10
13
64
17
19
63
20
21
38
0
0
42
5
6
58
10
8
62
9
6
59
4
3
60
3
2
66
5
4
63
2
2
73
4
4
82
8
8
84
8
9
81
3
4
79
0
1
79
0
1
78
0
1
78
0
1
76
0
1
76
2
2
77
3
3
76
4
4
80
2
2
82
1
1
79
2
3
75
2
6
71
2
11
63
0
14
56
0
16
52
0
17
48
0
20
48
1
23
50
1
22
49
0
16
53
0
14
65
2
16
71
3
13
73
1
5
76
0
2
82
2
2
83
3
3
76
2
2
76
2
2
76
2
2
76
2
2
76
2
2
76
1
3
76
1
3
76
1
3
76
1
3
76
0
4
76
0
4
76
0
4
76
0
6
76
0
6
76
0
6
76
0
6
76
0
6
76
0
6
76
0
4
11
47
124
60
100
171
73
128
190
102
174
223
116
207
244
103
213
241
88
215
236
89
230
247
54
206
223
49
206
227
52
211
238
53
211
245
53
209
248
56
208
251
59
209
254
56
205
252
56
203
251
64
210
253
86
217
240
97
213
224
123
219
219
105
174
170
32
69
68
3
7
16
32
29
49
238
230
248
253
245
253
199
194
195
85
84
84
18
19
34
25
24
73
29
23
119
34
25
166
17
7
184
13
7
197
6
3
197
10
1
182
15
2
172
15
2
172
15
2
172
15
2
172
15
2
172
15
1
173
15
1
173
15
1
173
15
0
174
15
0
175
15
0
175
15
0
175
15
0
176
15
0
176
15
0
176
15
0
176
15
0
176
16
0
175
17
1
173
17
1
173
17
0
175
17
0
175
18
0
176
18
0
177
18
0
177
18
0
177
18
0
176
17
0
175
17
1
173
17
1
172
18
3
170
18
5
169
19
7
168
20
9
168
21
10
167
18
9
153
0
1
89
9
9
115
18
11
145
21
6
166
21
2
179
18
0
183
15
0
180
13
1
174
12
5
168
11
7
163
11
5
166
11
2
171
13
1
176
14
0
180
15
0
181
16
0
178
15
1
172
17
3
169
16
0
178
16
0
178
16
0
177
16
0
177
16
0
177
16
0
177
15
0
176
15
0
175
14
0
175
13
0
175
13
1
173
13
1
173
13
1
173
13
1
173
13
1
173
13
1
173
13
2
172
13
2
172
16
1
173
17
1
173
16
1
172
14
2
171
12
3
170
11
3
170
10
3
171
11
2
172
13
3
170
15
4
167
20
6
160
19
6
144
14
1
119
14
1
94
14
5
70
222
215
250
239
235
249
250
247
247
251
249
247
250
249
249
252
251
250
254
252
251
255
254
253
255
255
251
255
255
250
254
254
249
253
253
248
251
251
245
250
251
246
254
254
252
251
250
249
251
250
251
254
252
254
253
250
255
242
238
245
244
240
247
252
249
253
249
249
249
247
247
247
248
248
248
253
253
253
253
253
253
253
253
253
252
252
252
252
252
252
253
253
253
251
251
251
252
252
252
253
253
253
253
253
253
252
252
252
251
251
251
249
249
249
247
247
247
247
247
247
245
249
249
208
209
209
233
233
233
248
246
246
246
244
244
246
245
245
250
251
251
248
251
250
241
245
244
247
252
250
241
244
242
252
252
248
182
172
169
92
69
68
50
16
15
62
17
19
62
7
10
60
2
3
68
5
1
70
4
1
70
3
0
70
2
0
71
2
0
71
1
0
73
1
1
73
1
1
73
2
2
82
11
12
72
4
4
66
0
1
66
2
4
63
3
4
55
0
0
58
2
2
61
7
9
54
2
3
64
4
3
65
3
3
72
9
9
77
12
11
71
2
2
76
5
5
87
13
13
83
8
9
79
3
3
80
1
2
80
0
1
79
0
1
78
0
1
78
0
1
76
0
1
76
2
2
77
3
3
76
3
3
80
3
2
83
3
2
81
4
6
76
4
9
67
1
12
56
0
15
50
0
20
50
4
29
52
10
38
57
17
45
59
17
45
51
6
31
48
0
20
58
1
17
68
4
15
74
2
8
77
1
3
82
2
2
82
3
2
76
2
2
76
2
2
76
2
2
76
2
2
76
2
2
76
1
2
76
1
3
76
1
3
76
1
3
76
0
4
76
0
4
76
0
4
76
0
6
76
0
6
76
0
6
76
0
6
76
0
6
76
0
6
76
0
4
27
40
131
5
8
93
3
24
99
36
79
141
87
148
198
122
200
239
122
218
248
113
223
246
88
211
231
73
205
228
71
208
233
70
209
239
70
210
243
72
211
246
73
211
246
70
205
241
69
203
238
74
209
243
74
203
228
92
209
224
124
221
224
115
185
181
50
90
86
1
9
13
10
10
22
235
229
237
240
235
235
234
233
224
118
119
110
18
19
27
12
11
54
26
20
113
32
23
164
19
10
190
14
8
203
3
2
199
9
1
182
15
2
172
15
2
172
15
2
172
15
2
172
15
2
172
15
1
173
15
1
173
15
1
173
15
0
174
15
0
175
15
0
175
15
0
175
15
0
176
15
0
176
15
0
176
15
0
176
15
0
176
16
0
175
17
1
174
17
1
174
17
0
175
17
0
175
18
0
176
18
0
177
18
0
177
18
0
177
18
0
176
17
0
175
17
1
173
17
1
172
17
2
169
18
4
170
20
7
171
22
9
171
22
10
170
17
8
154
0
3
91
5
5
111
15
7
141
20
6
166
20
2
179
18
0
183
16
0
181
13
2
175
11
5
168
11
7
163
11
5
166
11
2
171
13
0
176
14
0
180
15
0
181
15
0
178
15
1
172
17
3
169
16
0
177
16
0
177
16
0
177
16
0
177
16
0
177
16
0
177
15
1
176
15
1
176
14
1
176
12
0
174
15
3
175
13
2
174
12
1
172
14
2
173
17
6
177
15
4
174
10
1
169
14
3
173
16
1
172
17
1
172
16
1
172
15
2
173
13
2
173
11
2
173
10
2
174
11
2
172
12
2
169
19
9
168
23
12
159
17
7
137
9
0
108
12
2
88
23
16
76
228
222
252
244
241
253
251
248
248
250
248
247
248
248
248
250
250
250
252
253
251
254
255
253
255
255
252
254
255
251
253
254
250
252
253
249
253
254
250
254
255
252
254
255
253
252
253
251
241
241
241
252
251
253
254
253
255
251
250
253
251
250
254
252
251
253
250
250
250
254
254
254
254
254
254
249
249
249
249
249
249
253
253
253
254
254
254
252
252
252
250
250
250
251
251
251
252
252
252
252
252
252
253
253
253
252
252
252
250
250
250
249
249
249
249
249
249
244
245
245
220
222
222
62
63
63
131
131
131
213
212
212
246
245
245
252
251
251
248
249
249
242
245
244
248
252
251
241
248
245
247
251
250
251
250
247
178
169
167
86
65
64
39
5
5
49
4
6
61
7
10
65
6
10
68
5
2
68
4
1
68
4
0
68
3
0
70
2
0
71
1
0
72
1
0
72
0
0
73
0
0
72
0
0
75
2
3
73
1
2
75
4
5
76
7
8
67
1
1
71
4
6
65
0
2
71
6
8
71
3
3
75
6
5
75
5
4
71
0
0
73
0
0
76
1
1
77
0
1
77
0
0
84
5
6
83
3
3
80
0
1
79
0
1
78
0
1
78
0
1
76
0
1
76
2
2
77
3
3
76
3
3
80
3
2
83
2
2
80
4
6
75
4
11
67
3
15
55
0
18
50
2
24
55
12
39
65
26
55
76
38
68
76
36
66
59
16
44
49
1
25
57
1
20
66
3
15
72
2
9
77
2
5
82
3
3
82
3
2
76
2
2
76
2
2
76
2
2
76
2
2
76
2
2
76
2
3
76
1
3
76
1
3
76
1
3
76
0
4
76
0
4
76
0
4
76
0
6
76
0
6
76
0
6
76
0
6
76
0
6
76
0
6
76
0
4
46
30
143
23
11
118
9
2
96
7
15
95
36
58
127
78
116
172
103
157
202
112
180
217
121
204
236
117
212
241
109
213
242
101
212
241
94
209
239
89
207
236
89
208
236
93
213
239
95
213
239
89
208
233
84
201
233
95
202
227
126
214
227
103
166
171
21
57
61
2
10
22
18
16
36
153
144
163
149
143
150
139
138
133
72
74
67
12
14
24
9
8
54
32
26
121
29
20
163
13
4
184
9
3
198
5
3
201
11
2
184
15
2
172
15
2
172
15
2
172
15
2
172
15
2
172
15
1
173
15
1
173
15
1
173
15
0
174
15
0
175
15
0
175
15
0
175
15
0
176
15
0
176
15
0
176
15
0
176
15
0
176
16
0
176
17
0
175
17
0
175
17
0
175
17
0
175
18
0
177
18
0
177
18
0
177
18
0
176
17
0
175
17
0
175
18
2
174
16
0
171
14
0
167
17
3
169
22
7
174
25
11
176
24
10
174
16
6
156
0
6
94
0
0
105
10
3
137
19
4
165
20
2
178
18
0
183
17
1
183
15
3
177
11
4
167
11
7
163
11
5
166
11
2
171
13
1
176
14
0
180
15
0
181
16
0
178
15
1
172
17
3
169
15
0
176
15
0
176
15
0
176
15
0
176
16
0
176
16
1
176
16
1
176
16
1
176
15
2
176
11
0
171
17
6
176
15
4
174
11
1
170
13
3
171
19
9
177
17
7
175
11
4
169
18
7
176
16
2
171
16
1
171
16
1
173
15
1
174
14
1
175
12
1
176
10
1
175
11
2
173
12
2
168
19
10
166
21
12
154
16
7
131
10
2
105
12
4
84
26
20
74
235
230
252
244
241
251
249
245
247
249
247
247
248
248
248
250
250
250
252
252
252
254
255
253
255
255
254
254
255
252
253
254
251
252
253
250
253
254
251
254
255
252
254
255
253
254
254
253
254
254
254
254
253
254
254
253
255
254
253
255
254
253
255
254
253
254
254
254
254
254
254
254
254
254
254
254
254
254
254
254
254
254
254
254
254
254
254
254
254
254
254
254
254
253
253
253
254
254
254
254
254
254
253
253
253
252
252
252
248
248
248
249
249
249
254
254
254
248
248
248
216
220
219
21
22
22
44
44
44
157
156
156
230
229
229
246
245
245
243
243
243
250
253
252
244
249
247
245
251
249
245
249
247
229
227
224
151
140
138
68
47
46
35
2
2
52
7
9
69
15
18
62
2
6
66
3
0
66
3
0
67
3
0
68
2
0
70
2
0
71
2
0
73
2
0
73
1
1
75
1
1
75
1
1
75
1
1
75
0
1
75
0
1
74
0
1
74
0
1
73
1
1
73
1
1
73
1
1
75
1
2
76
1
1
76
1
1
76
0
1
76
0
0
77
0
0
79
0
1
80
0
1
80
0
1
80
0
1
79
0
1
78
0
1
78
0
1
78
1
2
77
1
2
77
3
3
77
3
3
76
3
3
81
4
3
83
4
4
79
3
6
75
4
11
69
5
17
54
0
17
47
0
20
54
11
37
69
29
58
84
44
75
82
42
72
61
18
44
50
1
24
55
0
18
63
0
12
70
1
8
78
3
6
83
3
4
81
3
2
77
3
3
77
3
3
77
3
3
77
3
3
77
3
3
77
2
4
77
2
4
77
2
4
77
1
4
76
0
4
76
0
4
76
0
4
76
0
5
76
0
6
76
0
6
76
0
6
76
0
6
76
0
5
76
0
4
48
10
147
43
8
139
35
7
127
27
7
113
24
14
105
24
25
103
23
36
100
34
53
107
47
83
129
57
114
156
80
149
187
109
186
222
124
210
243
122
214
244
110
206
234
105
203
227
114
212
236
125
223
243
112
207
248
119
206
246
116
187
218
71
120
143
8
34
58
1
10
41
3
1
40
43
35
74
36
30
57
36
35
48
17
19
29
4
5
30
11
9
66
23
17
118
31
22
167
16
5
186
5
1
190
11
5
200
14
4
185
15
2
172
15
2
172
15
2
172
15
2
172
15
2
172
15
1
173
15
1
173
15
1
173
15
0
174
15
0
175
15
0
175
15
0
175
15
0
176
15
0
176
15
0
176
15
0
176
15
0
176
16
0
176
17
0
175
17
0
175
17
0
175
17
0
175
17
0
175
17
0
176
17
0
175
17
0
175
17
0
175
17
0
175
18
2
174
16
0
172
15
0
169
17
2
170
21
6
173
23
8
175
23
8
175
17
7
158
0
6
94
0
0
105
10
3
137
19
4
164
20
2
178
18
0
183
17
1
183
15
3
176
11
4
167
11
7
163
11
5
166
11
2
171
13
0
176
14
0
180
15
0
181
16
0
178
15
1
172
17
3
169
16
1
176
15
0
175
15
0
175
15
0
175
15
0
174
14
0
173
14
0
173
14
0
172
14
0
171
18
7
177
14
3
173
14
3
172
14
4
172
12
3
170
8
1
165
9
2
165
13
3
170
13
4
169
15
1
169
16
1
171
16
1
173
14
0
175
13
1
177
12
0
179
10
1
177
11
1
174
12
3
168
16
8
161
17
10
147
16
10
127
14
8
103
8
4
75
14
10
58
240
236
252
246
241
251
251
247
249
250
249
249
248
249
249
249
250
250
251
252
252
253
254
254
254
255
254
253
255
253
252
254
252
251
254
252
252
254
252
253
255
253
253
254
254
253
254
254
253
254
254
253
254
254
253
254
254
253
254
254
253
254
254
253
254
254
254
254
254
254
254
254
254
254
254
254
254
254
254
254
254
253
253
253
253
253
253
253
253
253
254
254
254
254
254
254
252
252
252
255
255
255
251
251
251
253
253
253
245
245
245
244
244
244
250
250
250
245
246
246
230
235
234
150
152
152
28
28
28
89
88
88
200
198
198
244
244
244
237
237
237
243
246
245
247
252
250
237
242
240
250
253
251
189
186
183
100
88
86
45
21
21
39
3
4
58
10
12
68
11
15
70
6
10
67
3
0
68
2
0
68
2
0
69
2
0
70
2
0
71
2
0
73
1
1
74
1
1
75
1
1
76
0
1
76
0
1
76
0
1
76
0
1
76
0
1
77
0
1
77
0
1
77
0
1
77
0
1
78
1
2
79
2
2
79
1
2
78
1
2
78
0
1
78
0
1
79
0
1
79
0
1
78
0
0
78
0
1
78
0
1
78
0
1
78
0
1
77
1
2
77
1
2
77
3
3
77
3
3
77
3
3
82
5
5
84
5
6
79
3
7
74
3
10
69
4
15
58
1
16
50
0
19
53
5
28
60
15
41
71
26
53
71
26
52
56
8
33
51
0
21
60
2
18
65
0
12
71
1
8
78
3
7
83
5
6
82
4
5
77
3
3
77
3
3
77
3
3
77
3
3
77
3
3
77
2
4
77
2
4
77
2
4
77
1
4
76
0
4
76
0
4
76
0
4
76
0
6
76
0
6
76
0
6
76
0
6
76
0
6
76
0
6
76
0
4
61
21
179
52
12
165
41
6
147
33
3
130
27
3
116
19
3
101
7
0
83
0
0
70
0
4
67
2
12
68
23
53
107
72
115
166
122
173
221
152
210
250
161
224
250
155
224
247
147
217
248
141
211
240
115
181
241
109
169
231
77
125
178
29
55
101
0
5
51
1
2
60
6
0
70
4
2
65
12
5
62
16
13
56
12
13
49
10
11
58
15
14
86
19
14
124
32
21
171
24
11
189
9
1
185
13
3
190
15
3
180
15
2
172
15
2
172
15
2
172
15
2
172
15
2
172
15
1
173
15
1
173
15
1
173
15
0
174
15
0
175
15
0
175
15
0
175
15
0
176
15
0
176
15
0
176
15
0
176
15
0
176
16
0
176
17
0
176
17
0
176
17
0
176
17
0
176
17
0
175
17
0
175
17
0
175
17
0
175
17
0
175
18
1
174
17
1
173
16
0
172
16
0
171
16
1
171
19
3
173
21
5
175
21
5
176
17
6
160
0
7
94
0
0
105
10
3
137
19
5
165
20
2
178
18
0
183
17
1
183
15
3
177
11
4
167
11
7
163
11
5
166
11
3
171
13
1
176
14
0
180
15
0
181
16
0
178
15
1
172
17
3
169
16
2
174
16
2
174
15
1
174
15
1
173
15
0
173
14
0
172
14
1
171
14
1
171
14
1
169
21
8
177
13
2
169
10
1
166
15
5
171
22
12
178
22
13
178
16
8
172
14
5
169
16
7
171
16
3
169
15
1
170
15
0
173
15
0
176
13
0
178
12
0
180
11
0
179
11
1
175
12
3
167
20
13
163
22
16
148
20
15
127
15
11
99
1
1
62
2
1
42
238
234
251
243
239
249
252
248
251
251
251
251
248
250
250
249
251
251
250
252
252
252
254
254
252
254
254
252
254
254
252
254
253
251
253
253
251
254
253
252
254
254
252
254
254
252
254
254
252
254
254
252
254
254
252
254
254
252
254
253
252
255
253
253
254
253
254
254
254
254
254
254
254
254
254
253
253
253
253
253
253
253
253
253
253
253
253
253
253
253
252
252
252
251
251
251
254
254
254
243
243
243
252
252
252
255
255
255
248
248
248
247
247
247
251
251
251
247
247
247
232
236
235
244
246
246
42
42
42
38
36
36
167
165
165
243
242
242
244
243
243
249
250
250
242
246
244
248
251
249
233
231
230
135
128
125
57
41
40
33
6
6
44
5
6
60
9
12
70
10
14
72
5
10
71
2
2
71
2
2
71
1
1
71
1
1
72
1
1
72
1
1
73
1
1
74
0
0
74
0
0
76
1
1
76
1
0
76
1
0
76
1
0
76
1
0
77
1
0
78
1
0
78
1
0
78
1
0
80
2
3
81
3
4
81
3
4
80
2
3
80
2
3
79
1
2
79
1
2
78
0
1
77
0
0
78
0
1
77
0
1
76
0
1
76
0
1
77
1
2
77
1
2
78
2
3
77
3
3
77
3
3
81
4
5
82
3
6
77
1
6
74
1
8
70
1
12
64
1
14
58
0
15
56
1
19
57
3
24
62
8
30
63
9
31
56
1
20
58
0
16
67
4
17
68
0
11
73
1
8
79
3
8
83
4
8
81
4
5
76
2
2
76
2
2
76
2
2
76
2
2
76
2
2
76
2
3
76
1
3
76
1
3
76
1
3
76
0
4
76
0
4
76
0
4
76
0
6
76
0
6
76
0
6
76
0
6
76
0
6
76
0
6
76
0
4
27
3
178
26
2
171
30
7
165
38
16
160
41
21
151
37
20
136
29
16
118
22
11
105
13
7
93
2
2
81
1
3
78
6
16
89
29
48
118
63
89
154
88
120
179
88
125
181
57
97
150
23
65
115
11
25
109
8
23
109
5
16
92
2
3
76
6
4
83
26
18
110
40
28
133
33
21
128
42
34
127
36
33
110
16
17
84
4
6
77
10
10
103
21
16
139
20
10
164
23
7
184
18
2
182
18
2
181
16
2
175
15
2
172
15
2
172
15
2
172
15
2
172
15
2
172
15
1
173
15
1
173
15
1
173
15
0
174
15
0
175
15
0
175
15
0
175
15
0
176
15
0
176
15
0
176
15
0
176
15
0
176
16
0
176
18
0
177
18
0
177
18
0
177
18
0
177
17
0
175
17
0
175
17
0
175
17
0
175
17
1
174
18
2
174
17
1
173
16
0
172
17
1
173
17
1
173
18
1
173
19
3
175
20
5
176
18
6
162
0
7
94
0
0
105
10
3
137
19
4
164
20
2
178
18
0
183
17
1
183
15
3
176
11
4
167
11
7
163
11
5
166
11
2
171
13
1
176
14
0
180
15
0
181
16
0
178
15
1
172
17
3
169
15
2
172
15
2
172
15
2
172
15
2
172
16
3
173
16
3
172
16
3
171
17
4
172
17
5
171
13
1
167
26
14
180
26
14
179
17
6
170
16
5
169
23
12
176
16
6
168
2
0
155
11
3
164
15
2
167
15
1
170
13
0
173
13
0
177
12
0
181
13
0
183
11
0
181
11
1
175
12
3
167
20
13
161
23
18
146
21
18
124
14
12
93
3
2
57
24
20
61
238
236
251
243
239
247
251
249
251
252
252
253
250
252
252
250
252
252
251
253
253
252
254
254
252
254
254
252
254
254
252
254
254
252
254
254
252
254
254
252
254
254
252
254
254
252
254
254
252
254
254
252
255
253
252
255
253
252
255
253
252
255
253
252
254
253
254
254
254
254
254
254
254
254
254
253
253
253
253
253
253
252
252
252
252
252
252
251
251
251
249
249
249
244
244
244
251
251
251
185
185
185
214
214
214
237
237
237
249
249
249
252
252
252
251
251
251
248
249
249
228
233
232
233
237
236
67
69
69
33
32
32
163
161
161
244
243
243
243
242
242
247
247
247
240
242
239
247
247
246
160
156
155
56
45
44
24
6
5
35
6
6
52
8
9
60
4
8
72
7
11
71
0
5
74
2
2
74
2
2
74
2
2
73
1
1
73
1
1
73
1
1
74
0
0
74
0
0
74
0
0
75
1
0
75
1
0
75
1
0
75
1
0
75
1
0
76
1
0
76
1
0
76
1
0
76
1
0
80
2
3
81
3
4
81
3
4
82
4
5
81
3
4
79
3
4
78
2
3
77
1
2
76
0
1
76
0
1
76
0
1
76
0
1
76
0
1
77
1
2
77
1
2
78
2
3
78
2
3
78
2
3
78
2
4
78
1
4
76
0
4
74
0
6
73
0
8
69
1
11
66
0
12
63
0
12
61
0
13
62
1
15
63
2
15
61
0
10
67
2
14
74
6
16
73
1
9
74
0
6
78
2
7
80
3
6
78
2
5
76
2
2
76
2
2
76
2
2
76
2
2
76
2
2
76
1
2
76
1
3
76
1
3
76
1
3
76
0
4
76
0
4
76
0
4
76
0
5
76
0
6
76
0
6
76
0
6
76
0
6
76
0
6
76
0
4
10
3
191
8
1
183
10
3
175
17
11
170
20
13
158
20
12
143
23
14
134
25
15
127
19
6
111
28
15
116
19
9
108
10
3
99
5
2
95
3
3
94
3
4
91
1
7
89
1
10
89
1
13
89
8
7
114
14
9
118
18
12
114
28
20
120
37
26
134
30
15
139
27
10
151
21
5
149
23
12
143
29
25
137
14
13
110
5
5
101
18
18
128
31
26
161
14
2
161
17
0
174
22
1
175
23
1
171
18
2
171
15
2
172
15
2
172
15
2
172
15
2
172
15
2
172
15
1
173
15
1
173
15
1
173
15
0
174
15
0
175
15
0
175
15
0
175
15
0
176
15
0
176
15
0
176
15
0
176
15
0
176
16
0
176
18
0
177
18
0
177
18
0
177
18
0
177
17
0
175
17
0
175
17
0
175
17
0
174
17
1
173
18
2
174
16
0
172
16
0
172
18
2
174
17
1
173
16
0
172
17
1
173
19
3
175
18
6
163
0
7
94
0
0
105
10
3
137
19
4
164
20
2
178
18
0
183
17
1
183
15
3
176
11
4
168
11
7
163
11
5
166
11
3
171
13
1
176
14
0
180
15
0
181
16
0
178
15
1
172
17
3
169
14
1
171
14
1
171
15
2
170
15
2
170
16
3
171
17
4
171
17
4
171
17
6
171
17
6
171
42
31
195
80
69
231
83
72
234
56
45
207
27
17
178
21
12
172
21
10
171
12
2
162
17
7
167
16
3
168
15
2
170
13
0
173
12
0
178
12
0
182
13
0
185
12
0
184
11
0
177
12
3
166
12
6
152
17
14
138
18
17
118
11
11
89
16
16
73
88
86
122
244
242
253
247
243
250
252
249
251
252
253
253
249
254
253
249
254
253
249
254
253
249
254
253
250
254
254
250
254
255
250
254
255
250
254
255
250
254
255
250
254
255
250
255
254
250
255
254
250
255
253
250
255
253
250
255
253
250
255
251
250
255
251
251
255
252
254
254
254
254
254
254
253
253
253
253
253
253
252
252
252
251
251
251
251
251
251
251
251
251
248
248
248
240
240
240
236
236
236
106
106
106
133
133
133
204
204
204
244
244
244
250
250
250
246
246
246
246
247
247
246
252
251
245
250
250
129
131
131
29
29
29
127
125
125
230
228
228
247
246
246
226
225
224
196
196
195
94
91
90
40
35
34
21
10
9
38
16
16
55
20
21
59
12
13
60
1
4
72
1
7
79
2
9
78
2
3
78
1
2
77
1
2
76
1
1
75
1
1
75
1
1
74
0
0
74
0
0
72
0
0
73
2
0
73
2
0
73
2
0
74
1
0
75
1
0
76
2
0
76
2
0
76
2
0
76
3
1
77
1
1
77
1
2
79
3
4
80
4
5
81
5
6
81
5
6
79
5
5
78
4
4
77
3
3
76
2
2
75
1
1
75
1
1
75
1
1
77
1
2
77
1
2
78
2
3
78
2
3
78
2
3
77
1
4
77
0
5
77
0
6
76
0
6
74
0
5
73
0
6
73
0
7
72
0
6
71
0
6
71
0
6
71
1
7
71
0
5
77
3
10
79
6
13
76
1
7
76
0
6
79
1
8
79
1
7
76
0
3
75
1
1
75
1
1
75
1
1
75
1
1
75
1
1
75
0
2
75
0
2
75
0
2
75
0
2
76
0
4
76
0
4
76
0
4
76
0
5
76
0
6
76
0
6
76
0
6
76
0
6
76
0
5
76
0
4
3
3
198
0
1
188
2
2
181
9
10
176
12
12
165
15
13
153
26
22
151
35
27
149
28
15
132
39
23
138
36
18
132
31
16
129
27
16
127
21
16
124
13
14
119
4
13
114
3
17
113
4
23
117
38
23
142
44
22
143
40
20
135
41
21
136
42
22
148
31
11
154
26
6
168
24
6
173
25
13
166
22
16
150
9
8
125
5
6
119
16
15
138
22
17
158
13
1
163
22
3
175
24
2
170
24
0
163
19
1
167
15
2
172
15
2
172
15
2
172
15
2
172
15
2
172
15
1
173
15
1
173
15
1
173
15
0
174
15
0
175
15
0
175
15
0
175
15
0
176
15
0
176
15
0
176
15
0
176
15
0
176
16
0
176
18
0
177
18
0
177
18
0
177
18
0
177
17
0
175
17
0
175
17
0
175
17
1
174
18
2
174
18
2
174
15
0
172
16
0
172
18
2
174
18
1
174
16
0
173
16
0
174
19
2
177
19
6
165
0
7
94
0
0
105
10
2
137
19
4
164
20
2
178
18
0
183
17
1
183
15
3
177
11
4
168
11
7
163
11
5
166
11
2
171
13
0
176
14
0
180
15
0
181
16
0
178
15
1
172
17
3
169
16
3
171
15
2
170
15
3
170
15
2
170
15
2
169
15
3
169
15
3
168
14
3
167
14
3
167
19
8
171
30
20
182
35
25
186
29
19
180
18
9
168
11
3
161
11
1
161
13
4
163
15
5
164
16
4
168
16
2
171
14
1
174
13
0
178
13
0
182
13
0
185
12
0
184
12
1
177
12
3
166
12
7
150
19
17
138
17
17
115
6
7
82
24
25
79
136
134
169
240
238
253
247
243
250
252
248
250
253
253
253
251
255
255
250
255
254
250
255
254
249
254
253
249
253
254
249
254
254
250
254
255
250
254
255
250
254
255
250
254
255
250
255
254
250
255
254
250
255
253
250
255
253
250
255
251
249
255
250
249
255
250
251
254
251
254
254
254
254
254
254
253
253
253
252
252
252
252
252
252
251
251
251
250
250
250
250
250
250
250
250
250
248
248
248
243
243
243
104
104
104
102
102
102
203
203
203
245
245
245
246
246
246
249
249
249
253
254
254
246
252
251
234
240
238
159
162
161
47
47
47
103
102
102
205
203
203
233
231
231
173
171
171
91
89
87
8
4
3
12
5
4
33
19
18
45
21
20
52
15
16
60
9
12
68
5
9
71
0
4
83
3
10
81
2
3
80
2
3
79
1
2
77
0
1
75
0
0
75
0
0
74
0
0
74
0
0
72
0
0
73
2
0
73
2
0
72
2
0
72
2
0
72
2
0
73
2
0
73
2
0
74
2
0
74
2
0
75
0
0
76
1
1
78
3
3
80
5
5
81
7
7
81
7
7
81
7
7
79
6
6
78
5
5
75
2
2
75
1
1
75
1
1
75
1
1
76
2
2
77
1
2
78
2
3
78
2
3
78
2
3
78
1
5
78
0
7
78
0
7
78
0
6
76
0
4
76
0
2
77
0
3
77
0
3
77
0
3
78
1
4
78
2
5
76
0
3
80
2
6
82
4
8
77
0
4
79
1
7
82
3
11
80
2
9
76
0
4
75
1
1
75
1
1
75
1
1
75
1
1
75
1
1
75
0
2
75
0
2
75
0
2
75
0
2
76
0
4
76
0
4
76
0
4
76
0
6
76
0
6
76
0
6
76
0
6
76
0
6
76
0
6
76
0
4
10
3
180
10
2
177
11
4
175
12
5
172
11
4
165
10
2
158
15
6
158
23
12
161
23
8
157
25
10
157
26
10
157
27
12
158
27
14
158
22
14
156
15
11
150
8
7
144
8
8
141
8
13
143
23
17
149
27
17
153
26
14
153
26
13
155
28
14
160
24
9
163
22
4
173
20
0
178
20
3
171
22
12
153
10
9
118
2
8
99
9
16
113
19
18
143
15
1
165
23
4
187
24
4
178
18
2
160
15
1
165
14
1
172
14
1
172
14
1
172
14
1
172
14
1
172
14
1
173
14
0
174
14
0
174
14
0
174
14
0
175
14
0
175
14
0
175
14
0
176
14
0
176
14
0
176
14
0
176
14
0
176
16
0
176
19
0
177
19
0
177
18
0
177
16
0
176
15
0
175
14
0
175
14
1
174
14
1
174
14
2
174
14
2
173
12
1
172
13
1
172
15
2
173
15
1
173
15
0
172
17
0
172
20
2
175
20
7
163
3
11
93
0
0
99
11
4
133
20
6
161
19
2
175
18
0
181
16
1
180
13
2
174
12
5
169
11
6
164
11
5
167
11
2
172
13
0
177
14
0
181
15
0
181
16
0
177
16
1
172
17
3
167
16
2
172
15
2
172
14
2
171
14
2
170
14
1
170
15
2
171
16
3
171
16
4
172
17
5
173
20
7
174
14
2
168
14
3
168
19
7
173
21
9
175
16
4
170
13
1
167
14
3
167
14
2
166
14
1
175
13
1
175
12
2
173
12
3
172
13
4
172
13
3
173
13
2
175
14
1
175
16
2
171
18
5
160
24
14
147
20
14
121
13
10
89
42
43
95
170
172
201
240
243
253
241
243
248
247
248
249
252
253
253
253
255
255
253
255
254
251
253
252
249
251
250
250
251
251
252
254
254
252
254
255
252
254
255
252
254
255
252
253
254
250
252
252
252
255
254
252
255
254
252
254
253
249
251
249
251
253
250
252
254
252
250
254
251
246
252
250
246
252
250
247
252
251
248
253
251
250
253
252
250
253
252
249
251
250
248
249
248
248
248
247
248
248
247
247
245
245
176
174
173
83
80
79
197
195
195
243
239
239
241
236
236
247
241
241
247
243
242
240
241
238
249
250
247
187
185
182
86
81
79
83
74
73
125
114
112
135
122
120
90
73
71
40
19
18
30
6
5
38
9
8
51
15
14
52
7
8
57
3
4
68
6
8
78
9
11
78
4
5
83
4
8
79
1
2
78
1
1
77
1
1
76
1
1
75
1
0
75
1
0
74
1
0
74
1
0
74
1
0
74
2
0
74
2
0
74
2
0
73
2
0
73
1
0
73
1
0
73
1
0
74
1
0
74
1
0
76
2
3
86
12
14
122
48
50
132
58
60
86
12
14
85
11
13
82
9
11
79
6
9
82
9
12
77
4
7
75
0
3
75
0
3
76
1
4
76
1
4
76
0
4
77
1
4
77
1
4
78
1
4
77
1
6
77
0
7
77
0
7
77
0
6
76
0
5
77
0
4
77
0
4
77
0
4
77
0
4
78
1
5
78
1
5
77
0
4
78
1
5
79
2
6
77
0
5
78
1
7
79
2
9
78
2
8
76
0
5
75
0
2
75
0
2
75
0
2
75
0
2
75
0
2
75
0
3
75
0
3
75
0
3
76
0
3
76
0
4
76
0
4
76
0
4
76
0
5
76
0
5
76
0
5
76
0
5
76
0
5
76
0
5
76
0
4
19
4
164
19
4
165
19
4
165
18
3
167
18
2
169
17
2
171
18
2
173
19
3
175
20
3
178
16
1
176
15
0
175
14
0
173
14
1
172
15
3
172
14
4
171
15
5
170
13
5
169
13
4
167
6
14
156
6
13
161
8
10
168
10
7
171
12
7
168
14
7
165
19
5
172
24
2
183
28
6
181
29
17
157
13
13
108
1
12
77
10
24
92
26
28
137
18
2
169
20
0
194
22
3
186
13
3
161
11
2
164
13
1
173
13
1
173
13
1
173
13
1
173
13
1
173
13
1
173
13
0
175
13
0
175
13
0
175
13
0
175
13
0
175
13
0
176
13
0
176
13
0
176
13
0
176
13
0
176
13
0
176
16
0
176
20
0
177
20
0
177
18
0
177
15
0
176
13
0
176
12
0
175
10
1
175
10
1
175
10
1
174
9
1
172
10
2
173
11
2
173
12
1
171
13
0
170
15
0
170
18
1
172
21
3
174
20
7
160
6
13
91
0
0
93
13
7
131
21
7
158
19
3
172
18
0
179
15
0
179
12
1
173
13
6
170
11
6
165
11
4
168
11
2
173
13
0
179
14
0
183
15
0
181
16
0
176
17
1
171
17
4
166
15
1
173
14
0
172
14
0
172
14
0
172
14
0
172
16
2
174
18
4
176
20
6
178
21
7
179
16
2
174
15
1
173
15
1
173
15
1
173
15
1
173
15
1
173
15
1
173
15
1
173
15
1
173
13
0
183
11
0
180
11
3
173
12
6
166
12
8
162
12
7
160
13
2
164
17
1
172
20
0
175
20
0
166
25
7
153
22
9
126
22
17
99
72
73
124
192
197
221
231
239
245
234
242
243
244
251
250
251
253
253
254
254
254
255
255
255
254
254
254
253
252
252
253
252
252
254
254
254
252
252
252
249
249
249
250
250
250
253
253
253
251
251
251
252
251
251
252
252
252
254
254
254
253
252
252
254
253
253
255
254
254
250
254
253
243
253
251
243
253
251
244
254
252
243
252
249
245
252
250
248
254
251
250
254
252
249
252
250
248
248
247
247
245
244
252
248
247
245
240
239
72
64
64
188
180
180
249
240
240
253
244
244
252
245
245
245
235
234
246
243
238
217
210
205
146
137
133
71
59
55
32
16
14
31
10
8
47
20
17
52
21
18
45
5
4
55
9
8
62
9
8
66
8
8
71
8
8
76
8
9
79
8
9
83
7
9
84
7
9
86
8
9
75
1
0
75
1
0
75
1
0
75
1
0
75
1
0
75
1
0
75
1
0
75
1
0
75
1
0
75
1
0
75
1
0
75
1
0
75
1
0
75
1
0
75
1
0
75
1
0
75
1
0
75
1
0
76
2
5
80
8
10
114
42
44
125
52
55
79
6
9
83
9
13
80
6
10
75
2
6
78
4
10
76
2
8
75
0
6
76
0
6
76
0
6
76
0
6
76
0
6
76
0
6
76
0
6
76
0
6
76
0
6
76
0
6
76
0
6
76
0
6
76
0
6
76
0
6
76
0
6
76
0
6
76
0
6
76
0
6
76
0
6
76
0
6
76
0
6
76
0
6
76
0
6
76
0
6
76
0
6
76
0
6
76
0
5
76
0
4
76
0
4
76
0
4
76
0
4
76
0
4
76
0
4
76
0
4
76
0
4
76
0
4
76
0
4
76
0
4
76
0
4
76
0
4
76
0
4
76
0
4
76
0
4
76
0
4
76
0
4
76
0
4
19
4
166
19
4
166
19
3
167
19
3
169
19
3
170
19
4
173
20
4
176
22
5
179
22
6
181
19
4
179
17
2
177
15
1
174
15
1
172
14
3
172
14
4
171
14
4
170
12
2
168
10
1
165
2
9
154
2
8
158
4
5
165
7
4
169
11
4
168
14
5
165
19
5
170
26
4
182
30
9
179
25
15
152
10
9
104
0
9
75
7
20
89
22
24
133
21
3
167
23
0
194
23
3
186
15
5
165
13
3
166
13
2
172
13
1
172
13
1
173
13
1
173
13
1
173
13
1
173
13
1
173
13
0
174
13
0
175
13
0
175
13
0
175
13
0
175
13
0
176
13
0
176
13
0
176
13
0
176
13
0
176
16
0
176
20
0
177
20
0
177
18
0
177
15
0
176
13
0
176
12
1
175
10
1
175
10
1
175
10
1
174
9
1
172
10
2
173
11
2
173
12
1
171
13
0
170
15
0
170
18
1
172
21
3
174
20
7
160
6
13
91
0
1
96
15
9
133
23
9
160
20
3
173
18
0
179
16
1
179
13
1
174
13
6
170
11
6
165
11
4
168
11
2
174
13
0
179
14
0
183
15
0
182
16
0
176
17
1
171
17
4
166
14
0
172
14
0
172
14
0
172
14
0
172
14
0
172
15
1
173
15
1
173
17
3
174
18
3
175
15
1
173
15
1
173
15
1
173
15
1
173
15
1
173
15
1
173
15
1
173
15
1
173
15
1
173
13
0
182
12
0
180
12
2
173
12
6
166
12
8
161
12
7
160
13
2
164
17
1
172
20
0
175
26
6
173
38
19
167
34
20
139
38
33
117
121
120
172
226
230
248
237
244
251
241
247
247
248
253
252
243
247
246
239
243
242
243
247
247
246
250
250
248
252
251
250
254
253
251
255
255
250
252
252
246
248
248
245
247
247
249
251
251
252
254
254
249
251
251
246
248
248
246
248
248
240
242
242
236
237
237
240
242
242
237
242
241
225
235
233
235
246
243
245
254
251
244
253
250
247
254
252
249
255
253
245
249
247
235
236
235
231
229
228
245
242
241
254
252
251
253
247
247
110
100
100
102
91
91
100
87
87
93
81
81
102
89
90
119
104
104
120
107
104
82
68
64
48
31
27
32
13
10
31
8
7
34
8
5
38
6
3
43
6
4
50
6
5
59
10
10
65
10
9
68
9
9
71
7
8
74
6
7
77
5
6
79
4
5
79
3
4
79
3
4
75
1
0
75
1
0
75
1
0
75
1
0
75
1
0
75
1
0
75
1
0
75
1
0
75
1
0
75
1
0
75
1
0
75
1
0
75
1
0
75
1
0
75
1
0
75
1
0
75
1
0
75
1
0
78
4
7
76
2
6
76
3
6
78
6
8
79
5
9
80
6
10
72
1
2
76
3
6
80
6
11
77
3
8
76
0
6
76
0
6
76
0
6
76
0
6
76
0
6
76
0
6
76
0
6
76
0
6
76
0
6
76
0
6
76
0
6
76
0
6
76
0
6
76
0
6
76
0
6
76
0
6
76
0
6
76
0
6
76
0
6
76
0
6
76
0
6
76
0
6
76
0
6
76
0
6
76
0
6
76
0
6
76
0
5
76
0
4
76
0
4
76
0
4
76
0
4
76
0
4
76
0
4
76
0
4
76
0
4
76
0
4
76
0
4
76
0
4
76
0
4
76
0
4
76
0
4
76
0
4
76
0
4
76
0
4
76
0
4
76
0
4
19
3
168
19
3
168
19
2
168
19
2
170
19
2
171
18
2
173
19
3
176
21
4
179
22
4
181
19
3
180
17
2
178
16
1
176
15
1
174
16
3
174
15
4
173
15
5
172
14
4
170
12
2
168
7
9
163
7
8
167
9
5
172
10
4
173
11
4
169
12
4
164
16
3
165
21
3
174
25
7
169
19
11
142
7
7
100
0
6
74
5
14
87
20
19
129
23
8
166
24
0
191
22
2
185
19
6
169
15
4
168
13
2
172
13
2
172
13
2
172
13
1
173
13
1
173
13
1
173
13
1
173
13
1
173
13
0
174
13
0
175
13
0
175
13
0
175
13
0
176
13
0
176
13
0
176
13
0
176
13
0
176
16
0
176
20
0
177
20
0
177
18
0
177
15
0
176
13
0
176
11
1
175
10
1
175
10
1
175
10
1
174
9
1
172
10
2
173
11
2
173
12
1
171
13
0
170
15
0
171
18
1
172
21
3
174
20
6
160
5
12
90
0
2
97
18
12
136
24
11
162
21
4
174
19
1
180
17
1
180
13
1
174
13
6
170
11
6
165
11
4
168
11
2
173
13
0
179
15
0
182
15
0
181
16
0
176
17
1
171
17
4
166
14
0
172
14
0
172
14
1
173
15
1
173
15
1
173
15
1
173
15
1
173
14
0
172
14
0
172
15
1
173
15
1
173
15
1
173
15
1
173
15
1
173
15
1
173
15
1
173
15
1
173
15
1
173
14
0
183
13
0
181
12
2
173
12
6
166
12
8
161
12
6
160
11
2
166
17
0
174
19
0
176
20
0
167
29
11
158
26
12
131
34
26
111
114
112
164
207
208
234
238
242
250
236
238
239
240
241
241
242
246
245
243
250
247
244
251
248
243
250
247
240
247
244
240
246
243
240
247
244
239
244
242
236
241
239
235
240
238
238
243
241
240
245
243
231
236
234
236
241
239
251
253
252
248
251
249
240
243
241
244
246
245
250
254
253
247
254
252
248
253
252
236
244
240
216
221
219
209
212
210
207
209
207
198
197
196
179
177
176
136
131
130
54
46
46
31
22
22
24
13
13
21
7
7
26
11
11
35
18
19
33
14
15
27
6
8
33
12
14
26
4
4
32
5
4
38
9
8
41
10
9
42
9
7
43
7
5
48
8
6
57
13
12
66
18
17
58
4
3
61
4
3
63
3
2
66
2
2
69
1
1
71
0
0
72
0
0
73
0
0
74
0
0
75
1
0
75
1
0
75
1
0
75
1
0
75
1
0
75
1
0
75
1
0
75
1
0
75
1
0
75
1
0
75
1
0
75
1
0
75
1
0
75
1
0
75
1
0
75
1
0
75
1
0
75
1
0
73
0
2
84
11
14
84
10
14
79
5
9
82
9
12
71
0
1
70
0
0
79
5
9
75
1
5
75
0
4
76
0
4
76
0
5
76
0
6
76
0
6
76
0
6
76
0
6
76
0
6
76
0
6
76
0
6
76
0
6
76
0
6
76
0
6
76
0
6
76
0
6
76
0
6
76
0
6
76
0
6
76
0
6
76
0
6
76
0
6
76
0
6
76
0
6
76
0
6
76
0
6
76
0
6
76
0
6
76
0
5
76
0
4
76
0
4
76
0
4
76
0
4
76
0
4
76
0
4
76
0
4
76
0
4
76
0
4
76
0
4
76
0
4
76
0
4
76
0
4
76
0
4
76
0
4
76
0
4
76
0
4
76
0
4
76
0
4
18
1
169
18
1
169
18
1
170
18
0
171
17
0
172
17
1
174
18
1
176
19
1
178
20
2
179
19
2
179
17
1
178
15
0
176
15
1
175
16
3
175
17
5
177
18
7
177
17
7
175
15
5
173
11
9
171
10
8
175
11
6
178
12
4
177
12
4
172
13
4
166
16
4
164
20
6
167
23
11
161
19
13
138
7
8
102
0
5
79
3
8
87
13
13
123
24
10
164
23
1
183
22
1
180
24
6
175
18
4
172
13
2
172
13
2
172
13
2
172
13
2
172
13
2
172
13
1
173
13
1
173
13
1
173
13
0
174
13
0
174
13
0
175
13
0
175
13
0
175
13
0
175
13
0
176
13
0
176
13
0
176
16
0
176
20
0
177
20
0
177
18
0
177
15
0
176
13
0
176
12
1
175
10
1
175
10
1
175
10
1
174
9
1
172
10
2
173
11
2
173
12
1
171
13
0
170
15
0
170
18
1
172
21
3
174
19
6
160
2
10
88
1
3
98
20
14
138
26
13
164
22
5
175
19
1
180
17
1
180
13
1
174
12
5
170
11
6
165
11
4
168
11
1
173
13
0
179
14
0
182
15
0
182
16
0
176
17
1
171
17
4
166
15
0
175
15
0
175
15
0
175
15
0
175
15
0
175
15
0
175
14
0
174
14
0
174
14
0
174
15
0
175
15
0
175
15
0
175
15
0
175
15
0
175
15
0
175
15
0
175
15
0
175
15
0
175
16
0
183
14
0
180
12
3
173
12
6
167
12
7
163
10
6
161
11
2
166
14
0
175
18
0
177
23
3
173
28
11
162
24
11
132
21
11
98
57
52
105
145
143
169
243
241
250
244
242
243
248
244
243
243
244
242
239
245
242
242
248
245
243
250
246
243
249
246
244
249
246
247
251
249
246
250
248
243
247
245
240
244
241
243
246
243
251
254
251
252
253
251
247
248
246
214
216
213
170
172
169
159
159
157
187
187
185
211
212
210
198
198
196
165
164
162
107
105
103
50
46
45
28
23
22
27
20
19
27
18
17
22
10
10
17
3
3
22
5
6
23
3
3
47
24
25
35
10
12
36
11
12
33
5
7
37
8
11
44
14
17
40
7
9
62
21
21
66
23
25
64
21
22
59
15
16
56
11
10
58
10
9
60
9
9
58
5
5
55
0
0
62
3
3
65
3
3
67
3
3
69
2
3
71
2
2
73
2
2
75
2
2
77
3
3
77
3
3
75
1
0
75
1
0
75
1
0
75
1
0
75
1
0
75
1
0
75
1
0
75
1
0
75
1
0
75
1
0
75
1
0
75
1
0
75
1
0
75
1
0
75
1
0
75
1
0
75
1
0
75
1
0
74
1
3
73
0
3
76
3
6
77
4
7
72
0
2
75
2
5
82
8
12
76
2
6
74
2
3
75
1
3
76
0
4
76
0
4
76
0
4
76
0
4
76
0
4
76
0
4
76
0
4
76
0
5
76
0
6
76
0
6
76
0
6
76
0
6
76
0
6
76
0
6
76
0
6
76
0
6
76
0
6
76
0
6
76
0
6
76
0
6
76
0
6
76
0
6
76
0
6
76
0
6
76
0
6
76
0
6
76
0
5
76
0
4
76
0
4
76
0
4
76
0
4
76
0
4
76
0
4
76
0
4
76
0
4
76
0
4
76
0
4
76
0
4
76
0
4
76
0
4
76
0
4
76
0
4
76
0
4
76
0
4
76
0
4
76
0
4
19
0
173
19
0
173
19
0
173
19
0
173
17
0
174
16
0
175
17
0
176
18
0
177
18
1
177
18
1
178
16
0
177
15
0
175
15
0
175
16
2
176
16
4
176
17
5
176
17
6
176
16
5
175
9
4
173
9
3
175
11
2
178
12
1
178
12
2
173
13
3
168
17
6
165
23
11
164
25
17
158
21
19
139
9
13
109
1
6
87
1
4
89
9
7
118
25
13
158
23
3
175
22
0
175
27
7
178
20
5
174
15
2
171
15
2
171
15
2
172
15
2
172
15
2
172
15
2
172
15
2
172
15
1
173
15
1
173
15
1
173
15
0
174
15
0
174
15
0
175
15
0
175
15
0
175
15
0
175
15
0
175
17
0
176
20
0
177
20
0
177
18
0
177
15
0
176
13
0
176
11
1
175
10
1
175
10
1
175
10
1
174
9
1
172
10
2
173
11
2
173
12
1
171
13
0
170
15
0
170
18
1
172
21
3
174
19
6
159
1
8
86
2
4
99
22
16
140
27
14
165
21
5
174
18
1
179
16
1
180
12
1
173
10
4
168
11
6
165
11
4
168
11
1
173
13
0
179
14
0
182
15
0
181
16
0
176
17
1
171
17
4
166
16
1
176
16
1
176
15
0
175
15
0
175
15
0
175
15
0
175
15
0
175
16
1
176
16
1
176
15
0
175
15
0
175
15
0
175
15
0
175
15
0
175
15
0
175
15
0
175
15
0
175
15
0
175
16
0
183
15
0
180
14
3
173
13
6
167
11
7
162
10
6
161
10
3
168
14
1
177
17
0
179
19
0
171
24
6
158
23
9
131
18
9
95
30
26
79
91
86
114
161
154
164
158
150
153
157
147
147
160
155
153
165
165
161
168
169
165
170
170
166
168
168
164
168
165
162
166
164
160
161
159
156
157
154
150
159
155
151
163
159
155
163
158
155
161
154
151
148
141
138
110
103
100
66
60
56
51
44
41
65
59
56
86
77
75
88
76
74
73
60
58
48
34
32
27
10
9
22
5
5
27
8
7
30
9
8
29
5
5
30
4
5
43
12
13
41
8
9
47
12
13
46
9
11
40
2
3
43
3
5
52
9
12
54
10
13
50
5
8
65
10
13
63
6
9
61
4
7
63
5
6
63
5
5
63
4
5
63
4
4
65
4
5
69
6
6
66
1
1
67
1
1
68
1
2
69
2
1
71
2
2
72
2
2
74
2
2
75
3
3
75
3
3
75
1
0
75
1
0
75
1
0
75
1
0
75
1
0
75
1
1
75
1
1
75
1
1
75
1
1
75
1
1
75
1
1
75
1
1
75
1
1
75
1
1
75
1
1
75
1
1
75
1
1
75
1
1
77
4
6
76
2
5
76
3
6
78
4
7
75
2
5
77
5
7
76
2
5
77
4
7
80
5
9
78
2
6
76
0
4
76
0
4
76
0
4
76
0
4
76
0
4
76
0
4
76
0
4
76
0
4
76
0
5
76
0
6
76
0
6
76
0
6
76
0
6
76
0
6
76
0
6
76
0
6
76
0
6
76
0
6
76
0
6
76
0
6
76
0
6
76
0
6
76
0
6
76
0
6
76
0
6
76
0
6
76
0
5
76
0
4
76
0
4
76
0
4
76
0
4
76
0
4
76
0
4
76
0
4
76
0
4
76
0
4
76
0
4
76
0
4
76
0
4
76
0
4
76
0
4
76
0
4
76
0
4
76
0
4
76
0
4
76
0
4
23
2
179
22
2
179
21
1
178
20
1
177
19
0
176
17
0
176
18
0
176
18
0
177
18
0
177
17
1
178
15
0
176
14
0
175
14
0
174
13
0
174
13
1
173
13
1
173
13
2
172
12
1
171
9
1
175
10
0
177
11
0
179
11
0
178
12
0
174
13
1
168
14
5
163
20
11
159
23
17
152
23
22
139
12
16
117
2
6
97
1
1
95
6
5
116
26
16
152
24
7
165
22
1
169
29
8
179
22
6
175
15
2
170
15
2
170
15
2
171
15
2
171
15
2
172
15
2
172
15
2
172
15
2
172
15
1
173
15
1
173
15
1
173
15
1
173
15
1
174
15
0
175
15
0
175
15
0
175
15
0
175
17
0
176
20
0
177
20
0
177
18
0
177
15
0
176
13
0
176
11
1
175
10
1
175
10
1
175
10
1
174
9
1
172
10
2
173
11
2
173
12
1
171
13
0
170
15
0
170
18
1
172
21
3
174
19
5
159
0
7
85
2
4
99
23
17
141
27
14
165
21
5
174
17
0
179
16
1
179
11
0
172
9
3
167
11
6
165
11
4
168
11
1
174
13
0
179
14
0
182
15
0
182
16
0
176
17
1
171
17
4
166
17
1
177
16
1
176
15
0
176
15
0
175
15
0
175
15
0
176
16
1
177
17
2
178
18
2
178
15
0
176
15
0
175
15
0
175
15
0
175
15
0
175
15
0
175
15
0
175
15
0
175
15
0
175
18
0
183
17
0
180
15
2
173
13
6
167
11
8
163
9
6
162
9
2
168
13
0
178
16
0
181
17
0
173
24
7
160
22
8
131
10
1
88
11
5
58
32
22
52
23
13
23
28
14
17
26
9
11
29
15
14
33
22
19
34
23
20
32
21
18
27
16
14
25
13
11
26
12
9
24
10
8
21
7
4
23
8
5
25
9
7
24
5
3
27
8
6
31
11
10
31
12
10
28
7
6
27
6
5
26
5
5
27
3
3
30
1
2
32
2
3
36
5
6
39
7
8
42
7
9
43
7
8
45
7
8
47
6
9
49
6
8
51
5
8
60
11
15
57
7
10
62
8
13
63
8
13
65
8
13
63
5
10
61
3
8
66
6
11
73
4
9
77
8
13
76
8
11
72
3
6
70
1
3
71
3
5
75
6
8
77
7
9
75
6
7
70
0
1
69
0
1
69
1
1
70
1
1
70
1
1
71
1
1
71
1
1
72
1
1
72
1
1
75
1
1
75
1
1
75
1
1
75
1
1
75
1
1
75
1
1
75
1
1
75
1
1
75
1
1
75
1
1
75
1
1
75
1
1
75
1
1
75
1
1
75
1
1
75
1
1
75
1
1
75
1
1
74
2
3
74
2
3
75
3
5
76
3
5
75
2
4
74
3
4
78
3
5
76
3
4
76
2
4
76
1
3
76
1
3
76
0
4
76
0
4
76
0
4
76
0
4
76
0
4
76
0
4
76
0
4
76
0
5
76
0
6
76
0
6
76
0
6
76
0
6
76
0
6
76
0
6
76
0
6
76
0
6
76
0
6
76
0
6
76
0
6
76
0
6
76
0
6
76
0
6
76
0
6
76
0
6
76
0
6
76
0
5
76
0
4
76
0
4
76
0
4
76
0
4
76
0
4
76
0
4
76
0
4
76
0
4
76
0
4
76
0
4
76
0
4
76
0
4
76
0
4
76
0
4
76
0
4
76
0
4
76
0
4
76
0
4
76
0
4
22
1
180
22
1
179
21
1
179
20
0
178
19
0
178
18
0
177
18
0
177
18
0
177
17
0
176
16
0
176
15
0
175
15
0
175
14
0
174
14
1
173
13
1
173
13
1
172
12
1
172
12
1
172
12
0
179
13
1
182
15
2
183
16
2
182
16
2
180
17
3
175
16
6
167
18
11
155
20
16
145
21
22
138
14
17
124
4
6
110
0
0
105
4
2
115
20
12
137
22
9
151
22
4
161
29
7
174
22
4
173
16
2
170
16
2
170
16
1
169
16
1
169
16
1
170
16
2
171
17
2
172
17
2
173
17
1
172
16
1
172
16
1
172
16
1
173
16
1
173
16
1
173
16
1
173
16
1
173
16
1
173
18
0
175
20
0
177
20
0
177
18
0
177
15
0
176
13
0
176
11
0
175
10
0
174
9
0
174
10
1
174
11
3
174
12
4
175
12
3
174
13
2
173
14
2
171
16
2
172
20
4
174
24
6
177
22
8
161
0
5
83
1
3
97
17
11
135
26
13
164
21
5
174
15
0
177
14
0
177
14
3
175
15
8
172
11
6
165
11
4
168
11
2
174
13
0
179
14
0
182
15
0
182
16
0
176
17
1
171
17
4
166
15
0
176
15
0
176
15
0
176
15
0
176
15
0
176
15
0
176
15
0
176
16
1
177
16
1
177
15
0
176
15
0
176
15
0
176
15
0
176
15
0
176
15
0
176
15
0
176
15
0
176
15
0
176
20
0
183
19
0
180
17
3
174
15
7
167
12
8
163
10
6
163
10
3
171
12
1
180
15
0
183
18
1
176
26
8
164
29
13
139
22
10
101
19
7
65
23
9
40
19
4
16
28
8
13
30
6
9
29
4
3
29
4
1
29
4
1
30
5
1
29
4
1
31
4
2
33
6
3
36
8
4
37
8
5
39
9
6
41
10
7
42
9
7
45
10
8
45
10
8
45
9
7
44
7
5
44
7
5
44
7
5
47
4
5
50
2
5
51
3
6
54
4
7
55
5
7
56
4
6
56
2
5
57
2
6
61
3
7
63
3
8
63
2
6
68
5
10
70
4
10
70
2
8
74
4
10
74
3
10
73
1
8
73
1
7
74
1
7
77
0
6
80
3
9
80
3
7
77
1
5
77
1
4
78
2
6
80
3
7
78
2
6
75
1
2
74
0
2
74
0
2
72
1
1
72
1
1
72
1
1
72
1
1
72
1
1
71
1
1
71
1
1
75
1
1
75
1
1
75
1
1
75
1
1
75
1
1
75
1
1
75
2
2
75
2
2
75
2
2
75
2
2
75
2
2
75
1
2
75
1
2
75
1
2
75
1
2
75
1
2
75
1
2
75
1
2
75
2
4
76
3
5
77
3
5
77
3
5
76
2
4
76
2
4
77
2
4
77
2
4
76
1
3
75
0
2
75
0
2
75
0
2
75
0
3
75
0
3
75
0
3
76
1
3
76
1
3
76
1
3
76
0
5
76
0
6
76
0
6
76
0
6
76
0
6
76
0
6
76
0
6
76
0
6
76
0
6
77
1
7
77
1
7
76
0
6
76
0
6
78
1
8
78
1
8
76
0
6
76
0
6
77
1
7
77
1
6
76
0
4
76
0
4
76
0
4
76
0
4
76
0
4
76
0
4
76
0
4
76
0
4
76
0
4
76
0
4
76
0
4
76
0
4
76
0
4
76
0
4
76
0
4
76
0
4
76
0
4
76
0
4
76
0
4
21
0
181
21
0
179
21
0
179
20
0
178
19
0
178
18
0
177
18
0
177
17
0
175
17
0
175
15
1
173
15
1
173
15
1
173
15
1
173
14
2
172
13
2
172
13
2
172
13
2
172
13
2
172
14
0
180
15
1
182
17
2
183
19
3
184
20
3
184
20
4
180
18
7
171
18
12
155
17
15
143
19
19
138
16
15
133
8
6
124
1
0
116
2
1
113
11
7
121
29
20
143
34
18
161
30
8
169
22
4
170
17
3
169
17
2
169
17
2
170
16
1
169
16
1
169
17
2
170
18
3
171
18
2
172
17
1
172
17
1
172
17
1
172
17
1
172
17
1
173
17
1
173
17
1
173
17
1
173
17
1
173
18
1
175
20
0
177
20
0
177
18
0
177
15
0
176
13
0
176
11
0
175
9
0
174
9
0
174
10
1
174
12
4
175
12
4
175
13
4
175
14
3
173
15
2
172
17
2
173
21
4
175
25
7
178
22
8
162
0
3
81
0
1
96
13
7
131
25
12
163
23
6
176
17
1
178
14
0
177
13
2
175
14
7
172
11
6
165
11
4
168
11
2
174
13
0
179
15
0
182
15
0
181
16
0
176
17
1
171
17
4
166
15
0
176
15
0
176
15
0
176
15
0
176
15
0
176
15
0
176
15
0
176
15
0
176
15
0
176
15
0
176
15
0
176
15
0
176
15
0
176
15
0
176
15
0
176
15
0
176
15
0
176
15
0
176
21
0
181
21
1
179
19
3
173
15
7
168
12
8
164
10
6
165
8
3
172
10
1
181
13
0
184
18
0
179
25
6
166
31
13
142
29
13
107
22
6
66
21
3
35
30
7
21
36
8
14
37
6
10
41
5
5
44
5
3
45
6
4
46
7
4
48
7
5
49
8
6
52
8
7
53
9
7
55
9
8
56
9
8
56
8
8
58
8
8
59
7
7
58
6
6
59
5
5
59
5
5
58
4
4
59
3
4
61
2
5
66
1
6
66
1
6
66
1
6
66
1
6
68
1
6
69
0
6
70
0
6
71
0
6
73
0
6
74
0
6
75
0
6
78
0
7
78
0
7
80
0
7
81
0
7
82
0
7
83
0
7
82
0
7
82
0
7
82
0
7
82
0
5
81
0
5
81
0
5
81
0
5
79
0
5
78
0
4
77
0
3
76
0
2
75
0
2
74
0
2
74
1
1
74
1
1
73
1
1
73
1
1
73
1
1
73
1
1
75
1
1
75
1
1
75
1
1
75
1
1
75
1
1
75
1
1
76
2
2
76
1
3
76
1
3
76
1
3
76
1
3
76
1
3
76
1
3
76
1
3
76
1
3
76
1
3
76
1
3
76
1
3
77
3
4
78
3
5
77
3
4
77
2
4
76
1
3
76
1
3
76
1
3
76
1
3
76
1
3
75
0
2
75
0
2
75
0
2
75
0
2
75
0
2
75
0
2
76
1
3
76
1
3
76
1
3
76
0
5
76
0
6
76
0
6
76
0
6
76
0
6
76
0
6
76
0
6
76
0
6
76
0
6
77
1
7
78
1
8
77
0
7
77
0
7
79
2
9
79
2
9
77
0
7
77
0
7
78
1
8
78
1
7
76
0
4
76
0
4
76
0
4
76
0
4
76
0
4
76
0
4
76
0
4
76
0
4
76
0
4
76
0
4
76
0
4
76
0
4
76
0
4
76
0
4
76
0
4
76
0
4
76
0
4
76
0
4
76
0
4
21
0
181
21
0
181
21
0
179
20
0
178
19
0
177
17
0
176
17
0
174
17
1
173
17
1
172
15
2
172
15
2
172
15
2
171
15
2
170
14
2
170
13
3
170
13
2
172
13
2
172
13
2
172
15
0
178
17
1
179
19
3
180
20
4
183
21
3
186
21
3
185
19
6
174
16
12
155
16
15
142
18
18
142
17
14
144
14
8
142
8
3
132
0
0
113
1
0
103
33
29
135
46
33
164
33
11
165
22
3
167
18
4
170
17
4
170
17
3
169
17
3
169
17
2
170
17
2
170
18
3
171
18
3
171
17
2
171
17
1
172
17
1
172
17
1
172
17
1
172
17
1
172
17
1
173
17
1
173
17
1
173
18
1
174
20
0
177
20
0
177
18
0
177
15
0
176
13
0
176
11
0
174
9
0
174
9
0
174
9
1
174
10
2
173
11
3
174
12
3
174
13
2
172
14
1
171
16
2
172
20
3
174
24
6
177
21
7
161
0
3
80
0
0
94
11
4
129
25
12
163
25
8
178
20
2
181
15
0
179
12
1
173
10
3
168
11
6
165
11
4
168
11
2
173
13
0
179
14
0
182
15
0
182
16
0
176
17
1
171
17
4
166
15
0
176
15
0
176
15
0
176
15
0
176
15
0
176
15
0
176
15
0
176
15
0
176
15
0
176
15
0
176
15
0
176
15
0
176
15
0
176
15
0
176
15
0
176
15
0
176
15
0
176
15
0
176
21
0
181
22
1
179
20
3
173
17
6
168
12
8
164
10
6
165
6
3
173
10
0
183
12
0
186
16
1
180
24
6
166
31
12
143
30
12
108
25
7
68
27
3
37
37
8
23
44
9
17
46
8
13
52
6
7
57
6
4
57
6
4
58
7
5
61
7
6
63
7
6
63
8
7
65
9
8
67
8
8
68
7
7
68
6
6
70
6
6
71
5
6
70
4
5
71
3
4
72
3
4
72
2
3
72
2
3
73
1
4
76
0
6
76
0
6
77
0
6
77
0
6
77
0
6
78
0
6
79
0
6
79
0
6
80
0
6
82
0
7
82
0
7
84
0
7
84
0
7
84
0
7
84
0
7
85
0
7
85
0
7
85
0
7
84
0
7
84
0
7
82
0
7
82
0
5
82
0
5
82
0
5
81
0
5
79
0
4
79
0
3
76
0
2
76
0
2
75
0
2
75
1
1
75
1
1
75
1
1
74
1
1
73
1
1
73
1
1
75
1
1
75
1
1
75
1
1
75
1
1
75
1
1
75
0
2
76
1
3
76
1
3
76
1
3
76
1
3
76
1
3
76
1
3
76
1
3
76
1
3
76
1
3
76
1
3
76
1
3
76
1
3
77
2
3
76
2
2
76
2
2
76
2
2
75
1
1
75
1
1
75
1
1
75
1
1
75
0
2
75
0
2
75
0
2
75
0
2
75
0
2
75
0
2
75
0
2
76
1
3
76
1
3
76
1
3
76
0
5
76
0
6
76
0
6
76
0
6
76
0
6
76
0
6
76
0
6
76
0
6
76
0
6
76
0
6
77
0
7
76
0
6
76
0
6
77
0
7
77
0
7
76
0
6
76
0
6
76
0
6
77
0
6
76
0
4
76
0
4
76
0
4
76
0
4
76
0
4
76
0
4
76
0
4
76
0
4
76
0
4
76
0
4
76
0
4
76
0
4
76
0
4
76
0
4
76
0
4
76
0
4
76
0
4
76
0
4
76
0
4
21
0
181
21
0
180
21
0
179
20
0
178
18
0
176
17
0
174
17
1
172
17
1
171
17
2
170
15
2
169
15
3
169
15
3
169
15
3
169
14
3
169
13
3
169
13
3
170
13
3
170
13
3
170
17
1
175
19
2
175
20
4
176
21
4
182
22
3
188
22
3
189
19
4
180
16
11
158
15
15
145
20
18
150
19
11
156
19
7
160
20
8
154
12
5
125
0
0
88
15
16
104
39
28
143
36
15
158
26
7
167
21
4
171
21
4
171
20
3
170
19
2
169
19
2
169
19
2
169
19
3
170
20
3
171
19
2
170
19
2
170
19
1
171
19
1
172
19
1
172
19
1
172
19
1
172
19
1
172
19
1
172
19
0
174
20
0
177
20
0
177
18
0
177
15
0
176
13
0
176
11
0
175
9
0
174
9
0
174
9
0
173
9
1
172
10
2
173
12
3
174
13
2
172
14
1
171
16
1
172
19
2
173
23
4
176
20
6
160
0
6
84
0
0
95
8
2
126
23
10
160
24
7
177
20
2
181
16
1
180
13
1
174
9
3
167
11
6
165
11
4
168
11
1
174
13
0
179
14
0
182
15
0
181
16
0
176
17
1
171
17
4
166
16
0
177
16
0
177
16
0
177
16
0
177
16
0
177
16
0
177
16
0
177
16
0
177
16
0
177
16
0
177
16
0
177
16
0
177
16
0
177
16
0
177
16
0
177
16
0
177
16
0
177
16
0
177
23
0
181
23
0
179
20
3
173
17
6
168
13
8
165
8
6
166
5
3
173
7
0
184
11
0
187
16
0
181
23
6
167
30
12
143
31
11
108
26
4
68
28
2
36
39
6
21
47
7
15
49
5
11
56
3
5
61
2
1
62
2
1
63
2
2
63
2
2
65
2
2
68
3
3
69
3
3
70
2
3
73
3
4
76
4
5
77
3
4
78
3
4
79
1
4
79
1
4
80
0
3
80
0
3
80
0
3
81
0
3
82
0
5
82
0
5
82
0
5
82
0
5
82
0
5
82
0
5
82
0
5
81
0
5
81
0
5
81
0
5
81
0
5
81
0
5
82
0
5
82
0
5
82
0
5
82
0
5
82
0
5
82
0
5
81
0
7
81
0
7
81
0
7
80
0
7
79
0
6
79
0
4
78
0
4
78
0
4
78
0
4
76
0
2
76
0
2
76
0
2
76
0
2
76
0
1
75
1
1
75
1
1
75
1
1
75
1
1
75
1
1
75
0
2
75
0
2
75
0
2
75
0
2
75
0
2
76
1
3
76
1
3
76
1
3
76
1
3
76
1
3
76
1
3
76
0
4
76
0
4
76
0
4
76
0
4
76
0
4
76
0
4
76
1
2
75
1
1
75
1
1
74
0
0
74
0
0
74
0
0
74
0
0
75
1
1
75
1
1
75
1
1
75
1
1
75
1
1
75
0
2
75
1
2
76
1
3
76
1
3
76
1
3
77
2
3
76
1
5
76
0
6
76
0
6
76
0
6
76
0
6
76
0
6
76
0
6
76
0
6
76
0
6
76
0
6
76
0
6
76
0
6
76
0
6
76
0
6
76
0
6
76
0
6
76
0
6
76
0
6
76
0
5
76
0
4
76
0
4
76
0
4
76
0
4
76
0
4
76
0
4
76
0
4
76
0
4
76
0
4
76
0
4
76
0
4
76
0
4
76
0
4
76
0
4
76
0
4
76
0
4
76
0
4
76
0
4
76
0
4
21
0
181
21
0
179
21
0
178
20
0
177
18
0
175
17
1
172
17
1
171
17
2
169
17
3
168
15
4
167
15
4
167
15
4
167
15
4
167
14
4
167
13
4
167
13
3
168
13
3
168
13
3
168
18
2
172
20
3
171
20
4
172
22
3
179
22
1
189
21
1
192
19
3
183
17
11
161
16
15
149
21
17
156
19
8
164
21
5
171
28
13
168
24
16
138
1
3
85
0
2
74
20
13
115
34
15
149
29
10
166
22
6
172
22
5
171
21
4
170
20
3
170
19
2
169
19
2
169
19
2
169
19
2
170
19
2
170
19
2
170
19
2
170
19
1
171
19
1
172
19
1
172
19
1
172
19
1
172
19
1
172
19
1
174
20
0
177
20
0
177
18
0
177
15
0
176
13
0
176
11
0
174
9
0
174
9
0
174
9
0
173
8
0
171
10
2
173
12
3
174
14
3
174
15
3
173
16
2
172
19
2
173
23
4
175
20
6
160
1
9
86
0
1
96
7
1
125
20
7
158
21
4
174
18
1
180
16
1
179
14
2
175
11
4
169
11
6
165
11
4
168
11
1
174
13
0
179
15
0
183
15
0
182
16
0
176
17
1
171
17
4
166
16
0
177
16
0
177
16
0
177
16
0
177
16
0
177
16
0
177
16
0
177
16
0
177
16
0
177
16
0
177
16
0
177
16
0
177
16
0
177
16
0
177
16
0
177
16
0
177
16
0
177
16
0
177
24
0
181
24
1
179
21
3
172
18
7
167
13
7
165
7
6
167
4
2
175
6
0
185
10
0
189
15
1
182
23
6
169
31
11
145
31
10
108
28
3
67
28
1
35
40
2
19
48
4
12
50
1
7
58
1
3
63
2
0
65
2
0
65
1
0
66
1
0
66
1
0
68
2
1
70
1
1
73
1
1
76
2
2
78
3
3
79
2
3
81
2
3
82
1
3
84
1
3
83
0
2
84
0
2
85
0
2
84
0
3
83
0
4
82
0
4
81
0
4
81
0
4
81
0
4
80
0
4
79
0
4
78
0
4
78
0
4
77
0
4
77
0
4
76
1
4
75
1
4
74
1
4
74
1
4
74
1
4
73
1
4
74
1
5
77
0
7
77
0
7
77
0
7
77
0
7
77
0
6
77
0
5
76
0
4
76
0
4
76
0
4
76
0
2
76
0
2
76
0
2
76
0
2
76
0
2
76
0
1
77
0
1
77
0
1
77
0
1
75
0
2
75
0
2
75
0
2
75
0
2
75
0
2
75
0
2
76
1
3
76
1
3
76
1
3
76
1
3
76
0
4
76
0
4
76
0
4
76
0
4
76
0
4
76
0
4
76
0
4
76
0
4
75
0
1
74
0
0
74
0
0
74
0
0
74
0
0
74
0
0
74
0
0
75
1
1
75
1
1
75
1
1
75
1
1
75
1
1
75
1
1
76
2
2
76
2
2
76
2
2
77
3
3
77
3
4
77
1
5
76
0
6
76
0
6
76
0
6
76
0
6
76
0
6
76
0
6
76
0
6
76
0
6
76
0
6
76
0
6
77
0
7
77
0
7
76
0
6
76
0
6
77
0
7
77
0
7
77
0
7
76
0
5
76
0
4
76
0
4
76
0
4
76
0
4
76
0
4
76
0
4
76
0
4
76
0
4
76
0
4
76
0
4
76
0
4
76
0
4
76
0
4
76
0
4
76
0
4
76
0
4
76
0
4
76
0
4
76
0
4
21
0
180
21
0
179
20
0
178
20
0
177
18
0
174
17
1
171
17
2
170
17
3
168
17
3
167
15
4
165
15
5
165
15
5
165
15
5
165
14
5
166
13
5
166
13
5
167
13
4
168
13
4
168
20
4
171
21
4
169
20
4
169
21
3
177
21
0
189
21
0
194
20
2
186
17
11
165
18
15
154
17
12
157
17
4
169
23
4
180
32
14
177
31
23
146
7
12
89
0
0
60
9
3
94
29
12
138
29
10
164
23
7
172
22
6
171
21
5
170
20
4
170
19
2
169
19
2
169
19
2
169
19
2
169
19
2
170
19
2
170
19
2
170
19
2
170
19
1
171
19
1
172
19
1
172
19
1
172
19
1
172
19
1
174
20
0
177
20
0
177
18
0
177
15
0
176
13
0
176
11
0
175
9
0
174
9
0
174
9
0
173
9
1
172
10
2
173
13
5
175
15
5
175
16
4
174
18
3
173
20
3
174
23
5
176
19
6
160
0
7
85
0
0
95
8
2
126
21
8
159
21
4
174
18
1
179
15
0
178
13
1
174
11
4
169
11
6
165
11
4
168
11
1
173
13
0
179
14
0
183
15
0
181
16
0
176
17
1
171
17
4
166
16
0
177
16
0
177
16
0
177
16
0
177
16
0
177
16
0
177
16
0
177
16
0
177
16
0
177
16
0
177
16
0
177
16
0
177
16
0
177
16
0
177
16
0
177
16
0
177
16
0
177
16
0
177
25
0
181
25
1
178
22
3
172
18
7
167
13
7
165
8
5
167
4
2
175
6
0
186
10
0
190
15
0
183
24
6
170
31
11
146
32
10
109
30
3
68
31
0
35
43
2
19
51
4
13
53
1
7
59
2
3
65
3
1
66
3
1
67
2
1
67
2
1
67
2
1
69
2
1
71
2
1
73
1
1
76
1
2
78
1
2
80
1
2
81
1
2
83
0
2
84
0
2
84
0
2
85
0
2
86
0
2
84
0
3
79
0
4
79
0
4
78
0
4
78
0
4
77
0
4
76
0
4
75
0
4
74
1
4
73
1
4
72
1
4
71
1
4
69
1
4
67
1
4
67
1
4
67
2
4
66
2
4
65
2
4
65
2
4
73
0
6
73
0
6
73
0
6
74
0
6
74
0
6
75
0
5
75
0
4
75
0
4
76
0
4
75
0
3
76
0
2
76
0
2
77
0
2
77
0
2
77
0
2
78
0
1
78
0
1
78
0
1
75
0
2
75
0
2
75
0
2
75
0
2
75
0
2
75
0
2
76
1
3
76
1
3
76
0
3
76
0
4
76
0
4
76
0
4
76
0
4
76
0
4
76
0
4
76
0
4
76
0
4
76
0
4
74
0
1
74
0
0
74
0
0
74
0
0
73
0
0
74
0
0
75
1
1
75
1
1
76
2
2
76
2
2
76
2
2
76
2
2
76
2
2
76
2
2
76
2
2
77
3
3
77
3
3
78
4
4
77
2
5
76
0
6
76
0
6
76
0
6
76
0
6
76
0
6
76
0
6
76
0
6
76
0
6
76
0
6
77
0
7
78
1
9
78
1
8
76
0
6
76
0
6
78
1
8
78
1
9
77
1
7
76
0
5
76
0
4
76
0
4
76
0
4
76
0
4
76
0
4
76
0
4
76
0
4
76
0
4
76
0
4
76
0
4
76
0
4
76
0
4
76
0
4
76
0
4
76
0
4
76
0
4
76
0
4
76
0
4
76
0
4
21
0
179
21
0
179
20
0
177
19
0
175
18
0
173
17
2
171
17
3
170
17
3
168
17
4
166
15
5
165
15
5
164
15
5
164
15
5
165
14
5
165
13
5
165
13
5
166
13
5
167
13
4
168
21
6
171
22
5
168
20
4
168
20
2
176
21
0
188
20
0
195
20
1
188
18
11
167
20
17
158
13
7
156
16
1
171
25
4
187
33
13
182
31
23
148
16
22
96
1
8
63
6
3
88
24
7
128
27
9
161
24
8
173
23
7
172
22
6
171
21
5
170
20
3
170
19
2
169
19
2
169
19
2
169
19
2
169
19
2
170
19
2
170
19
2
170
19
2
170
19
1
172
19
1
172
19
1
172
19
1
172
19
0
174
20
0
177
20
0
177
18
0
177
15
0
176
13
0
176
11
0
174
9
0
174
9
0
174
9
0
173
9
1
172
11
3
174
15
5
177
16
5
176
17
5
175
19
4
175
21
4
175
23
5
176
20
6
160
0
4
82
0
0
95
10
4
128
24
11
162
24
7
177
19
2
180
15
0
178
12
1
173
11
4
169
11
6
165
11
4
168
11
1
173
13
0
179
15
0
183
15
0
182
16
0
176
17
1
171
17
4
166
16
0
177
16
0
177
16
0
177
16
0
177
16
0
177
16
0
177
16
0
177
16
0
177
16
0
177
16
0
177
16
0
177
16
0
177
16
0
177
16
0
177
16
0
177
16
0
177
16
0
177
16
0
177
26
0
181
26
0
177
22
3
171
19
6
167
13
7
165
7
5
167
4
2
175
6
1
186
10
0
190
14
0
184
23
5
170
31
11
146
33
10
111
31
4
70
33
1
37
46
4
21
56
7
16
58
4
10
62
3
4
64
3
1
64
3
1
65
3
1
66
2
1
67
2
1
69
2
1
71
1
1
72
1
1
75
1
2
77
1
2
79
1
2
81
1
2
83
0
2
84
0
2
84
0
2
85
0
2
86
0
2
83
0
3
77
0
4
77
0
4
76
0
4
76
0
4
75
0
4
73
0
4
71
1
4
70
1
4
69
2
4
67
2
4
66
2
4
64
3
4
62
3
4
62
3
4
61
3
4
61
3
4
60
3
4
61
3
4
70
0
6
70
0
6
70
0
6
72
0
6
72
0
6
72
0
5
73
0
5
74
0
4
75
0
4
75
0
3
76
0
2
76
0
2
77
0
2
78
0
2
78
0
2
78
0
2
79
0
1
79
0
1
75
0
2
75
0
2
75
0
2
75
0
2
75
0
2
75
0
2
76
1
3
76
1
3
76
0
4
76
0
4
76
0
4
76
0
4
76
0
4
76
0
4
76
0
4
76
0
4
76
0
4
76
0
4
74
0
1
74
0
0
74
0
0
74
0
0
74
0
0
75
1
1
76
2
2
77
3
3
77
3
3
76
2
2
76
2
2
76
2
2
76
2
2
77
3
3
77
3
3
78
4
4
78
4
4
78
4
4
77
2
5
76
0
6
76
0
6
76
0
6
76
0
6
76
0
6
76
0
6
76
0
6
76
0
6
76
0
6
78
1
8
80
3
10
80
3
10
77
0
7
77
0
7
79
2
9
80
3
10
79
2
8
76
0
6
76
0
4
76
0
4
76
0
4
76
0
4
76
0
4
76
0
4
76
0
4
76
0
4
76
0
4
76
0
4
76
0
4
76
0
4
76
0
4
76
0
4
76
0
4
76
0
4
76
0
4
76
0
4
76
0
4
16
7
162
16
5
165
16
3
171
17
1
178
18
0
184
19
0
187
18
1
187
17
0
181
15
1
172
16
7
166
15
8
159
14
8
156
13
7
156
13
5
160
14
3
169
16
1
179
20
1
192
22
1
199
17
2
193
14
2
184
11
2
173
11
3
161
15
7
153
21
15
150
32
22
150
36
25
149
39
23
150
32
11
149
36
10
159
39
11
167
38
10
166
43
19
164
41
25
152
13
3
115
6
0
105
16
12
115
23
7
146
26
3
168
28
5
172
29
7
175
25
6
175
12
0
167
14
1
174
22
10
183
14
5
176
10
1
173
13
3
176
14
2
175
17
2
173
18
2
173
21
0
175
24
0
176
27
0
176
29
0
177
26
0
180
20
0
184
20
0
183
18
0
178
17
0
175
16
1
173
16
1
171
16
2
170
16
1
171
16
1
174
16
0
175
16
0
176
18
2
178
21
5
180
22
7
177
21
7
172
20
8
167
21
10
166
19
11
155
0
1
105
0
0
113
10
5
134
17
10
154
19
9
170
18
6
179
15
2
183
13
0
186
12
1
185
13
1
185
12
1
183
12
0
180
13
0
177
14
1
175
15
1
172
17
1
170
18
2
169
18
2
168
5
9
161
6
7
162
10
5
165
15
3
168
21
1
173
26
0
178
29
0
181
30
0
184
26
0
185
22
0
185
15
0
184
12
0
184
9
0
184
8
0
185
9
0
188
11
0
191
13
0
192
15
0
193
14
8
164
15
10
159
19
9
163
22
7
167
22
3
170
21
1
175
21
0
183
20
0
185
17
1
182
18
5
175
23
13
165
26
17
146
24
12
115
21
2
77
27
0
45
47
1
27
62
5
16
69
4
7
70
2
4
71
0
4
72
0
4
73
0
2
74
0
2
76
0
2
78
0
1
80
0
0
82
0
0
84
1
0
86
2
0
87
2
0
88
1
1
86
1
1
86
0
0
86
0
2
85
0
2
84
0
2
81
0
3
76
0
4
76
0
4
76
0
4
76
0
4
76
0
4
75
0
4
75
0
4
75
0
4
75
0
4
75
1
5
75
1
5
76
2
6
75
2
6
75
2
4
74
2
4
74
2
4
73
1
3
73
1
3
74
3
3
75
3
4
72
0
2
72
0
2
74
2
6
74
1
8
72
0
6
71
0
5
75
2
11
73
0
9
73
0
6
72
0
6
73
0
4
74
0
2
74
0
2
74
1
1
76
1
1
76
2
0
77
0
5
76
0
5
76
0
5
76
0
5
76
0
6
77
0
7
77
0
7
75
0
7
74
0
6
74
0
6
74
0
6
75
0
5
76
0
4
76
0
4
76
1
3
77
0
3
77
1
2
77
1
2
81
1
0
82
1
0
82
0
0
81
0
0
79
0
0
75
0
1
73
3
4
70
4
6
65
6
8
59
5
7
58
8
9
56
8
8
53
3
3
69
12
12
79
13
13
76
2
3
87
6
8
93
6
8
85
4
7
78
2
7
79
3
7
76
1
5
75
0
3
78
3
7
77
1
5
73
0
3
73
0
3
74
0
4
76
1
6
76
2
6
74
1
4
97
23
26
76
5
7
73
2
3
72
1
3
75
4
5
77
4
7
76
0
4
76
0
4
76
0
4
76
0
4
76
0
4
76
0
4
76
0
4
76
0
4
76
0
4
76
0
4
76
0
4
76
0
4
76
0
4
76
0
4
76
0
4
76
0
4
76
0
4
76
0
4
76
0
4
15
6
162
14
3
165
15
2
171
16
0
178
17
0
184
18
0
187
18
0
188
17
0
184
15
0
175
15
3
167
15
7
161
15
8
159
15
8
160
15
6
164
15
3
169
16
0
177
18
0
187
21
0
194
13
1
181
13
4
174
16
9
168
19
14
158
22
18
148
23
22
140
26
22
134
27
18
133
27
14
136
20
4
133
33
11
149
47
20
165
44
17
163
34
12
149
32
15
141
20
9
118
5
1
95
6
4
89
19
8
125
29
11
154
28
10
157
21
2
158
19
2
166
24
7
179
17
1
177
11
0
176
13
3
179
13
4
177
10
2
171
10
2
168
12
3
167
17
3
167
19
1
169
23
0
173
26
0
177
29
0
181
26
0
184
20
0
185
19
0
181
18
0
178
17
0
175
17
1
172
17
1
170
17
1
171
17
1
172
17
1
174
18
0
177
17
0
178
19
0
179
22
5
181
22
6
177
20
6
171
19
7
166
21
10
165
19
11
153
0
0
101
3
4
112
14
11
132
20
15
150
20
12
162
17
6
170
14
2
176
13
1
181
13
0
183
10
0
179
11
0
176
11
2
173
13
3
170
14
4
168
16
4
167
18
4
165
19
4
165
19
4
165
3
5
169
6
4
170
10
2
172
16
1
175
23
0
178
28
0
181
31
0
183
31
0
183
28
0
182
21
0
177
15
1
176
11
3
175
8
4
173
7
4
173
7
3
173
8
3
173
10
1
174
11
1
174
10
8
166
12
10
166
16
8
170
19
5
175
22
1
180
23
0
183
22
0
186
21
0
186
17
0
178
16
5
170
18
13
159
20
16
141
20
12
112
19
2
76
26
0
47
46
2
28
61
4
15
67
3
4
70
1
4
73
0
6
74
0
5
76
0
4
77
0
3
79
0
3
81
1
2
82
1
0
84
1
0
85
1
0
87
2
0
87
1
0
86
0
0
86
0
0
86
0
2
84
0
2
84
0
2
84
0
2
81
0
3
76
0
4
76
0
4
76
0
4
76
0
4
76
0
4
76
0
4
76
0
4
76
0
4
76
0
4
76
0
4
76
0
4
76
0
4
76
0
4
76
1
3
76
1
3
75
0
2
75
0
2
75
1
3
77
6
6
79
7
7
75
2
4
73
0
3
74
2
7
74
2
8
72
1
6
70
0
5
74
0
8
72
0
7
72
0
7
73
0
5
73
0
3
73
0
2
74
0
1
75
1
1
76
2
0
76
2
0
77
0
5
77
0
6
77
0
6
77
0
6
77
0
6
77
0
6
77
0
7
77
0
7
76
0
6
76
0
6
76
0
6
76
0
5
76
0
4
76
0
4
76
1
3
76
1
3
77
0
3
77
0
3
82
2
1
83
2
0
81
1
0
78
0
0
76
0
0
73
0
2
67
2
4
62
5
6
57
6
8
48
4
5
44
4
5
51
12
12
62
20
21
70
23
22
72
16
17
76
10
11
76
3
3
80
1
2
80
2
5
80
4
8
79
3
7
76
1
4
75
0
3
77
2
5
77
1
5
75
0
4
75
1
5
77
3
7
88
16
20
104
36
39
78
6
8
85
13
15
77
6
7
81
11
12
75
6
6
72
3
3
75
3
5
76
0
4
76
0
4
76
0
4
76
0
4
76
0
4
76
0
4
76
0
4
76
0
4
76
0
4
76
0
4
76
0
4
76
0
4
76
0
4
76
0
4
76
0
4
76
0
4
76
0
4
76
0
4
76
0
4
13
4
166
13
3
170
14
2
173
15
1
178
17
0
182
18
0
185
18
0
185
17
0
183
16
0
178
14
0
171
16
4
169
18
8
168
18
8
167
17
6
167
15
3
167
14
1
170
17
1
175
19
2
180
20
10
169
20
13
161
18
13
152
15
12
141
12
11
128
8
9
117
6
5
109
6
2
110
6
0
115
9
0
121
21
7
134
35
16
149
41
22
152
37
21
140
32
20
124
16
11
94
2
1
67
0
1
59
2
0
79
14
7
109
27
16
132
27
13
148
21
4
157
26
6
179
23
3
185
14
0
180
18
7
184
15
7
178
9
4
166
10
7
160
12
8
158
14
8
158
17
4
163
19
1
171
22
0
179
25
0
186
24
0
187
19
0
183
19
0
181
18
0
178
17
1
173
17
1
172
17
2
170
17
1
171
17
0
173
18
0
176
20
2
180
19
0
181
20
1
181
22
4
182
21
5
178
19
5
171
18
6
166
20
9
164
18
10
152
1
1
98
9
7
111
21
16
132
26
19
149
24
13
158
19
6
164
16
1
169
17
2
175
17
3
179
13
0
176
14
1
174
14
3
171
15
4
168
17
4
166
18
5
166
19
5
165
19
5
165
20
5
165
5
1
177
8
0
178
13
0
180
19
0
181
25
0
182
30
0
182
31
0
181
29
0
178
26
1
175
20
2
170
15
4
168
12
6
166
11
8
164
10
10
162
10
10
161
11
8
161
12
8
161
13
8
160
7
5
173
8
4
179
12
3
182
15
1
184
17
0
187
20
0
188
19
0
189
16
0
184
13
1
175
15
8
167
18
14
154
19
16
133
17
11
104
17
2
71
27
0
44
44
3
26
57
4
14
63
2
3
69
1
4
73
1
7
73
1
7
75
1
5
77
1
5
79
1
4
81
2
3
83
2
1
84
2
1
85
1
0
85
1
0
85
1
0
85
0
0
85
0
0
84
0
2
84
0
2
84
0
2
83
0
3
80
0
3
76
0
4
76
0
4
76
0
4
76
0
4
76
0
4
76
0
4
76
0
4
76
0
4
76
0
4
75
0
3
75
0
3
75
0
3
75
0
3
75
0
2
76
1
3
76
1
3
76
1
3
75
1
3
69
0
0
74
4
4
71
1
2
70
0
2
73
2
5
75
3
8
74
2
8
73
0
7
77
3
10
75
0
7
75
0
5
74
0
3
75
0
2
75
1
1
76
1
0
77
2
0
78
2
0
78
3
0
80
0
4
80
0
4
80
0
4
79
0
4
78
0
4
78
0
4
78
1
4
76
0
5
76
0
5
76
0
4
76
0
4
76
0
4
76
0
4
76
0
4
76
1
3
76
1
3
75
1
3
75
1
3
78
3
2
78
4
1
76
2
1
74
0
0
71
0
0
66
0
1
60
2
3
56
4
7
49
5
8
48
11
14
43
13
14
62
35
35
118
88
88
158
123
123
64
23
23
66
12
13
73
12
13
74
7
9
75
3
6
76
0
4
76
0
4
76
1
4
76
1
4
74
0
1
74
0
2
75
1
4
75
1
5
78
4
9
119
55
59
184
140
143
105
31
35
77
5
6
91
19
21
82
11
12
80
9
10
78
8
9
75
3
5
76
0
4
76
0
4
76
0
4
76
0
4
76
0
4
76
0
4
76
0
4
76
0
4
76
0
4
76
0
4
76
0
4
76
0
4
76
0
4
76
0
4
76
0
4
76
0
4
76
0
4
76
0
4
76
0
4
13
2
173
14
2
174
14
1
176
14
1
177
15
0
179
17
0
181
17
0
182
17
0
182
17
0
181
17
0
179
19
3
179
20
4
177
20
5
174
18
4
170
17
4
165
18
5
164
20
8
164
22
11
166
28
20
153
22
15
139
11
8
125
4
3
113
0
2
105
1
3
102
3
5
104
6
7
111
9
8
120
11
7
125
14
6
127
18
7
128
23
10
126
26
15
116
15
8
91
1
0
56
2
3
43
3
7
38
6
9
53
11
11
74
21
16
98
35
25
135
34
17
157
22
0
168
26
4
187
24
6
192
19
6
187
13
5
176
11
7
165
11
11
157
12
14
152
13
14
154
14
9
160
16
4
171
19
1
182
21
0
191
21
0
190
18
0
181
18
0
179
18
0
176
17
1
172
17
2
170
17
2
170
17
1
171
17
1
173
18
0
177
21
2
182
20
1
182
21
1
183
22
3
182
21
4
178
18
3
172
17
4
167
19
8
165
19
9
155
6
0
105
14
8
119
26
16
140
29
17
154
26
11
162
21
4
168
19
0
174
20
1
181
21
2
185
18
0
182
18
1
180
18
1
178
18
2
175
18
2
173
19
2
173
20
2
173
21
2
174
21
2
175
9
3
177
11
1
177
16
1
177
21
1
177
26
1
177
29
1
176
29
1
175
28
1
173
25
2
171
20
3
169
17
5
169
14
7
168
13
8
168
13
8
167
14
8
166
17
7
167
18
6
166
20
6
166
8
1
183
6
0
189
9
0
190
13
0
191
16
0
191
19
1
190
19
1
188
17
3
180
16
6
170
21
15
162
22
19
147
20
16
122
16
9
92
16
1
62
25
0
39
41
3
23
54
5
13
60
5
4
66
2
5
70
1
7
71
1
6
73
1
6
75
1
4
77
1
3
78
1
2
80
1
2
82
1
1
83
1
0
84
1
0
84
1
0
84
1
0
84
1
0
84
0
2
84
0
2
83
0
2
82
0
3
80
0
3
76
0
4
76
0
4
76
0
4
76
0
4
76
0
4
76
0
4
76
0
4
76
0
4
76
0
4
75
0
3
75
0
3
75
0
3
75
0
3
76
1
3
77
2
4
78
3
5
79
4
6
78
4
6
73
4
4
80
11
12
77
8
9
74
4
5
75
4
6
76
4
8
75
2
7
74
0
5
76
2
7
76
0
5
76
0
4
76
1
3
77
1
2
78
2
1
78
3
0
79
3
0
80
4
0
81
4
0
82
1
3
82
0
3
82
1
3
81
1
3
80
0
2
80
0
2
80
0
3
78
0
3
78
0
3
77
0
3
76
0
3
76
0
3
76
0
4
76
0
4
75
0
4
75
0
4
74
0
4
74
0
4
74
4
3
73
4
2
71
2
2
68
1
1
66
0
2
61
0
3
55
2
5
49
4
7
42
6
8
49
21
23
85
63
65
147
129
129
214
196
196
244
226
226
151
120
120
51
11
11
59
12
12
61
9
9
70
5
7
77
1
5
78
2
6
83
7
11
85
9
13
78
2
5
78
3
6
80
5
9
78
4
8
83
9
13
86
13
16
74
2
4
80
6
10
83
10
13
73
1
3
85
13
15
78
8
9
75
5
6
78
5
8
76
0
4
76
0
4
76
0
4
76
0
4
76
0
4
76
0
4
76
0
4
76
0
4
76
0
4
76
0
4
76
0
4
76
0
4
76
0
4
76
0
4
76
0
4
76
0
4
76
0
4
76
0
4
76
0
4
15
0
183
15
1
181
15
1
179
15
1
177
15
1
177
16
1
177
17
1
178
17
1
180
18
0
184
21
0
186
21
1
187
21
1
185
21
1
180
20
3
173
20
6
165
22
12
159
23
16
153
23
19
148
21
14
125
13
7
111
4
2
101
2
2
99
7
9
106
12
17
116
16
20
123
17
20
131
19
20
138
16
13
135
21
15
138
20
13
131
12
5
111
12
5
94
6
3
68
46
46
84
108
111
132
113
117
126
88
95
113
44
50
84
14
15
70
28
21
109
43
29
153
25
2
162
27
3
183
29
6
194
23
5
189
16
5
177
12
7
166
12
12
158
12
16
154
13
18
155
14
13
163
15
7
173
15
2
184
16
0
192
17
0
189
18
0
178
18
0
177
17
0
175
17
1
172
17
2
170
17
2
170
17
1
171
17
0
174
18
0
178
21
1
183
20
0
184
20
0
184
22
3
183
20
3
179
18
3
172
18
5
168
20
8
167
20
10
159
9
0
117
16
5
130
26
12
148
31
12
162
28
7
171
24
2
177
22
0
184
23
0
190
24
0
193
22
0
192
21
0
190
20
0
188
19
0
186
19
0
185
19
0
185
20
0
186
21
0
188
22
0
188
11
6
171
13
5
169
17
4
169
21
4
169
25
4
169
29
4
169
30
3
170
28
3
170
25
3
171
22
3
174
20
3
176
17
3
178
17
3
180
18
3
182
20
2
184
24
2
185
28
1
185
30
1
185
13
0
189
9
1
191
13
1
191
17
2
190
20
4
189
23
6
186
25
9
179
25
12
171
24
15
159
27
20
147
25
20
128
20
14
102
16
6
74
18
0
49
27
1
32
42
4
19
53
7
11
59
7
6
64
3
6
66
1
7
67
1
6
69
1
6
71
1
4
73
1
3
76
1
3
77
1
2
79
1
1
81
1
0
82
1
0
82
1
0
83
1
0
83
0
1
82
1
2
82
1
2
82
0
3
81
0
3
79
0
3
76
0
4
76
0
4
76
0
4
76
0
4
76
0
4
76
0
4
76
0
4
76
0
4
76
0
4
76
1
4
76
0
4
76
0
4
76
0
4
77
2
4
79
4
6
80
5
7
82
7
9
81
8
9
71
4
5
81
14
15
79
11
12
73
5
6
73
3
4
75
3
5
76
2
5
76
1
4
78
2
5
77
1
4
79
1
3
79
2
2
79
2
1
80
3
0
81
3
0
81
4
0
82
5
0
83
5
0
84
1
3
84
1
3
83
1
3
83
1
3
82
1
2
82
1
1
81
1
2
80
1
2
80
1
2
78
1
2
77
0
3
77
0
3
76
0
3
75
0
4
74
0
4
74
0
5
73
0
5
73
0
5
72
3
4
71
3
3
69
2
2
66
1
2
63
0
2
58
1
4
52
2
6
45
5
8
38
7
11
68
46
49
157
143
145
235
225
226
252
242
243
247
238
238
181
161
161
40
11
11
47
13
13
54
15
15
68
9
11
78
2
6
79
4
7
89
13
17
94
18
22
80
4
8
81
5
9
83
8
12
79
5
9
75
2
5
76
3
6
79
5
9
75
1
5
72
0
2
85
12
16
79
7
9
74
3
5
76
4
7
79
4
8
76
0
4
76
0
4
76
0
4
76
0
4
76
0
4
76
0
4
76
0
4
76
0
4
76
0
4
76
0
4
76
0
4
76
0
4
76
0
4
76
0
4
76
0
4
76
0
4
76
0
4
76
0
4
76
0
4
17
0
190
17
0
187
16
1
183
15
1
179
16
2
176
17
3
175
17
2
176
18
2
180
19
0
186
22
0
191
23
0
193
23
0
190
22
1
184
23
5
175
24
11
164
23
16
151
19
19
135
14
17
124
13
5
102
8
1
94
6
1
95
11
8
105
21
21
123
27
29
136
23
26
140
16
18
141
13
14
144
14
13
145
28
24
153
31
25
146
23
17
122
25
20
104
3
1
60
75
74
105
200
202
213
185
187
187
122
128
135
51
58
80
9
11
55
18
12
87
35
22
133
28
8
154
28
5
174
22
1
180
22
4
185
18
4
180
12
4
170
11
8
165
11
13
162
12
14
163
13
12
168
12
7
174
11
2
182
11
0
188
14
0
185
17
0
176
17
0
175
17
1
173
17
2
170
17
2
170
17
2
170
17
1
172
17
0
175
19
0
179
20
0
183
19
0
184
20
0
185
21
2
183
20
3
179
18
3
173
18
5
168
21
10
167
22
12
161
9
0
123
16
2
134
23
9
150
28
10
164
28
7
173
26
3
180
24
1
186
24
0
191
23
0
193
21
0
193
20
0
191
18
0
189
18
0
188
18
0
188
18
0
189
18
0
191
19
0
192
20
0
193
15
6
172
16
5
170
20
5
169
24
5
168
27
5
167
29
4
168
31
4
168
29
3
171
26
2
173
23
1
178
21
1
182
21
1
186
21
0
189
23
0
192
27
0
193
32
0
194
37
0
194
40
0
195
23
3
184
18
4
178
19
5
176
22
7
173
25
10
171
30
13
167
31
16
159
30
18
147
29
20
135
26
18
117
22
13
96
19
7
74
18
2
52
24
0
36
35
4
25
49
9
18
56
9
12
60
8
6
62
5
7
63
3
8
64
2
8
66
2
8
68
2
7
70
3
5
73
3
5
75
3
4
77
3
3
78
2
2
78
2
0
80
2
0
81
1
0
81
1
2
81
1
2
80
0
3
79
0
3
79
0
3
78
0
3
76
0
4
76
0
4
76
0
4
76
0
4
76
0
4
76
0
4
76
0
4
76
0
4
76
0
4
76
0
4
76
0
4
75
0
3
76
0
4
77
2
4
79
4
6
81
6
8
83
8
10
81
8
10
64
0
1
76
10
11
75
9
10
68
2
3
68
0
1
72
1
2
76
2
4
78
3
5
81
5
6
79
2
3
80
3
2
80
3
1
80
3
1
80
3
0
80
3
0
81
4
0
81
5
0
81
5
0
83
3
4
83
2
4
84
2
4
84
2
2
84
1
1
83
1
0
82
1
1
82
1
1
81
1
1
80
1
2
79
1
2
78
0
3
76
0
3
75
0
4
74
0
4
72
0
6
72
0
6
72
0
7
72
2
4
70
2
2
69
1
2
67
0
2
63
0
4
59
0
6
53
2
8
47
5
11
39
7
12
61
38
43
153
138
142
232
223
225
244
236
237
246
240
242
167
150
151
48
26
25
46
17
17
41
8
9
62
4
7
78
2
6
78
4
6
90
14
18
96
20
24
78
2
6
78
2
6
83
8
12
78
4
8
78
5
8
80
8
10
74
2
4
75
1
5
71
0
1
80
6
10
80
6
9
73
2
4
72
2
4
76
2
5
76
0
4
76
0
4
76
0
4
76
0
4
76
0
4
76
0
4
76
0
4
76
0
4
76
0
4
76
0
4
76
0
4
76
0
4
76
0
4
76
0
4
76
0
4
76
0
4
76
0
4
76
0
4
76
0
4
17
0
195
17
0
190
16
1
185
15
1
179
15
3
175
16
4
172
17
3
173
17
1
178
19
0
184
24
0
194
24
0
195
24
0
192
24
2
185
26
7
174
27
14
160
24
19
142
13
15
117
3
9
99
11
2
96
10
0
96
11
2
103
20
11
119
30
24
140
32
29
152
22
21
154
13
11
153
10
9
156
11
8
156
23
18
160
27
20
150
28
21
134
48
40
130
5
0
63
47
44
79
182
180
197
147
145
148
57
58
73
5
7
37
7
6
51
23
17
89
25
13
113
29
13
143
38
18
170
20
4
167
19
2
176
17
1
179
12
1
176
11
2
175
10
5
173
11
7
174
9
7
175
8
4
176
7
1
177
6
0
179
11
0
178
17
0
175
17
1
173
17
1
172
17
2
170
17
2
169
17
2
170
17
1
172
17
1
174
18
0
178
20
0
183
19
0
184
20
0
183
21
2
181
20
3
178
19
4
172
19
6
167
23
12
167
23
15
160
5
1
118
11
4
127
18
10
144
23
12
157
25
11
166
25
9
173
25
7
179
23
5
183
19
3
181
15
2
180
15
2
179
14
3
177
13
4
176
13
3
177
13
2
179
13
2
180
13
2
181
13
1
182
18
1
186
20
1
184
24
1
182
27
1
179
30
2
174
31
2
171
31
2
170
29
3
171
28
3
171
25
5
176
24
5
177
24
5
178
24
5
178
26
6
176
31
6
175
36
6
173
40
5
169
43
6
167
36
12
158
31
13
151
30
11
147
30
13
143
34
17
140
37
21
135
38
23
126
35
20
112
34
20
99
29
13
80
25
6
61
23
2
44
25
0
31
34
2
23
46
8
20
57
11
18
61
10
11
61
8
7
58
6
9
57
5
11
58
5
10
60
5
10
63
6
9
65
6
7
68
6
6
71
6
5
74
5
5
75
4
3
75
2
0
77
2
0
77
1
2
79
1
2
79
1
2
79
0
3
79
0
3
79
0
3
78
0
3
76
0
4
76
0
4
76
0
4
76
0
4
76
0
4
76
0
4
76
0
4
76
0
4
76
0
4
75
0
3
75
0
3
74
0
2
74
0
2
75
1
3
78
3
5
80
5
7
83
8
10
83
10
11
78
14
14
89
25
25
85
19
20
74
6
8
69
1
1
71
0
0
74
1
1
76
1
2
79
2
3
81
4
2
80
3
1
80
3
1
80
3
0
80
3
0
79
3
0
78
4
0
78
4
0
78
4
0
81
2
4
81
3
4
82
3
4
83
3
4
83
2
2
82
2
1
83
1
0
83
1
0
82
2
1
81
1
0
80
1
1
78
1
2
76
1
2
75
1
3
74
0
4
72
0
6
72
0
7
70
0
7
73
0
3
74
0
3
73
0
2
71
0
3
68
0
4
65
0
6
60
2
10
53
5
12
45
7
14
49
20
27
122
101
106
212
198
201
249
237
239
235
222
224
226
208
209
37
11
13
31
2
2
44
9
10
71
13
16
85
9
13
84
8
12
97
21
25
101
25
29
81
4
8
82
6
10
88
14
18
84
10
13
77
3
7
76
2
6
76
3
6
77
4
8
80
6
10
73
1
3
74
1
4
76
2
6
79
5
9
79
5
8
76
0
4
76
0
4
76
0
4
76
0
4
76
0
4
76
0
4
76
0
4
76
0
4
76
0
4
76
0
4
76
0
4
76
0
4
76
0
4
76
0
4
76
0
4
76
0
4
76
0
4
76
0
4
76
0
4
17
0
197
16
0
193
16
1
186
16
2
180
15
4
175
15
4
172
17
4
173
20
3
178
21
1
183
22
0
188
23
0
189
25
1
188
28
5
181
28
10
169
24
13
151
16
11
125
2
4
97
0
0
77
13
1
104
26
9
124
35
19
139
35
20
149
27
14
152
19
8
156
18
9
167
18
10
176
17
8
177
20
11
178
19
9
168
22
12
156
27
16
143
21
11
115
24
14
93
14
6
58
38
29
65
52
45
69
29
24
68
7
3
66
3
0
68
6
2
80
17
10
104
32
23
135
38
25
156
33
18
166
26
9
172
22
5
181
21
4
188
17
1
191
14
0
191
12
1
188
13
3
186
11
5
182
9
5
176
7
4
171
10
3
170
17
1
173
17
1
172
17
2
170
17
3
169
17
3
169
17
2
169
17
1
171
17
0
174
17
0
177
19
0
180
20
1
183
20
0
182
17
0
176
16
1
170
18
6
168
21
10
165
21
13
161
16
10
150
0
3
112
10
12
126
20
19
142
21
18
151
20
13
156
18
9
160
17
7
164
16
6
165
15
5
165
14
6
165
12
8
164
13
9
163
12
9
162
10
8
162
9
7
163
9
7
166
10
7
169
13
9
173
24
0
202
26
0
197
27
0
191
29
0
184
31
1
177
31
3
171
31
5
167
29
6
162
27
7
159
29
15
162
27
17
159
24
16
151
19
12
139
15
6
125
13
3
110
16
1
98
20
3
90
23
5
87
26
1
88
26
0
86
23
0
83
22
0
78
20
0
72
17
0
62
14
0
51
17
0
43
22
1
39
27
3
32
34
4
27
40
5
23
44
4
17
49
5
14
55
8
13
58
8
9
60
7
7
57
3
3
49
4
6
44
5
9
44
3
7
45
1
4
50
5
7
51
1
1
63
9
8
62
4
4
64
2
1
68
4
2
74
6
5
78
7
6
78
5
5
75
0
1
76
0
2
77
1
3
78
1
4
77
0
4
77
0
4
76
0
4
76
0
4
76
0
4
76
0
4
76
0
4
76
0
4
76
0
4
76
0
4
76
0
4
76
0
4
76
0
4
76
0
4
77
1
5
77
2
4
77
2
4
78
3
5
78
3
5
83
10
12
114
52
52
240
206
206
166
104
104
91
25
24
74
5
5
79
8
8
79
7
6
75
2
0
78
2
0
79
3
1
78
2
0
76
1
0
75
0
0
74
1
1
74
2
1
74
2
3
74
3
3
74
3
3
74
1
3
74
1
4
77
1
5
78
2
5
79
3
4
81
3
3
81
2
1
80
1
0
80
1
0
81
1
0
80
2
0
78
1
1
77
1
2
75
1
3
74
0
4
72
0
6
70
0
7
70
0
9
77
0
4
79
0
3
80
0
4
80
0
5
77
0
7
72
0
7
66
0
9
58
1
10
50
2
10
42
3
10
55
23
30
94
68
74
158
138
141
226
213
217
180
151
155
52
16
19
54
13
16
57
13
16
74
13
17
100
26
30
146
72
76
217
143
147
174
100
104
78
5
8
82
8
12
76
3
5
76
1
4
77
1
5
76
0
4
76
0
4
76
0
4
76
0
4
76
0
4
76
0
4
76
0
4
76
0
4
76
0
4
76
0
4
76
0
4
76
0
4
76
0
4
76
0
4
76
0
4
76
0
4
76
0
4
76
0
4
76
0
4
76
0
4
76
0
4
76
0
4
76
0
4
76
0
4
76
0
4
76
0
4
76
0
4
76
0
4
17
0
195
16
0
191
14
0
186
15
1
181
15
3
176
15
4
174
17
4
173
20
4
176
23
3
180
25
4
183
25
3
181
27
4
178
29
9
172
27
11
158
18
8
136
6
2
109
0
0
88
1
2
81
22
6
126
34
14
147
39
20
159
37
18
165
28
11
167
20
4
170
18
3
179
17
2
185
14
1
184
18
4
183
20
6
176
24
10
165
26
12
149
22
8
125
28
14
110
8
0
69
12
3
58
21
10
57
17
6
83
13
3
100
12
4
99
8
2
97
4
0
97
12
8
112
29
23
138
37
27
160
36
24
174
29
13
181
21
3
187
19
0
195
18
0
198
16
0
195
14
0
187
11
2
179
10
5
170
9
7
163
12
5
165
17
1
172
17
1
171
17
2
170
17
3
168
17
3
168
17
3
168
17
2
171
17
0
173
17
0
176
19
1
179
20
2
182
19
1
179
17
1
173
17
3
168
18
6
164
17
8
158
13
7
150
8
4
139
2
3
121
7
9
134
15
14
147
17
13
155
16
9
158
16
7
162
17
6
165
18
6
166
18
7
165
22
12
168
21
14
166
19
14
165
17
14
163
14
12
161
12
9
161
10
7
162
9
7
164
10
7
167
26
4
187
27
4
183
29
4
177
30
6
169
31
8
162
33
12
157
34
16
153
34
20
151
33
23
148
30
25
145
22
21
134
14
15
118
7
9
99
4
5
80
4
3
62
7
5
48
14
7
37
17
10
32
33
2
43
35
0
45
32
0
41
29
0
37
26
0
32
25
0
25
25
0
20
31
3
19
39
7
18
53
17
24
52
11
15
49
3
5
56
6
7
63
11
11
57
5
5
68
14
14
61
8
7
58
6
5
42
5
7
30
3
7
30
2
5
32
2
4
35
0
1
42
4
4
45
1
1
60
11
9
63
9
7
64
6
4
69
6
5
74
7
7
74
5
5
72
1
1
75
0
2
77
1
3
78
1
4
77
0
4
77
0
4
76
0
4
76
0
4
76
0
4
76
0
4
76
0
4
76
0
4
76
0
4
76
0
4
76
0
4
76
0
4
76
0
4
76
0
4
77
1
5
77
1
4
77
2
4
77
2
4
78
3
5
76
3
5
70
8
8
138
74
74
94
29
29
75
8
8
73
4
4
75
5
3
73
2
0
73
1
0
79
4
2
76
1
0
75
0
1
74
1
2
73
1
3
72
2
5
72
3
7
71
4
8
70
4
9
69
4
9
71
4
12
72
4
12
74
4
12
76
4
10
77
4
8
78
4
6
78
3
4
78
2
1
80
1
0
80
1
0
79
2
0
79
1
1
78
0
2
76
0
3
74
0
4
72
0
6
72
0
7
71
0
9
80
0
4
83
0
3
84
0
3
83
0
5
82
0
6
79
0
8
74
0
9
66
0
10
58
1
10
55
6
14
47
4
11
41
4
9
56
22
26
95
58
63
82
41
45
45
2
2
64
12
15
63
6
10
74
8
11
81
8
11
84
12
15
109
36
39
98
24
28
72
0
2
83
9
13
79
4
7
77
1
5
76
1
4
76
0
4
76
0
4
76
0
4
76
0
4
76
0
4
76
0
4
76
0
4
76
0
4
76
0
4
76
0
4
76
0
4
76
0
4
76
0
4
76
0
4
76
0
4
76
0
4
76
0
4
76
0
4
76
0
4
76
0
4
76
0
4
76
0
4
76
0
4
76
0
4
76
0
4
76
0
4
76
0
4
76
0
4
16
1
190
15
0
187
14
0
185
15
1
181
15
2
178
16
3
176
17
3
174
20
4
175
23
5
175
26
8
176
28
10
172
30
12
168
29
13
159
23
10
144
12
3
122
1
0
102
5
4
95
13
13
101
27
12
145
32
14
163
33
15
169
30
11
172
24
4
175
21
1
180
20
1
187
19
0
189
16
0
185
17
0
180
22
5
177
26
9
168
24
9
151
23
9
135
35
21
129
18
6
96
13
4
80
26
15
86
28
14
121
28
14
143
29
17
140
21
14
127
5
3
109
1
0
104
14
12
121
26
22
143
32
24
161
28
16
170
23
7
178
24
4
188
24
3
194
21
2
192
17
1
183
14
1
172
12
4
164
13
8
159
15
6
163
17
1
171
17
2
170
17
3
169
17
3
168
17
3
168
17
3
168
17
2
170
17
1
172
17
0
174
17
0
175
17
0
176
18
1
175
17
2
170
19
7
167
21
12
163
20
14
155
15
11
146
9
6
139
8
5
148
18
12
159
25
16
169
25
13
174
23
8
174
22
5
174
22
4
175
23
4
174
22
4
171
22
4
167
23
8
167
24
10
166
24
11
166
22
11
167
21
10
168
21
10
170
21
11
174
23
11
177
35
25
160
34
23
154
30
20
145
26
16
133
22
12
123
19
9
117
17
9
113
15
11
114
14
11
114
9
8
109
5
6
103
2
5
95
4
5
84
7
7
69
9
9
52
11
9
35
16
11
21
20
13
14
47
6
20
51
3
19
47
3
16
43
3
13
39
4
10
35
3
5
36
2
3
42
6
4
52
11
7
57
10
7
61
8
5
69
11
7
76
16
13
70
11
8
56
0
0
79
27
26
56
10
9
46
2
2
70
44
46
101
88
90
121
107
109
133
120
120
131
109
108
121
94
93
89
56
53
60
20
18
61
16
13
64
13
11
64
7
5
70
8
7
71
6
5
70
1
2
74
0
2
76
1
4
77
1
5
77
0
4
77
0
4
76
0
4
76
0
4
76
0
4
76
0
4
76
0
4
76
0
4
76
0
4
76
0
4
76
0
4
76
0
4
76
0
4
76
0
4
76
0
4
76
1
4
76
1
3
76
1
3
76
1
3
75
2
4
67
5
4
68
6
6
67
3
3
72
6
5
72
5
3
72
3
1
74
3
1
74
1
0
75
2
0
73
0
0
72
0
2
71
1
4
69
1
7
68
2
10
66
3
12
65
3
14
62
2
14
60
2
14
65
4
18
66
4
17
68
4
16
69
4
14
71
4
11
74
4
8
76
3
5
77
2
3
78
1
1
79
2
0
79
2
0
79
1
1
78
1
2
77
0
3
76
0
4
74
0
6
72
0
7
73
0
9
81
0
3
83
0
2
84
0
2
84
0
3
84
0
4
84
0
6
79
0
8
73
0
9
66
0
9
65
6
15
58
6
13
52
4
10
55
10
13
61
12
17
55
1
5
59
0
4
73
8
12
73
5
8
78
6
9
79
7
9
74
3
4
72
0
2
73
0
3
76
2
6
74
2
4
73
1
2
78
3
5
79
3
7
76
0
4
76
0
4
76
0
4
76
0
4
76
0
4
76
0
4
76
0
4
76
0
4
76
0
4
76
0
4
76
0
4
76
0
4
76
0
4
76
0
4
76
0
4
76
0
4
76
0
4
76
0
4
76
0
4
76
0
4
76
0
4
76
0
4
76
0
4
76
0
4
76
0
4
76
0
4
76
0
4
76
0
4
15
3
185
14
1
184
14
1
183
15
1
182
16
1
181
16
2
179
18
3
177
20
5
173
23
8
169
22
8
162
26
13
158
26
15
151
21
11
138
13
4
123
7
1
112
10
4
110
23
18
119
34
28
128
28
16
159
25
11
169
23
8
171
21
4
173
19
1
178
21
1
184
25
2
190
23
0
189
19
0
182
19
0
175
28
9
175
32
14
169
26
11
152
23
10
137
29
17
131
17
6
108
12
3
97
34
25
115
36
23
151
34
20
171
35
25
168
32
24
157
19
15
138
6
5
117
3
3
113
6
6
120
11
8
131
18
11
146
24
13
161
27
13
172
30
13
180
29
11
182
24
7
176
20
5
168
18
6
162
18
7
159
18
6
162
17
1
171
17
2
170
17
3
168
17
3
167
17
3
167
17
3
167
17
3
169
17
2
170
18
2
174
21
5
178
21
5
178
20
5
175
19
6
167
20
10
162
22
15
158
21
18
151
17
16
142
12
10
138
11
1
153
20
9
164
28
14
173
30
12
178
31
9
179
32
8
179
32
7
178
32
6
175
32
7
170
36
12
169
37
14
167
36
16
164
35
15
162
32
13
160
28
10
159
26
7
158
24
6
160
24
6
161
28
32
117
25
28
111
19
22
101
12
14
90
6
7
82
3
2
79
2
1
81
1
1
86
0
0
95
3
3
105
7
5
110
14
12
114
23
18
111
28
21
98
26
17
76
22
10
50
20
6
30
25
9
22
61
9
13
69
8
10
65
9
9
61
10
8
57
11
6
51
9
2
48
5
0
52
6
0
60
9
2
63
7
2
67
5
1
72
7
3
77
11
8
76
14
12
64
9
8
55
10
9
37
2
2
66
33
33
155
141
141
222
221
221
237
235
236
243
240
239
242
231
230
238
224
222
198
174
172
76
45
43
50
12
10
58
13
10
59
8
5
66
9
7
69
6
5
68
1
2
71
1
2
76
1
4
78
1
5
77
0
4
76
0
4
76
0
4
76
0
4
76
0
4
76
0
4
76
0
4
76
0
4
76
0
4
76
0
4
76
0
4
76
0
4
76
0
4
76
0
4
76
0
4
76
1
3
76
1
3
76
1
3
75
0
2
75
1
3
72
8
7
63
0
0
73
7
6
71
4
3
69
1
1
73
2
1
76
5
2
75
3
2
75
3
3
71
0
2
69
1
5
67
0
7
64
1
10
61
1
13
59
1
15
56
1
17
53
0
18
51
0
18
55
1
21
56
1
19
58
1
18
60
1
15
64
1
13
67
1
9
70
1
6
73
1
4
76
1
2
77
2
0
79
2
0
79
1
1
78
0
2
77
0
3
76
0
4
75
0
6
74
0
8
74
0
8
79
1
2
80
1
0
81
1
1
82
0
1
83
0
3
84
0
4
81
0
6
76
0
7
70
0
8
69
6
13
62
5
10
59
4
9
65
9
15
64
6
11
64
2
5
76
5
9
76
1
4
77
0
2
76
1
2
77
5
6
79
7
8
73
0
2
73
0
2
80
7
9
74
2
4
74
0
3
77
2
5
77
2
5
76
0
4
76
0
4
76
0
4
76
0
4
76
0
4
76
0
4
76
0
4
76
0
4
76
0
4
76
0
4
76
0
4
76
0
4
76
0
4
76
0
4
76
0
4
76
0
4
76
0
4
76
0
4
76
0
4
76
0
4
76
0
4
76
0
4
76
0
4
76
0
4
76
0
4
76
0
4
76
0
4
76
0
4
14
4
180
13
3
180
14
1
182
15
0
184
16
0
184
16
1
183
18
2
179
20
5
173
23
10
164
19
8
149
21
13
141
18
11
129
9
5
114
4
0
104
8
3
107
23
15
122
38
27
137
41
30
142
25
18
168
19
11
173
16
7
173
15
4
176
18
3
181
23
4
186
27
4
188
24
2
183
22
0
175
20
0
166
30
10
167
35
18
163
30
17
151
26
16
139
16
8
123
4
0
106
2
0
100
23
19
121
25
17
156
22
11
175
24
15
173
28
21
169
25
22
159
14
13
138
3
2
120
0
0
113
1
0
112
8
6
122
17
13
134
22
16
143
28
19
152
31
18
161
30
15
162
27
11
163
24
7
162
23
5
160
21
3
164
17
2
170
17
3
169
17
3
168
17
4
166
17
4
166
17
4
166
17
3
168
17
2
169
18
2
172
20
4
175
22
7
176
22
8
173
19
8
165
19
12
159
22
17
154
22
21
148
21
22
142
19
21
138
20
14
142
29
20
151
36
24
159
38
23
162
40
21
163
41
19
162
41
18
159
41
16
153
40
16
146
43
19
142
43
22
138
42
23
133
39
21
128
33
16
124
27
11
120
23
6
118
18
2
118
18
1
118
5
10
82
4
9
78
3
8
76
3
7
76
5
7
78
8
7
84
10
9
94
12
9
106
13
8
120
17
12
135
22
14
142
30
19
146
39
25
143
41
24
126
34
14
97
25
2
64
22
1
39
28
1
32
68
4
12
77
5
6
74
7
7
70
10
8
66
12
9
61
10
5
55
5
2
58
4
1
64
6
3
70
6
5
74
6
6
74
5
5
68
1
2
66
5
6
65
14
15
44
7
7
79
52
52
153
131
130
208
206
205
235
246
245
243
251
250
242
245
244
247
246
244
255
253
250
243
228
225
82
58
57
37
5
2
47
8
4
55
8
6
63
9
7
66
6
6
67
1
2
70
1
2
75
1
4
77
1
5
77
0
4
76
0
4
76
0
4
76
0
4
76
0
4
76
0
4
76
0
4
76
0
4
76
0
4
76
0
4
76
0
4
76
0
4
76
0
4
76
0
4
76
0
4
75
0
3
75
0
2
75
0
2
75
0
2
74
0
2
67
2
1
66
1
0
71
4
2
70
2
0
77
7
6
79
8
5
73
3
1
73
2
2
79
8
9
70
1
4
67
0
6
63
0
10
59
0
12
55
0
15
52
0
19
50
0
21
48
2
24
47
2
26
48
1
26
49
0
23
51
0
21
53
0
18
57
0
15
61
0
11
66
0
8
69
1
5
74
1
3
76
1
2
77
2
0
78
1
1
78
1
2
77
1
3
77
0
4
77
0
7
75
0
8
75
0
8
75
2
2
76
3
0
77
2
0
79
2
0
80
1
1
81
0
3
80
0
4
76
0
5
71
0
6
74
8
14
68
7
11
61
1
5
62
1
5
63
1
3
75
5
8
86
10
13
85
4
7
90
4
7
82
3
5
77
4
6
80
7
8
74
2
3
71
0
0
76
3
5
75
1
5
75
0
4
74
0
2
75
0
3
76
0
4
76
0
4
76
0
4
76
0
4
76
0
4
77
0
4
77
0
4
77
0
4
76
0
4
76
0
4
76
0
4
76
0
4
76
0
4
76
0
4
76
0
4
76
0
4
76
0
4
76
0
4
76
0
4
76
0
4
76
0
4
76
0
4
76
0
4
76
0
4
76
0
4
76
0
4
76
0
4
76
0
4
14
7
176
13
4
178
14
2
181
15
1
184
16
0
186
17
0
185
18
2
180
20
5
172
24
12
160
21
13
143
15
11
125
6
4
106
1
0
95
5
3
97
18
12
113
35
25
133
40
26
144
33
18
140
15
14
166
10
10
172
11
6
173
14
5
176
18
6
181
23
6
184
27
6
182
25
4
174
25
3
167
21
1
154
26
8
152
31
16
151
31
19
145
30
21
141
7
3
116
0
0
109
1
0
109
17
17
127
17
12
158
13
5
174
14
7
172
15
9
168
16
11
162
17
14
153
16
15
142
14
15
130
11
14
120
5
9
108
3
6
101
7
7
105
13
11
112
18
12
125
24
12
139
26
10
150
27
6
158
26
3
163
22
1
167
17
2
170
17
3
169
17
3
168
17
4
166
17
4
166
17
4
166
17
3
167
17
2
169
16
1
169
15
1
168
21
7
173
25
11
174
21
12
164
18
12
155
17
15
146
17
18
140
17
21
134
16
21
125
13
18
97
16
19
102
18
18
103
17
12
101
16
7
98
16
5
95
16
3
89
15
2
82
14
2
74
11
2
63
13
3
59
14
6
57
14
6
55
12
4
52
9
2
51
5
1
51
4
0
52
3
0
53
0
0
90
1
0
92
7
5
97
17
13
106
27
20
116
32
24
126
32
23
134
30
19
143
29
16
155
27
13
161
26
9
162
30
11
160
38
16
154
43
18
138
40
13
110
31
2
74
26
0
46
30
0
36
73
1
15
82
1
7
77
2
8
73
4
10
69
6
11
63
6
10
57
1
5
60
0
5
66
2
8
68
1
6
77
7
13
83
12
18
74
7
13
57
1
4
56
9
11
57
25
26
159
140
139
229
219
217
242
249
248
237
254
254
234
248
248
221
233
231
228
234
231
245
244
240
253
244
240
135
118
113
69
42
37
51
15
11
52
9
6
60
9
7
64
7
6
66
2
2
70
1
2
76
1
4
77
1
5
77
0
4
76
0
4
76
0
4
76
0
4
76
0
4
76
0
4
76
0
4
76
0
4
76
0
4
76
0
4
76
0
4
76
0
4
76
0
4
76
0
4
75
0
3
75
0
2
75
0
2
75
0
2
75
0
2
73
0
2
66
2
0
69
3
0
69
2
0
71
2
0
81
11
8
79
8
7
71
0
0
72
1
1
74
4
5
69
2
7
65
0
9
61
0
12
56
0
15
52
0
19
49
1
24
48
4
30
48
7
34
50
9
37
50
8
36
50
7
34
51
6
30
53
4
25
55
2
20
59
1
14
63
1
10
67
1
6
72
2
3
75
2
2
77
1
2
78
1
2
79
1
2
78
1
2
77
0
3
77
1
5
77
0
7
75
0
8
71
4
2
71
6
0
73
5
0
75
3
0
76
2
0
77
1
2
77
0
3
74
0
4
71
1
4
65
1
3
66
5
7
68
7
11
67
6
7
70
4
5
76
3
5
79
1
1
82
0
1
88
1
2
81
0
2
75
2
4
78
5
7
81
7
9
75
3
5
71
0
0
71
0
1
72
0
1
76
1
4
77
1
5
76
0
4
76
0
4
76
0
4
76
0
4
77
0
4
77
0
4
77
0
4
77
0
4
77
0
4
76
0
4
76
0
4
76
0
4
76
0
4
76
0
4
76
0
4
76
0
4
76
0
4
76
0
4
76
0
4
76
0
4
76
0
4
76
0
4
76
0
4
76
0
4
76
0
4
76
0
4
76
0
4
76
0
4
13
7
173
14
5
176
14
2
180
15
1
184
16
0
186
19
1
185
21
2
180
22
6
169
23
11
153
21
15
136
8
6
110
2
1
91
3
3
88
13
11
103
30
24
126
42
30
144
38
22
150
28
9
145
10
5
164
6
3
169
9
3
170
14
4
173
20
7
176
25
9
175
28
10
171
30
10
162
31
13
155
26
11
142
24
12
134
22
13
128
21
14
124
21
16
123
0
1
106
1
2
110
2
3
117
13
15
131
14
12
163
13
8
182
12
7
180
8
3
171
4
0
163
12
9
162
24
23
163
27
28
156
24
27
141
12
14
115
1
0
94
1
1
90
0
0
90
3
2
98
12
4
114
20
6
129
25
7
142
27
6
150
26
7
156
21
10
160
20
10
159
20
10
158
18
8
155
18
9
156
17
7
155
19
9
158
18
9
159
18
8
159
28
17
168
32
22
169
29
21
162
20
13
146
12
7
129
7
6
118
4
4
107
1
2
97
3
4
87
1
10
49
5
13
52
3
7
49
5
3
46
6
1
44
7
1
41
9
1
39
12
2
35
12
1
27
13
3
21
16
8
20
18
10
19
18
12
17
16
12
16
14
10
16
12
8
16
11
7
17
12
7
19
9
0
99
15
2
107
25
9
119
35
19
134
41
24
147
40
22
156
32
15
160
24
6
163
16
0
167
25
9
179
23
6
174
25
7
166
35
15
158
46
24
145
50
24
120
43
12
82
34
0
47
34
0
33
76
3
19
84
2
13
78
0
11
73
1
11
69
2
12
64
1
10
61
0
7
62
0
7
69
1
10
75
5
15
74
4
13
73
4
13
75
10
19
74
17
25
58
14
19
36
7
10
152
133
133
224
212
211
220
229
227
210
231
230
224
243
241
233
248
245
245
253
250
245
245
241
246
240
236
157
141
136
70
45
42
40
6
3
51
9
6
59
10
7
64
7
5
66
3
2
70
1
2
74
1
4
76
1
4
76
1
4
76
0
3
76
0
4
76
0
4
76
0
4
76
0
4
76
0
4
76
0
4
76
0
4
76
0
4
76
0
4
76
0
4
76
0
4
76
0
4
75
0
3
75
0
3
75
0
2
75
0
2
75
0
2
74
1
2
67
3
0
73
7
3
73
6
4
71
2
3
75
4
4
76
4
4
78
5
6
82
9
10
73
1
2
72
4
6
67
3
8
62
3
10
55
3
15
48
1
22
46
4
33
48
10
48
50
14
59
53
19
68
49
17
67
48
16
62
50
14
56
48
9
46
49
5
34
52
3
25
55
1
16
62
1
11
68
1
6
72
2
4
75
2
4
77
1
4
78
1
3
77
1
3
76
0
3
78
2
5
77
1
6
76
1
6
71
4
2
70
5
0
72
4
0
74
4
0
75
3
1
76
1
2
75
0
2
73
1
2
70
2
3
67
1
3
72
8
9
73
10
11
67
2
3
70
2
3
80
6
8
84
3
4
90
5
7
89
2
2
82
2
3
76
3
5
76
2
5
78
4
7
76
2
5
75
2
4
78
4
7
77
2
6
77
1
5
77
1
5
76
0
4
76
0
4
76
0
4
76
0
4
76
0
4
77
0
4
77
0
4
77
0
4
76
0
4
76
0
4
76
0
4
76
0
4
76
0
4
76
0
4
76
0
4
76
0
4
76
0
4
76
0
4
76
0
4
76
0
4
76
0
4
76
0
4
76
0
4
76
0
4
76
0
4
76
0
4
76
0
4
76
0
4
12
2
174
14
3
177
16
1
180
18
0
182
22
1
182
26
4
180
29
8
172
26
7
154
16
3
128
13
5
110
3
1
90
4
3
86
15
12
98
26
20
116
29
20
132
31
15
147
31
10
161
27
3
164
27
4
180
28
4
182
29
5
178
30
7
171
31
10
161
32
12
149
31
15
135
31
20
120
31
25
110
24
23
97
15
17
86
6
11
79
0
5
78
0
3
88
3
7
105
9
12
128
13
15
142
14
14
150
7
6
173
5
2
191
8
5
192
7
6
188
6
5
185
4
0
180
5
3
175
12
9
174
15
11
168
13
9
157
11
8
144
10
7
131
6
5
115
4
3
100
4
3
88
6
7
81
10
11
77
13
15
76
20
21
86
26
27
104
24
25
104
24
26
106
15
18
101
23
27
111
14
18
104
18
23
109
23
28
114
25
31
114
35
41
120
27
32
105
7
10
72
10
11
67
7
6
56
11
10
53
8
7
43
4
3
35
11
6
37
8
1
21
24
15
33
16
4
21
24
7
24
28
5
20
28
3
14
33
4
12
41
7
13
39
3
6
42
4
6
45
5
7
45
6
7
44
7
8
43
8
9
42
8
10
40
7
11
38
7
11
36
7
10
23
1
35
30
7
55
41
15
88
46
19
122
44
16
150
34
9
172
21
2
187
12
0
197
5
1
201
0
0
187
0
4
174
3
11
157
17
21
142
35
30
127
45
29
104
41
12
68
40
0
41
48
0
37
67
4
20
71
4
11
69
1
8
68
0
6
69
0
4
72
1
4
74
1
3
74
2
2
72
1
1
69
2
2
71
8
7
68
8
7
58
3
3
58
9
9
60
15
17
38
0
1
60
24
25
126
91
94
199
192
195
234
248
248
236
247
247
243
251
251
242
246
244
248
245
242
248
243
239
102
85
80
47
20
15
47
12
7
52
11
5
58
10
4
62
8
3
65
7
2
68
5
1
69
3
0
71
2
0
72
1
0
73
1
1
76
0
4
76
0
4
76
0
4
76
0
4
76
0
4
76
0
4
76
0
4
76
0
4
76
0
4
76
0
4
76
0
4
76
0
4
76
0
4
76
0
4
76
0
4
76
0
4
76
0
4
75
1
3
71
9
0
70
6
1
71
3
3
73
1
9
76
1
13
79
1
14
81
0
12
82
0
7
82
2
0
85
10
0
79
12
0
71
15
3
58
12
14
40
5
26
33
6
54
40
17
97
38
19
125
47
30
151
21
21
150
21
19
141
30
27
133
26
18
107
22
8
78
26
6
56
29
1
34
43
4
27
53
3
17
60
2
12
68
4
13
73
3
12
74
1
8
73
0
4
75
0
2
78
4
4
77
5
1
73
3
0
74
1
0
75
1
0
75
1
0
75
1
0
75
1
0
75
1
0
75
1
0
75
1
0
75
1
0
74
0
0
74
0
0
74
0
0
74
0
0
75
1
0
75
1
0
76
2
0
76
2
0
76
2
0
76
1
2
76
0
4
76
0
4
76
0
4
76
0
4
76
0
4
76
0
4
76
0
4
76
0
4
76
0
4
76
0
4
76
0
4
76
0
4
76
0
4
76
0
4
76
0
4
76
0
4
76
0
4
76
0
4
76
0
4
76
0
4
76
0
4
76
0
4
76
0
4
76
0
4
76
0
4
76
0
4
76
0
4
76
0
4
76
0
4
76
0
4
76
0
4
76
0
4
76
0
4
76
0
4
76
0
4
76
0
4
76
0
4
12
6
169
13
6
173
14
5
175
16
3
176
20
3
176
24
5
173
25
7
165
22
7
149
14
4
124
5
1
99
2
1
86
11
12
89
26
26
103
34
32
117
31
26
124
30
19
134
35
20
151
37
19
160
30
18
158
27
16
155
23
13
151
20
9
144
18
6
137
16
4
128
12
2
117
8
1
105
5
1
96
5
3
93
3
3
92
2
1
92
3
1
97
7
6
111
16
13
132
23
19
151
24
18
160
22
16
165
13
9
170
8
6
174
10
7
175
13
10
177
18
14
179
8
3
165
9
4
160
26
20
169
19
12
154
21
14
146
30
23
145
29
21
132
25
18
116
19
13
98
14
8
81
8
4
68
4
2
58
3
1
52
4
1
55
9
1
66
11
2
70
7
2
71
3
1
70
18
16
88
13
13
87
4
4
77
11
12
84
21
24
95
8
11
78
6
9
69
10
11
61
70
71
117
64
63
103
24
23
54
5
4
30
9
7
30
6
2
23
10
2
18
21
10
25
18
3
18
27
7
21
31
6
18
32
2
11
35
1
7
41
2
7
44
1
4
48
3
6
50
4
6
51
5
7
51
6
8
51
6
9
49
6
10
48
6
11
46
6
11
43
5
10
22
0
24
25
2
39
33
6
66
40
13
99
43
16
131
40
15
159
30
11
178
17
5
187
5
1
189
0
1
182
0
4
173
4
9
158
16
18
145
33
27
131
43
26
108
38
10
73
37
0
46
46
1
41
65
3
18
69
2
10
67
1
7
67
0
4
69
0
3
71
0
3
74
1
3
74
2
2
73
1
1
71
3
2
76
10
9
75
13
12
63
6
6
52
1
1
60
11
12
55
11
13
45
5
7
42
4
6
137
126
128
225
232
233
242
247
247
232
233
233
209
205
204
218
210
208
204
188
185
80
55
51
38
7
3
46
8
4
56
11
6
61
10
4
65
8
3
68
6
2
70
5
2
73
4
1
73
3
0
73
2
0
75
1
1
76
0
4
76
0
4
76
0
4
76
0
4
76
0
4
76
0
4
76
0
4
76
0
4
76
0
4
76
0
4
76
0
4
76
0
4
76
0
4
76
0
4
76
0
4
76
0
4
76
0
4
75
1
3
72
9
0
72
7
0
71
3
3
73
1
7
75
1
11
78
1
13
80
0
12
81
0
7
80
1
1
80
5
0
73
7
0
66
8
5
55
7
19
40
3
36
35
7
68
44
19
112
38
17
136
41
22
158
17
12
158
17
12
149
32
24
147
39
27
130
42
26
107
43
21
81
33
3
44
40
1
27
48
0
14
60
2
12
68
3
11
73
2
10
74
1
6
74
0
2
74
0
1
77
4
2
78
5
1
75
4
0
75
2
0
75
1
0
75
1
0
75
1
0
75
1
0
75
1
0
75
1
0
75
1
0
75
1
0
74
0
0
74
0
0
74
0
0
74
0
0
75
1
0
75
1
0
76
2
0
76
2
0
76
2
0
76
1
2
76
0
4
76
0
4
76
0
4
76
0
4
76
0
4
76
0
4
76
0
4
76
0
4
76
0
4
76
0
4
76
0
4
76
0
4
76
0
4
76
0
4
76
0
4
76
0
4
76
0
4
76
0
4
76
0
4
76
0
4
76
0
4
76
0
4
76
0
4
76
0
4
76
0
4
76
0
4
76
0
4
76
0
4
76
0
4
76
0
4
76
0
4
76
0
4
76
0
4
76
0
4
76
0
4
76
0
4
76
0
4
12
10
166
12
9
169
13
7
171
15
5
173
19
6
174
22
7
171
23
9
163
21
9
148
19
11
128
3
2
97
2
4
84
14
18
88
29
33
100
36
38
110
31
31
112
26
23
116
32
24
131
34
23
138
19
24
116
11
19
107
7
11
103
5
4
102
4
2
104
4
1
108
5
0
111
6
0
112
5
0
110
6
0
111
7
0
114
8
1
117
13
3
126
21
10
139
29
17
154
32
19
166
27
13
167
22
7
165
19
11
158
18
15
152
16
13
149
13
9
145
18
12
147
31
24
156
24
16
144
27
17
140
34
23
139
35
23
132
34
21
120
35
21
110
34
20
98
30
17
84
26
12
69
20
7
56
16
4
46
14
2
39
17
1
42
22
0
49
19
0
47
21
3
54
19
4
57
14
2
56
19
10
67
12
6
61
10
6
61
16
13
67
8
6
57
1
1
44
75
75
114
177
176
208
169
168
193
68
66
84
14
11
24
19
15
25
7
1
10
15
3
14
19
3
15
20
1
11
31
7
17
40
11
19
44
9
16
47
6
11
51
4
8
54
2
5
57
1
5
59
2
6
61
3
7
62
4
8
61
4
8
60
4
9
58
4
10
56
4
11
56
3
11
30
3
13
29
1
23
30
2
42
34
6
67
37
11
98
38
15
128
32
14
151
21
10
166
10
5
175
4
4
175
2
5
170
5
8
160
16
15
149
31
23
136
40
22
114
33
7
78
32
0
49
41
1
45
63
2
18
68
2
9
67
0
6
66
0
3
68
0
1
71
1
2
74
2
2
75
2
2
74
2
1
72
3
1
74
7
6
75
10
9
68
7
6
57
2
1
58
6
6
56
8
9
56
10
13
57
13
16
93
72
75
143
139
142
167
161
163
142
132
133
95
80
81
109
88
88
112
85
83
58
26
22
42
3
0
51
6
2
61
10
5
65
9
4
70
8
4
72
6
3
74
5
2
76
4
1
76
3
0
76
1
1
76
0
2
76
0
4
76
0
4
76
0
4
76
0
4
76
0
4
76
0
4
76
0
4
76
0
4
76
0
4
76
0
4
76
0
4
76
0
4
76
0
4
76
0
4
76
0
4
76
0
4
76
0
4
76
1
3
75
9
0
73
6
0
71
3
2
72
1
5
75
0
10
78
0
12
79
0
11
79
0
7
78
0
4
77
4
4
69
3
3
61
3
12
51
3
29
40
1
50
40
8
87
49
20
132
38
14
152
34
13
166
18
6
176
16
4
165
29
16
159
40
24
145
48
28
124
48
23
95
33
2
51
39
0
30
47
0
16
58
1
11
66
2
9
71
2
6
73
1
4
75
0
1
75
0
0
77
2
0
79
5
1
79
6
0
76
2
0
75
1
0
75
1
0
75
1
0
75
1
0
75
1
0
75
1
0
75
1
0
75
1
0
74
0
0
74
0
0
74
0
0
74
0
0
75
1
0
75
1
0
76
2
0
76
2
0
76
2
0
76
1
2
76
0
4
76
0
4
76
0
4
76
0
4
76
0
4
76
0
4
76
0
4
76
0
4
76
0
4
76
0
4
76
0
4
76
0
4
76
0
4
76
0
4
76
0
4
76
0
4
76
0
4
76
0
4
76
0
4
76
0
4
76
0
4
76
0
4
76
0
4
76
0
4
76
0
4
76
0
4
76
0
4
76
0
4
76
0
4
76
0
4
76
0
4
76
0
4
76
0
4
76
0
4
76
0
4
76
0
4
76
0
4
8
9
166
6
6
166
9
4
168
11
3
172
15
4
174
19
5
172
21
7
165
21
10
154
24
16
139
15
12
116
7
8
93
6
9
82
9
14
80
11
15
81
7
10
80
5
5
83
7
5
92
6
4
92
3
15
67
1
14
62
0
10
67
1
8
78
6
9
93
13
12
109
18
13
122
19
9
129
19
7
131
23
8
137
25
9
140
26
10
141
30
13
146
36
18
154
41
23
161
40
20
162
33
11
157
25
3
151
21
10
130
19
16
116
22
19
118
29
24
123
18
9
108
13
7
102
19
7
101
17
4
93
26
9
95
28
8
88
25
4
77
28
4
70
28
4
61
30
5
52
30
5
45
30
4
38
31
5
33
31
6
30
34
4
29
39
1
31
40
3
34
37
4
37
33
3
37
25
2
38
24
4
42
38
22
60
112
101
133
161
154
182
63
58
90
24
21
49
80
78
100
137
136
150
117
116
125
48
45
49
27
23
22
50
46
42
53
48
43
48
34
40
41
24
29
36
14
19
36
9
13
44
9
13
53
11
14
56
8
11
57
2
5
59
0
1
67
0
3
70
1
4
72
1
6
72
2
8
72
2
8
71
2
9
69
2
9
68
1
11
67
2
11
39
5
4
35
2
9
32
0
19
30
1
35
27
2
56
25
3
81
24
6
108
21
9
134
19
12
157
12
9
165
9
8
167
11
9
161
20
14
154
32
22
141
37
21
117
29
6
79
24
0
49
33
0
43
62
3
18
69
2
8
68
1
6
68
0
4
70
0
2
73
0
2
76
2
2
76
2
0
76
2
0
81
8
6
77
6
5
70
2
1
69
3
2
67
5
5
57
0
0
56
1
3
58
5
8
55
5
7
46
14
17
46
27
31
53
32
35
50
27
29
47
19
20
58
24
24
55
17
15
55
11
9
60
11
9
64
11
7
67
9
4
70
7
3
73
6
3
75
5
2
77
3
1
77
3
1
78
2
1
78
1
2
78
0
3
76
0
4
76
0
4
76
0
4
76
0
4
76
0
4
76
0
4
76
0
4
76
0
4
76
0
4
76
0
4
76
0
4
76
0
4
76
0
4
76
0
4
76
0
4
76
0
4
76
0
4
76
1
3
78
7
0
75
4
0
74
2
2
72
0
5
73
0
7
75
0
10
76
0
10
75
0
7
75
0
6
77
6
11
69
5
13
60
3
22
52
2
39
41
0
63
42
8
102
50
20
146
38
10
163
29
4
173
22
3
192
17
1
178
28
9
169
35
15
151
42
19
128
44
17
99
32
0
55
38
0
35
47
0
17
56
0
10
63
1
5
69
1
3
74
2
3
77
2
2
76
1
0
76
1
0
78
4
0
80
6
0
76
2
1
75
1
1
75
1
1
75
1
1
75
1
1
75
1
1
75
1
1
75
1
1
75
1
1
74
0
0
74
0
0
74
0
0
74
0
0
75
1
1
75
1
1
76
2
2
76
2
2
76
2
2
76
1
3
76
0
4
76
0
4
76
0
4
76
0
4
76
0
4
76
0
4
76
0
4
76
0
4
76
0
4
76
0
4
76
0
4
76
0
4
76
0
4
76
0
4
76
0
4
76
0
4
76
0
4
76
0
4
76
0
4
76
0
4
76
0
4
76
0
4
76
0
4
76
0
4
76
0
4
76
0
4
76
0
4
76
0
4
76
0
4
76
0
4
76
0
4
76
0
4
76
0
4
76
0
4
76
0
4
76
0
4
76
0
4
9
8
171
7
4
172
9
4
175
13
4
179
17
4
182
20
5
181
22
7
175
26
12
167
32
21
156
34
26
143
18
16
114
6
7
90
1
2
75
0
1
67
0
0
65
0
0
71
7
6
80
4
2
78
1
12
49
2
17
50
10
23
67
23
31
89
36
39
113
45
41
132
46
36
143
42
26
144
36
19
143
41
21
147
42
21
146
40
20
142
39
19
138
42
21
138
45
23
137
42
20
134
36
13
125
29
6
117
29
15
99
17
13
73
6
2
60
19
8
72
29
17
81
17
1
65
18
0
62
20
0
57
21
0
52
26
0
50
32
0
49
34
0
43
35
0
36
36
0
30
38
0
23
41
2
21
43
4
18
45
5
18
52
7
19
60
7
21
57
6
20
58
12
29
65
23
41
53
19
37
31
5
22
22
2
20
65
49
68
97
86
104
25
19
34
2
2
10
5
5
11
32
33
32
18
19
14
44
44
33
69
69
54
74
73
56
78
75
59
83
71
69
68
55
54
57
36
35
39
11
10
38
2
2
50
6
6
62
9
9
66
5
5
70
2
3
74
0
2
78
0
4
79
0
5
80
1
7
80
1
8
80
1
8
78
0
9
77
1
9
77
0
11
51
7
0
47
7
3
44
6
9
38
3
15
30
1
27
25
1
46
24
4
72
26
13
103
29
18
137
21
13
149
19
11
158
20
10
158
26
16
154
36
23
143
39
21
119
26
6
77
19
0
43
25
0
35
62
5
17
72
5
11
71
3
7
71
2
4
71
1
2
74
1
3
77
3
3
77
2
0
76
1
0
77
2
0
77
3
1
77
4
3
76
5
6
75
8
8
70
7
7
79
17
19
74
13
17
61
4
6
48
5
9
38
5
10
37
3
6
52
13
17
71
29
32
63
17
19
59
8
8
71
16
15
71
13
11
69
7
4
71
6
2
74
5
2
77
3
1
78
3
1
79
3
1
79
1
2
79
1
2
80
1
2
79
1
3
76
0
4
76
0
4
76
0
4
76
0
4
76
0
4
76
0
4
76
0
4
76
0
4
76
0
4
76
0
4
76
0
4
76
0
4
76
0
4
76
0
4
76
0
4
76
0
4
76
0
4
76
1
3
79
5
1
77
3
1
74
1
3
74
0
4
73
0
6
73
0
8
73
0
8
73
0
8
72
0
6
75
8
13
68
5
16
59
4
28
50
1
45
40
0
68
41
9
107
52
21
152
38
10
166
27
0
174
22
0
196
22
0
185
32
9
175
35
12
152
38
13
126
41
13
97
33
0
57
39
1
37
43
0
15
53
1
7
62
2
4
71
4
4
79
7
6
82
8
6
80
5
3
77
2
0
79
2
0
82
5
2
77
2
1
75
1
1
75
1
1
75
1
1
75
1
1
75
1
1
75
1
1
75
1
1
75
1
1
74
0
0
74
0
0
74
0
0
74
0
0
75
1
1
75
1
1
76
2
2
76
2
2
76
2
2
76
1
3
76
0
4
76
0
4
76
0
4
76
0
4
76
0
4
76
0
4
76
0
4
76
0
4
76
0
4
76
0
4
76
0
4
76
0
4
76
0
4
76
0
4
76
0
4
76
0
4
76
0
4
76
0
4
76
0
4
76
0
4
76
0
4
76
0
4
76
0
4
76
0
4
76
0
4
76
0
4
76
0
4
76
0
4
76
0
4
76
0
4
76
0
4
76
0
4
76
0
4
76
0
4
76
0
4
76
0
4
76
0
4
9
6
173
8
3
172
10
2
175
13
2
180
16
3
183
18
3
181
19
2
174
23
6
169
31
15
161
31
21
147
28
20
129
26
21
114
23
20
100
15
14
85
7
6
72
8
7
71
16
15
77
14
13
76
5
9
47
8
12
48
18
18
64
30
26
84
39
30
101
43
28
111
40
21
114
35
13
110
31
8
106
31
7
102
30
6
94
28
4
85
26
4
77
27
5
73
30
7
71
31
7
68
27
4
63
23
1
59
14
1
39
46
35
63
75
60
91
38
22
51
20
0
32
36
9
43
28
1
32
36
2
35
43
4
37
47
4
35
50
3
32
52
3
29
53
3
24
55
3
19
58
3
16
59
4
13
60
5
12
61
6
11
69
9
12
75
10
11
64
3
5
62
5
9
57
8
12
49
9
14
41
10
15
39
16
21
34
18
23
25
17
20
23
20
20
27
30
26
20
26
18
16
24
11
19
26
12
55
62
43
80
87
63
84
90
63
84
90
65
72
72
60
76
70
60
74
61
53
44
24
16
36
5
2
49
8
6
64
14
10
69
9
8
74
5
6
76
0
2
81
0
3
83
0
5
85
0
7
85
0
8
84
0
8
83
0
9
81
0
9
81
0
9
63
7
3
62
9
5
60
11
6
54
11
9
47
9
14
39
7
25
32
6
42
28
8
67
24
8
95
28
12
124
27
11
138
28
13
144
35
20
144
44
29
137
44
28
112
29
12
70
19
2
35
24
6
25
65
10
17
76
9
12
74
6
9
73
4
6
74
3
4
75
3
3
77
3
2
77
2
0
76
1
0
77
1
0
81
5
4
83
8
7
79
5
5
74
1
2
74
3
4
70
1
3
66
1
1
67
1
4
61
3
9
54
4
10
54
3
9
57
5
8
63
7
11
57
2
2
63
2
3
67
2
2
72
3
3
74
3
2
76
2
0
78
2
0
79
2
0
80
2
0
81
1
2
81
1
2
81
1
2
81
1
2
79
0
3
76
0
4
76
0
4
76
0
4
76
0
4
76
0
4
76
0
4
76
0
4
76
0
4
76
0
4
76
0
4
76
0
4
76
0
4
76
0
4
76
0
4
76
0
4
76
0
4
76
0
4
77
0
4
80
2
4
78
1
4
77
1
5
75
1
5
73
1
6
71
0
6
70
1
5
69
1
4
68
2
3
66
3
5
63
4
12
56
3
23
48
1
39
37
0
60
41
10
98
54
24
144
43
16
159
32
8
165
29
6
185
30
6
175
40
15
166
36
11
138
31
4
105
34
5
78
31
0
47
41
3
32
48
2
14
58
5
9
67
8
7
77
11
8
86
15
12
90
16
14
87
11
9
81
4
2
79
3
0
84
7
4
77
2
2
75
1
1
75
1
1
75
1
1
75
1
1
75
1
1
75
1
1
75
1
1
75
1
1
74
0
0
74
0
0
74
0
0
74
0
0
75
1
1
75
1
1
76
2
2
76
2
2
76
2
2
76
1
3
76
0
4
76
0
4
76
0
4
76
0
4
76
0
4
76
0
4
76
0
4
76
0
4
76
0
4
76
0
4
76
0
4
76
0
4
76
0
4
76
0
4
76
0
4
76
0
4
76
0
4
76
0
4
76
0
4
76
0
4
76
0
4
76
0
4
76
0
4
76
0
4
76
0
4
76
0
4
76
0
4
76
0
4
76
0
4
76
0
4
76
0
4
76
0
4
76
0
4
76
0
4
76
0
4
76
0
4
76
0
4
12
8
161
10
6
160
8
2
159
11
2
164
16
4
168
16
3
165
13
0
156
17
2
152
24
12
147
24
14
133
23
16
119
25
20
107
24
22
94
17
16
78
7
7
62
3
3
52
4
4
47
1
2
45
5
0
36
12
1
41
15
2
47
20
4
55
27
6
65
29
5
69
28
2
68
27
0
63
32
4
63
33
4
56
36
9
52
37
11
45
32
7
34
30
5
27
39
13
34
33
6
26
27
1
19
29
4
22
32
8
23
105
81
95
170
144
158
105
76
91
31
0
14
45
9
25
46
5
22
48
2
20
57
6
25
62
6
24
62
2
19
65
3
18
66
3
17
68
3
14
70
4
13
72
4
11
72
4
9
73
4
8
75
5
6
79
8
5
80
13
10
68
8
6
56
5
3
52
11
10
35
4
3
35
13
12
50
38
35
64
60
56
69
72
65
69
78
68
72
84
69
56
71
52
63
77
55
61
75
50
59
73
44
62
75
44
63
75
45
56
66
47
71
76
58
79
77
61
46
34
21
34
11
3
44
10
3
57
12
5
63
7
4
69
3
2
75
1
3
80
0
3
83
0
5
84
0
5
84
0
6
83
0
7
81
0
8
81
0
8
80
0
8
67
2
7
68
5
7
66
8
5
62
9
4
56
9
5
48
8
12
39
5
23
31
1
39
20
0
61
30
7
94
30
8
112
32
12
120
40
21
124
47
29
118
47
30
96
35
19
60
25
10
25
26
11
11
67
12
13
78
10
12
76
7
8
74
4
5
74
3
3
75
2
2
76
2
1
77
3
1
79
3
1
81
4
1
80
3
1
78
1
0
78
2
1
80
4
5
84
8
10
77
3
5
74
2
4
75
3
6
67
1
7
62
1
8
63
1
8
63
0
4
68
1
6
73
4
7
77
7
8
74
2
3
82
6
7
83
5
6
80
0
0
81
0
0
81
0
0
83
0
2
83
0
2
83
0
2
82
0
3
81
0
3
79
0
3
76
0
4
76
0
4
76
0
4
76
0
4
76
0
4
76
0
4
76
0
4
76
0
4
76
0
4
76
0
4
76
0
4
76
0
4
76
0
4
76
0
4
76
0
4
76
0
4
76
0
4
77
0
4
81
0
7
80
0
8
78
0
8
76
1
7
72
1
5
70
1
4
69
2
3
68
3
2
67
4
1
62
2
0
62
6
7
57
6
17
48
3
30
39
1
48
41
9
80
52
24
120
47
23
140
41
19
147
41
17
164
45
20
159
49
24
147
38
12
115
27
0
79
28
1
56
33
2
36
47
7
28
55
7
14
61
7
8
73
12
10
83
16
13
86
16
13
89
15
14
92
17
15
78
3
2
78
3
1
85
9
7
78
3
3
75
1
2
75
1
2
75
1
2
75
1
2
75
1
2
75
1
2
75
1
2
75
1
2
75
0
1
75
0
1
75
0
1
75
0
1
75
1
2
75
1
2
76
1
2
76
2
2
76
2
2
76
1
3
76
0
4
76
0
4
76
0
4
76
0
4
76
0
4
76
0
4
76
0
4
76
0
4
76
0
4
76
0
4
76
0
4
76
0
4
76
0
4
76
0
4
76
0
4
76
0
4
76
0
4
76
0
4
76
0
4
76
0
4
76
0
4
76
0
4
76
0
4
76
0
4
76
0
4
76
0
4
76
0
4
76
0
4
76
0
4
76
0
4
76
0
4
76
0
4
76
0
4
76
0
4
76
0
4
76
0
4
76
0
4
13
12
133
19
17
139
23
19
144
27
21
149
28
20
150
24
16
144
17
9
133
16
8
126
20
14
120
21
15
109
18
16
95
13
12
77
6
7
59
3
6
46
5
9
40
7
13
36
7
11
28
1
5
20
25
10
37
25
6
36
21
1
32
36
11
44
60
29
67
63
30
66
61
27
59
59
25
48
64
28
45
67
31
41
81
45
47
90
55
51
89
54
47
89
55
48
105
70
65
73
38
37
44
8
10
44
6
12
43
7
11
59
25
28
78
42
46
65
26
30
44
1
6
53
5
13
62
8
16
60
3
12
73
10
21
77
11
22
75
5
16
77
5
15
78
4
14
78
3
12
78
3
10
78
2
9
78
2
7
77
2
6
78
3
4
79
8
4
79
12
8
65
4
1
60
10
7
45
5
2
33
5
2
47
30
26
67
61
55
74
76
68
70
79
69
62
78
64
58
77
59
58
79
58
58
80
55
57
78
51
58
78
48
61
80
49
60
80
49
44
66
43
62
77
56
71
79
58
36
33
16
28
14
1
36
10
1
49
10
2
60
8
4
68
6
5
73
2
4
78
2
4
80
0
5
81
0
5
81
0
5
79
1
5
78
1
6
77
1
6
76
1
6
71
0
14
73
3
12
72
5
8
68
7
4
64
7
2
59
8
6
53
8
16
45
5
28
34
0
44
31
0
63
28
0
76
30
4
86
36
11
89
40
18
81
41
20
65
39
19
41
33
14
13
29
12
1
68
10
9
78
9
10
76
6
7
74
3
4
74
2
1
75
1
0
76
2
1
79
4
1
82
6
3
81
4
1
80
3
0
79
2
0
79
2
0
78
1
1
78
1
2
76
0
3
76
0
3
76
0
3
73
0
6
70
0
8
70
0
7
71
0
6
74
0
5
76
0
4
77
0
3
79
1
2
81
0
2
82
0
1
82
0
0
82
0
0
83
0
1
83
0
2
82
0
2
82
0
3
81
0
3
81
0
4
79
0
4
76
0
4
76
0
4
76
0
4
76
0
4
76
0
4
76
0
4
76
0
4
76
0
4
76
0
4
76
0
4
76
0
4
76
0
4
76
0
4
76
0
4
76
0
4
76
0
4
76
0
4
77
0
5
82
0
12
81
0
12
78
0
10
75
1
8
72
1
5
69
2
3
68
3
1
68
4
0
68
6
0
65
4
0
68
12
6
64
13
13
52
7
19
42
2
31
39
5
53
43
13
80
45
19
103
42
19
114
44
20
125
53
27
128
54
26
115
42
14
86
32
2
56
33
1
37
43
5
28
56
12
24
59
8
10
70
14
13
73
11
9
80
13
11
86
16
15
88
16
15
87
13
12
83
8
8
90
15
13
83
8
6
77
3
4
76
1
3
76
1
3
76
1
3
76
1
3
76
1
3
76
1
3
76
1
3
76
1
3
76
1
3
76
1
3
76
1
3
76
1
3
76
1
3
76
1
3
76
1
3
76
1
3
76
1
3
76
0
3
76
0
4
76
0
4
76
0
4
76
0
4
76
0
4
76
0
4
76
0
4
76
0
4
76
0
4
76
0
4
76
0
4
76
0
4
76
0
4
76
0
4
76
0
4
76
0
4
76
0
4
76
0
4
76
0
4
76
0
4
76
0
4
76
0
4
76
0
4
76
0
4
76
0
4
76
0
4
76
0
4
76
0
4
76
0
4
76
0
4
76
0
4
76
0
4
76
0
4
76
0
4
76
0
4
76
0
4
76
0
4
14
16
95
9
11
90
16
18
98
15
15
96
12
10
89
10
8
84
7
6
82
6
4
77
25
28
92
18
21
77
15
20
64
9
11
44
3
7
31
21
29
41
71
81
83
132
143
137
167
177
166
166
173
162
149
131
138
80
58
67
44
19
28
68
37
47
107
72
81
100
60
65
103
60
59
121
76
67
121
75
59
125
78
55
130
83
56
128
82
54
125
79
53
129
83
63
133
87
73
94
48
45
60
13
17
58
10
19
55
8
12
53
8
7
54
8
7
53
4
5
60
6
8
74
16
18
68
5
8
66
1
4
81
10
16
86
10
18
82
5
13
84
5
12
84
3
11
84
2
11
84
2
10
82
2
9
81
2
9
81
2
8
80
3
7
78
6
5
78
11
10
67
6
6
59
11
8
49
12
9
40
16
12
52
41
34
68
68
59
69
77
67
55
72
59
50
72
56
49
74
56
51
77
55
51
77
53
52
77
50
55
78
50
60
83
53
60
83
54
38
67
43
55
79
55
63
80
58
29
34
15
21
14
0
31
10
0
44
9
2
56
8
4
64
6
5
69
3
4
75
1
5
77
1
5
78
1
5
78
1
5
77
1
5
75
1
5
74
2
4
72
2
4
75
0
19
76
2
17
75
3
12
73
4
6
71
5
4
68
7
7
66
9
14
60
7
22
49
1
32
41
0
42
35
0
49
33
0
53
33
2
52
35
5
46
38
9
34
42
13
19
42
16
4
44
17
0
72
10
7
79
7
9
78
6
7
77
5
5
76
4
4
77
3
1
77
4
2
79
5
1
80
6
2
79
4
1
79
3
0
80
2
0
79
2
0
79
2
0
78
1
2
77
1
2
77
0
3
77
0
3
75
0
5
73
0
7
74
0
6
76
0
6
77
0
4
78
0
3
80
0
3
81
0
2
82
0
2
83
0
2
83
0
1
83
0
1
83
0
2
81
0
2
81
0
3
80
0
4
80
0
4
79
0
4
77
0
5
76
0
4
76
0
4
76
0
4
76
0
4
76
0
4
76
0
4
76
0
4
76
0
4
76
0
4
76
0
4
76
0
4
76
0
4
76
0
4
76
0
4
76
0
4
76
0
4
76
0
4
77
0
5
83
0
14
82
0
13
78
0
11
74
0
8
70
1
5
68
2
3
68
3
1
69
5
1
69
7
0
70
9
0
75
15
5
71
15
7
58
8
8
46
2
13
40
1
26
40
5
45
38
7
60
34
6
66
35
5
71
42
11
73
45
13
67
44
10
52
43
6
36
46
5
25
53
8
18
59
9
12
61
6
5
69
8
6
89
24
24
130
61
62
176
108
109
165
98
99
77
4
5
92
19
19
89
17
14
74
3
2
75
1
2
76
1
3
76
1
3
76
1
3
76
1
3
76
1
3
76
1
3
76
1
3
76
1
3
76
1
3
76
1
3
76
1
3
76
1
3
76
1
3
76
1
3
76
1
3
76
1
3
76
1
3
76
0
3
76
0
4
76
0
4
76
0
4
76
0
4
76
0
4
76
0
4
76
0
4
76
0
4
76
0
4
76
0
4
76
0
4
76
0
4
76
0
4
76
0
4
76
0
4
76
0
4
76
0
4
76
0
4
76
0
4
76
0
4
76
0
4
76
0
4
76
0
4
76
0
4
76
0
4
76
0
4
76
0
4
76
0
4
76
0
4
76
0
4
76
0
4
76
0
4
76
0
4
76
0
4
76
0
4
76
0
4
76
0
4
30
35
74
4
6
39
9
13
49
15
21
58
16
22
57
12
19
52
7
15
46
9
18
46
71
79
104
90
99
119
94
103
118
96
105
111
107
117
115
140
151
141
193
203
186
239
245
227
246
255
229
224
236
202
202
189
172
99
77
65
46
20
8
79
48
35
130
93
77
117
73
54
123
73
50
147
92
64
150
91
58
153
93
56
149
89
51
140
80
45
133
75
46
136
79
59
120
64
57
87
32
38
61
6
22
64
10
31
66
12
21
64
10
9
64
9
8
66
10
9
71
10
10
79
12
13
78
7
9
79
5
8
82
4
8
85
5
9
87
5
10
88
5
10
88
5
10
86
4
9
86
4
9
84
4
10
82
3
10
81
3
10
78
2
7
74
2
4
72
7
8
65
6
7
51
5
3
40
7
4
33
12
7
42
34
27
56
59
51
60
73
62
52
72
59
48
73
57
48
75
57
49
77
55
49
75
52
48
73
47
51
75
46
57
79
50
57
82
53
38
73
47
54
83
58
63
82
61
28
36
18
21
15
2
30
10
1
42
8
2
53
6
4
62
4
5
68
2
4
74
0
4
76
1
5
77
1
5
76
1
4
74
1
3
72
2
3
70
2
3
68
3
2
72
0
16
75
0
15
76
0
12
76
1
8
76
2
6
76
4
8
76
6
13
72
6
18
63
3
21
54
1
26
48
0
29
43
0
28
41
0
26
42
1
22
45
5
16
51
9
8
56
14
3
59
18
1
73
8
5
78
4
6
79
5
6
79
5
5
78
5
4
78
4
2
78
4
2
77
4
0
78
4
0
78
4
0
78
4
0
78
3
0
77
2
0
77
2
0
77
1
2
77
1
2
77
0
3
77
0
3
75
0
5
74
0
6
74
0
6
76
0
6
77
0
4
79
0
3
79
0
3
80
1
2
81
1
2
82
0
2
82
0
2
81
1
2
81
1
2
79
0
3
78
0
4
77
0
4
77
0
5
77
0
6
77
0
6
77
1
5
77
1
5
77
1
5
77
1
5
77
1
5
77
1
5
77
1
5
77
1
5
76
1
4
76
0
4
76
0
4
76
0
4
76
0
4
76
0
4
76
0
4
76
0
4
76
0
4
77
0
5
82
0
13
80
0
12
77
1
10
73
1
7
69
2
5
68
2
3
68
2
2
69
4
1
71
5
1
73
7
0
78
12
3
75
13
3
66
8
2
57
4
4
49
3
11
46
4
22
42
4
31
38
2
36
37
0
33
39
1
32
43
2
29
49
6
26
56
9
22
60
10
16
63
10
11
63
5
4
66
3
2
86
19
20
91
21
23
109
37
40
126
54
57
113
41
45
72
1
4
74
4
5
80
13
10
72
4
2
75
1
2
76
1
3
76
1
3
76
1
3
76
1
3
76
1
3
76
1
3
76
1
3
76
1
3
76
1
3
76
1
3
76
1
3
76
1
3
76
1
3
76
1
3
76
1
3
76
1
3
76
1
3
76
0
3
76
0
4
76
0
4
76
0
4
76
0
4
76
0
4
76
0
4
76
0
4
76
0
4
76
0
4
76
0
4
76
0
4
76
0
4
76
0
4
76
0
4
76
0
4
76
0
4
76
0
4
76
0
4
76
0
4
76
0
4
76
0
4
76
0
4
76
0
4
76
0
4
76
0
4
76
0
4
76
0
4
76
0
4
76
0
4
76
0
4
76
0
4
76
0
4
76
0
4
76
0
4
76
0
4
76
0
4
76
0
4
100
101
116
51
53
65
49
53
63
55
61
70
61
69
75
70
79
84
86
95
98
106
118
119
185
197
198
228
239
238
235
245
242
234
243
237
232
241
231
233
243
227
239
248
226
245
254
227
248
255
224
249
254
221
169
158
129
70
53
36
35
12
0
75
43
27
133
93
69
139
88
64
150
88
64
147
79
52
154
82
53
160
86
54
159
86
55
155
84
56
155
86
65
154
90
76
111
50
48
76
19
28
50
2
15
51
1
24
59
3
13
64
4
4
68
6
6
73
8
8
69
1
2
71
0
0
81
5
6
89
10
11
86
4
6
82
0
2
83
0
2
83
0
2
83
0
3
81
0
3
78
0
2
77
0
3
76
0
3
74
0
3
72
0
2
69
1
2
69
4
6
65
8
9
46
2
1
30
0
0
20
2
0
27
22
15
46
52
41
60
74
62
57
78
63
52
78
60
50
78
58
51
80
55
51
77
51
50
73
46
52
74
43
58
77
46
57
79
49
34
68
44
50
79
56
60
80
60
26
33
17
19
13
1
29
8
1
42
7
3
54
5
5
62
3
7
70
0
6
74
0
6
76
0
4
77
0
4
76
1
3
74
1
2
71
1
1
70
3
2
68
3
2
66
0
7
69
0
9
74
0
8
76
0
7
79
0
7
81
2
9
81
4
11
78
4
12
71
2
12
64
0
11
59
1
11
55
0
10
52
0
8
52
0
6
54
1
3
59
3
2
64
6
1
69
8
2
74
3
3
76
2
2
76
2
2
77
3
3
77
3
2
77
3
1
76
2
0
76
3
0
76
3
0
77
4
0
77
4
0
77
3
0
76
2
0
76
2
0
76
2
2
76
2
2
76
2
2
76
1
3
74
0
5
72
0
6
72
0
5
74
0
4
76
0
4
77
0
3
79
1
2
79
1
2
80
1
2
81
1
2
80
1
2
79
1
2
79
0
3
77
0
3
77
1
5
75
1
6
75
1
7
75
1
7
76
1
6
77
1
5
77
1
5
77
1
5
77
1
5
77
1
5
77
1
5
77
1
5
77
1
5
77
1
5
76
0
4
76
0
4
76
0
4
76
0
4
76
0
4
76
0
4
76
0
4
76
0
4
77
0
5
80
0
10
77
0
8
75
1
7
71
1
5
69
2
4
68
2
4
68
2
4
70
1
4
74
1
3
75
1
1
79
5
1
79
7
0
74
5
0
68
4
1
63
4
5
59
4
11
56
4
17
51
3
19
54
2
16
51
0
12
52
0
9
60
5
10
66
8
11
68
8
8
70
6
5
68
1
0
73
0
2
74
1
4
79
3
9
75
3
7
78
7
11
81
10
14
70
3
4
83
17
18
64
1
0
68
5
2
74
1
3
76
0
4
76
0
4
76
0
4
76
0
4
76
0
4
76
0
4
76
0
4
76
0
4
76
0
4
76
0
4
76
0
4
76
0
4
76
0
4
76
0
4
76
0
4
76
0
4
76
0
4
76
0
4
76
0
4
76
0
4
76
0
4
76
0
4
76
0
4
76
0
4
76
0
4
76
0
4
76
0
4
76
0
4
76
0
4
76
0
4
76
0
4
76
0
4
76
0
4
76
0
4
76
0
4
76
0
4
76
0
4
76
0
4
76
0
4
76
0
4
76
0
4
76
0
4
76
0
4
76
0
4
76
0
4
76
0
4
76
0
4
76
0
4
76
0
4
76
0
4
76
0
4
76
0
4
76
0
4
76
0
4
76
0
4
233
225
237
225
219
229
237
234
239
242
241
243
241
243
241
241
246
241
243
249
242
234
241
235
245
251
247
242
247
246
244
248
249
247
249
251
251
251
252
254
252
251
253
253
246
250
250
240
250
249
236
255
253
238
198
191
163
97
84
55
53
31
6
84
50
31
133
86
71
135
75
64
156
83
75
154
71
63
165
76
67
168
78
66
166
78
64
159
77
63
154
78
66
142
75
66
72
14
11
54
5
7
45
2
9
50
10
22
64
9
15
69
4
4
67
1
1
69
0
1
71
1
1
75
1
1
78
0
0
82
2
1
83
1
1
83
1
0
83
1
0
82
1
0
80
1
0
78
1
1
75
2
1
73
2
1
71
1
1
69
1
1
70
1
3
72
3
5
69
4
6
69
12
13
56
12
11
36
4
2
23
4
0
26
19
11
47
52
40
67
81
66
59
79
61
52
77
56
50
75
51
53
78
51
57
79
50
59
78
48
62
78
46
65
79
46
61
77
46
29
59
38
47
71
52
57
72
56
24
27
15
18
7
1
29
3
0
44
4
3
57
4
7
68
2
8
73
0
7
77
0
7
79
0
6
79
0
5
78
0
3
75
0
1
73
1
1
71
2
0
70
3
0
62
3
0
67
3
2
71
2
4
75
1
5
79
0
7
84
0
9
86
0
10
85
1
9
79
1
4
76
4
3
72
6
1
69
6
1
67
5
0
66
3
0
67
1
1
71
0
3
76
0
8
79
0
11
77
0
4
76
0
1
76
0
1
76
0
1
75
1
1
75
1
0
75
1
0
73
2
0
73
2
0
74
3
0
73
3
0
73
3
0
73
3
0
73
3
0
73
2
2
74
2
2
75
3
3
75
2
4
72
1
5
70
0
6
70
0
5
72
1
4
74
0
4
75
1
3
76
2
2
77
1
2
77
1
2
77
2
2
78
2
3
78
2
3
77
1
4
76
1
5
75
1
5
73
1
7
72
1
7
71
1
8
73
1
7
78
2
6
78
2
6
78
2
6
78
2
6
78
2
6
78
2
6
78
2
6
78
2
6
77
1
5
76
0
4
76
0
4
76
0
4
76
0
4
76
0
4
76
0
4
76
0
4
76
0
4
76
0
4
76
1
3
75
1
3
72
1
3
69
2
3
68
2
4
68
1
5
69
0
7
72
0
8
77
0
8
80
0
7
84
0
6
85
1
4
82
1
2
79
1
1
74
1
3
69
1
4
65
1
7
61
0
8
70
3
12
68
1
8
68
0
5
71
2
4
74
3
4
76
3
3
78
2
3
78
1
2
79
1
6
86
8
14
80
3
11
77
0
9
78
2
12
75
4
11
67
1
4
69
6
5
69
8
4
65
5
1
73
1
3
76
0
4
76
0
4
76
0
4
76
0
4
76
0
4
76
0
4
76
0
4
76
0
4
76
0
4
76
0
4
76
0
4
76
0
4
76
0
4
76
0
4
76
0
4
76
0
4
76
0
4
76
0
4
76
0
4
76
0
4
76
0
4
76
0
4
76
0
4
76
0
4
76
0
4
76
0
4
76
0
4
76
0
4
76
0
4
76
0
4
76
0
4
76
0
4
76
0
4
76
0
4
76
0
4
76
0
4
76
0
4
76
0
4
76
0
4
76
0
4
76
0
4
76
0
4
76
0
4
76
0
4
76
0
4
76
0
4
76
0
4
76
0
4
76
0
4
76
0
4
76
0
4
76
0
4
76
0
4
76
0
4
76
0
4
254
239
255
254
242
255
254
244
253
251
245
249
246
242
243
240
238
237
239
239
236
242
245
242
244
244
246
244
245
251
246
243
253
247
242
252
249
242
253
252
244
254
254
246
255
254
246
255
255
246
252
255
246
250
216
209
192
98
86
65
47
24
9
87
51
43
141
90
89
135
69
74
163
81
92
161
69
79
159
60
69
163
64
68
163
69
68
160
73
68
158
81
73
147
80
71
65
12
6
54
11
6
44
10
6
45
14
13
60
10
10
72
5
7
72
3
4
70
0
1
74
2
2
81
4
4
84
5
3
82
2
1
83
1
0
84
2
0
84
2
0
83
3
0
80
3
0
77
3
0
74
4
1
71
4
1
69
4
1
67
4
2
71
4
4
74
3
6
64
1
1
65
7
8
61
16
15
41
8
5
24
5
1
19
13
4
39
43
30
65
78
61
63
83
62
54
77
53
49
73
46
54
76
46
61
79
48
64
80
48
66
79
45
68
77
43
63
75
42
36
63
44
54
75
57
64
75
61
29
28
18
22
8
2
33
3
1
46
2
4
59
1
7
68
1
7
76
0
7
80
0
8
82
0
7
82
0
5
80
0
3
76
0
1
74
0
0
73
2
0
72
4
0
63
8
0
68
8
0
72
5
2
75
2
4
80
0
6
86
0
9
89
0
12
88
1
9
83
0
1
83
6
1
80
9
0
78
10
0
76
8
0
75
5
0
77
2
1
80
0
8
86
0
16
90
0
22
80
0
6
77
0
1
77
0
1
76
0
1
76
0
1
75
1
0
76
2
0
74
3
0
74
4
0
73
3
0
73
3
0
72
3
0
72
3
0
72
3
0
72
2
2
74
3
3
74
3
3
74
3
3
71
2
5
68
1
6
69
0
5
70
1
4
71
1
4
73
1
3
75
1
3
76
2
2
76
2
2
76
2
2
77
3
3
77
2
3
76
2
4
74
1
5
73
1
7
71
1
7
70
1
8
70
1
8
72
1
7
78
2
6
78
2
6
78
2
6
78
2
6
78
2
6
78
2
6
78
2
6
78
2
6
77
1
5
76
0
4
76
0
4
76
0
4
76
0
4
76
0
4
76
0
4
76
0
4
76
0
4
76
0
3
76
2
1
74
2
1
71
2
1
68
2
2
67
2
3
67
1
6
70
0
9
74
0
12
79
0
14
86
0
15
88
0
12
90
0
9
89
0
7
86
0
5
82
1
5
77
0
5
73
0
6
69
0
7
76
1
6
77
1
7
79
2
7
79
1
4
79
0
2
81
1
2
83
1
3
85
2
6
85
1
9
82
1
9
82
2
13
79
1
12
80
6
16
81
10
18
70
5
8
71
8
8
64
6
1
67
10
4
74
2
4
76
0
4
76
0
4
76
0
4
76
0
4
76
0
4
76
0
4
76
0
4
76
0
4
76
0
4
76
0
4
76
0
4
76
0
4
76
0
4
76
0
4
76
0
4
76
0
4
76
0
4
76
0
4
76
0
4
76
0
4
76
0
4
76
0
4
76
0
4
76
0
4
76
0
4
76
0
4
76
0
4
76
0
4
76
0
4
76
0
4
76
0
4
76
0
4
76
0
4
76
0
4
76
0
4
76
0
4
76
0
4
76
0
4
76
0
4
76
0
4
76
0
4
76
0
4
76
0
4
76
0
4
76
0
4
76
0
4
76
0
4
76
0
4
76
0
4
76
0
4
76
0
4
76
0
4
76
0
4
76
0
4
76
0
4
241
235
239
247
242
245
248
243
244
248
247
244
251
251
246
251
251
245
246
247
241
246
248
242
251
253
249
248
248
248
246
246
245
250
248
248
250
247
247
249
246
246
252
248
249
250
246
248
248
245
245
252
250
248
228
222
214
97
84
76
38
15
9
82
46
43
141
88
89
128
62
65
155
79
84
163
83
86
149
71
71
148
75
72
146
80
74
138
79
71
119
66
57
86
37
30
49
3
0
52
5
1
54
5
3
62
10
10
66
7
5
70
4
1
72
4
2
71
2
0
73
1
0
76
2
1
80
4
3
79
2
1
80
2
1
80
1
2
79
1
2
78
1
2
75
1
2
73
1
2
71
2
1
70
2
1
68
2
1
66
2
1
68
3
3
69
4
5
63
2
2
63
6
6
62
14
14
49
9
9
35
5
3
31
10
7
48
35
31
71
67
59
75
78
67
63
71
58
56
70
50
61
78
54
58
76
49
60
80
49
57
78
44
54
75
39
57
78
46
42
66
50
57
76
61
65
75
62
28
28
18
22
8
2
32
4
1
45
3
2
58
3
4
67
3
4
75
1
4
81
1
5
84
1
5
86
0
4
85
0
3
83
0
2
82
0
1
81
1
1
80
2
1
75
5
1
76
5
1
76
3
3
77
1
6
78
0
8
80
0
11
82
0
12
84
0
11
85
1
8
85
2
5
85
4
3
85
5
2
83
4
1
80
3
0
78
2
1
77
1
6
77
2
10
77
2
13
77
2
4
77
2
1
77
2
1
76
1
1
76
1
1
75
1
0
76
2
0
75
2
1
74
3
1
74
3
1
74
2
1
74
2
2
74
2
2
74
2
2
74
1
3
75
1
3
75
1
3
75
1
3
73
1
4
72
0
5
73
0
4
73
0
4
73
0
4
73
1
3
74
1
3
74
1
3
75
1
3
75
1
3
75
1
4
75
1
4
75
1
4
75
1
5
76
1
6
75
1
6
75
1
7
75
1
7
80
2
6
87
4
4
80
2
5
68
1
7
61
1
11
60
2
13
63
3
12
70
4
9
78
5
6
83
5
3
86
4
2
83
2
3
77
1
4
71
0
6
67
0
7
65
1
6
66
2
4
68
4
2
71
4
2
76
1
2
75
1
2
73
1
2
72
1
2
72
1
3
72
0
5
74
0
7
75
0
9
78
0
11
81
0
11
82
0
9
83
0
9
83
0
8
82
0
8
81
0
7
79
0
7
77
0
7
75
0
7
76
0
5
78
0
6
79
1
7
79
1
5
78
0
4
79
0
4
80
0
5
81
1
7
80
0
8
80
1
9
80
2
11
78
1
10
76
0
8
75
1
8
75
4
9
70
0
3
70
2
3
71
4
4
77
1
12
77
0
11
76
1
6
75
3
3
76
6
2
76
6
2
73
3
2
73
0
5
74
0
9
74
0
10
73
0
9
74
1
6
75
3
3
75
4
2
76
3
3
76
0
5
77
0
11
79
0
17
77
0
11
74
0
5
74
0
5
76
0
4
76
0
3
76
0
3
76
0
4
74
0
5
72
0
7
70
0
8
69
0
10
69
0
10
70
0
10
71
0
8
74
0
5
78
0
3
81
1
2
84
2
2
82
1
2
76
0
4
76
0
4
76
0
4
76
0
4
76
0
4
76
0
4
76
0
4
76
0
4
76
0
4
76
0
4
76
0
4
76
0
4
76
0
4
76
0
4
76
0
4
76
0
4
76
0
4
76
0
4
76
0
4
235
238
228
244
248
238
246
250
240
246
249
240
248
251
242
250
253
244
249
253
243
246
250
240
250
253
244
250
252
243
249
252
243
251
254
245
252
253
245
251
253
244
250
253
244
245
249
239
248
251
242
249
252
242
230
226
223
107
95
93
38
16
14
78
41
40
150
98
96
140
78
74
142
76
68
147
81
72
141
82
71
134
85
71
121
82
68
107
74
60
84
51
40
49
13
6
57
14
11
66
10
11
72
7
11
81
8
15
76
7
7
72
5
0
73
4
0
72
4
0
73
2
0
72
0
0
74
0
0
75
0
1
75
0
3
75
0
2
75
0
2
74
0
3
73
0
2
72
0
2
71
1
2
69
1
2
69
1
2
68
1
2
66
2
1
64
4
2
62
3
3
59
2
3
59
7
9
56
9
12
45
4
8
41
7
11
50
23
26
64
45
46
70
59
56
63
59
54
65
71
59
63
76
59
54
72
50
56
80
52
52
80
48
45
76
42
50
81
50
40
64
50
55
73
60
61
72
60
25
26
16
19
8
1
30
5
0
43
5
0
56
6
2
66
4
2
74
2
2
80
1
2
84
0
2
86
0
3
88
0
3
88
0
3
87
0
2
86
0
2
86
0
2
85
1
1
83
1
2
80
0
3
77
0
6
75
0
7
72
0
7
73
0
8
76
0
8
80
1
8
83
1
6
86
1
4
87
1
2
86
1
1
82
1
0
78
1
2
73
1
3
69
2
3
66
2
3
74
3
1
76
3
0
76
2
0
75
2
0
75
1
0
75
1
0
75
1
0
75
1
1
75
1
1
75
2
2
76
1
3
76
1
3
76
1
3
76
1
3
76
0
4
76
0
4
76
0
4
76
0
4
76
0
4
76
0
4
76
0
4
76
0
4
76
0
4
74
0
4
74
0
4
74
0
4
74
0
4
74
0
4
74
0
4
75
0
4
76
0
4
77
1
5
78
1
5
79
2
6
79
2
6
79
2
6
85
3
4
91
4
1
79
3
5
62
2
12
47
2
18
43
1
19
48
2
16
60
3
10
75
5
4
87
6
0
94
6
0
90
3
1
79
0
4
68
0
8
61
0
9
59
2
8
60
4
3
63
6
0
68
6
0
76
0
4
76
0
4
76
0
4
76
0
4
76
0
4
76
0
4
76
0
4
76
0
6
76
0
6
76
0
6
76
0
6
77
0
7
77
0
7
77
0
7
77
0
8
77
0
8
77
0
8
77
0
8
76
0
6
76
0
6
76
0
6
76
0
6
76
0
6
76
0
6
76
0
6
76
0
6
76
0
6
76
0
6
76
0
6
76
0
6
76
0
6
76
0
6
76
0
6
76
0
6
76
0
6
76
0
6
80
0
19
78
0
17
75
1
8
75
5
2
76
10
0
75
11
0
71
5
0
70
0
6
72
0
14
73
0
16
72
0
12
72
2
6
74
5
1
76
8
0
77
7
1
77
1
5
79
0
15
82
0
25
77
0
16
72
0
5
74
0
5
77
1
4
77
0
3
77
0
3
76
1
3
73
0
5
70
0
9
67
0
11
65
0
13
63
1
15
65
0
15
68
0
11
73
0
7
79
1
3
86
1
1
91
3
0
88
3
1
76
0
4
76
0
4
76
0
4
76
0
4
76
0
4
76
0
4
76
0
4
76
0
4
76
0
4
76
0
4
76
0
4
76
0
4
76
0
4
76
0
4
76
0
4
76
0
4
76
0
4
76
0
4
76
0
4
244
247
237
248
251
242
251
253
245
250
253
244
248
251
242
248
251
242
251
254
245
249
252
243
239
242
233
234
237
228
239
242
233
246
249
240
248
251
242
242
245
236
231
234
225
229
232
223
252
255
246
252
254
246
242
239
237
166
156
155
81
61
59
69
35
33
122
75
72
136
79
74
139
75
69
138
76
66
135
78
67
126
78
65
97
57
43
71
36
22
57
23
13
45
8
3
62
17
14
66
9
10
69
3
8
73
2
7
72
3
3
72
5
0
72
4
0
72
3
0
73
2
0
72
0
0
74
0
0
75
1
1
76
0
2
76
0
2
76
0
2
75
0
2
74
0
2
73
0
2
73
1
1
71
1
1
71
1
1
69
1
1
67
2
1
65
3
2
64
3
2
59
0
0
57
3
3
59
9
12
50
7
11
40
4
8
36
7
10
36
16
17
38
26
23
44
40
35
69
75
64
57
69
53
53
72
50
53
78
51
48
78
48
43
76
43
43
75
44
39
64
50
53
73
60
60
72
60
25
27
16
18
8
1
28
6
0
42
6
1
55
5
2
64
4
2
72
2
2
79
1
2
82
0
2
84
0
2
85
0
2
86
0
2
84
0
2
84
0
2
84
0
2
87
3
1
85
3
2
80
3
1
75
3
1
71
3
1
68
3
3
68
3
3
69
4
2
72
3
2
77
4
1
81
2
1
83
2
0
83
1
0
82
1
1
80
0
3
76
0
4
76
0
6
72
0
7
75
2
2
75
2
0
75
2
0
75
1
0
75
1
0
75
1
0
75
1
0
75
1
1
75
1
1
76
2
2
76
1
2
76
1
3
76
1
3
76
1
3
76
0
4
76
0
4
76
0
4
76
0
4
76
0
4
76
0
4
76
0
4
76
0
4
76
0
4
76
0
4
74
0
4
74
0
4
74
0
4
75
0
4
76
0
4
76
0
4
76
0
4
77
1
5
77
1
5
78
2
6
79
2
6
79
2
6
81
2
4
82
3
1
72
5
5
59
5
15
43
4
21
39
1
21
42
0
15
54
1
8
70
2
3
85
4
0
93
5
0
92
3
0
81
0
3
73
0
9
67
0
10
65
1
9
66
3
5
69
3
1
73
3
1
76
0
4
76
0
4
76
0
4
76
0
4
76
0
4
76
0
4
76
0
4
76
0
4
76
0
6
76
0
6
76
0
6
77
0
7
77
0
7
77
0
7
77
0
8
77
0
8
77
0
8
77
0
8
76
0
6
76
0
6
76
0
6
76
0
6
76
0
6
76
0
6
76
0
6
76
0
6
76
0
6
76
0
6
76
0
6
76
0
6
76
0
6
76
0
6
76
0
6
76
0
6
76
0
6
76
0
6
78
0
16
77
0
14
75
1
7
76
5
2
76
8
0
75
9
0
73
4
1
72
0
7
74
0
13
74
0
14
74
0
11
73
2
5
75
5
1
77
8
0
79
7
0
77
3
3
78
0
11
81
0
19
77
0
13
73
0
5
74
0
4
76
1
3
77
1
2
79
1
2
77
0
3
74
0
4
71
0
7
68
0
10
65
0
13
64
0
14
65
0
15
68
0
11
73
0
6
79
1
3
85
2
1
90
3
0
87
2
1
76
0
4
76
0
4
76
0
4
76
0
4
76
0
4
76
0
4
76
0
4
76
0
4
76
0
4
76
0
4
76
0
4
76
0
4
76
0
4
76
0
4
76
0
4
76
0
4
76
0
4
76
0
4
76
0
4
252
254
248
251
253
247
254
254
250
253
254
248
247
249
243
246
248
242
251
253
247
245
247
241
214
216
210
109
111
105
115
117
111
193
195
189
245
247
241
253
254
249
250
252
246
243
245
239
255
255
251
250
252
246
252
253
249
231
227
223
137
123
121
67
39
36
87
46
42
125
73
69
138
78
72
132
73
64
129
74
63
127
79
67
87
46
34
51
14
3
43
8
0
45
6
2
64
16
14
66
8
9
73
4
10
77
2
9
74
3
4
71
4
1
71
3
0
71
2
0
72
0
0
74
0
0
74
0
0
75
0
1
76
0
1
76
0
1
76
0
1
76
0
1
76
0
1
75
1
1
75
1
1
73
2
0
71
2
0
71
2
0
69
1
0
67
1
1
68
4
3
61
0
0
56
0
0
59
8
10
55
8
11
42
3
6
30
0
2
21
0
0
16
4
3
31
24
19
78
82
71
64
76
60
62
81
60
49
75
51
40
70
43
40
71
42
40
73
46
38
63
49
51
74
60
59
72
60
24
27
17
17
9
1
27
7
0
41
6
0
52
5
1
61
3
1
70
3
2
77
1
2
80
1
2
82
0
2
83
0
2
83
0
2
83
0
2
83
0
2
81
1
2
87
3
0
85
4
0
79
4
0
71
3
0
65
5
0
62
8
1
63
12
2
64
13
3
65
10
1
66
5
0
70
3
0
74
2
0
78
1
1
82
1
3
84
0
5
83
0
8
84
0
12
82
0
12
76
1
3
75
1
0
75
1
0
75
1
0
75
1
0
75
1
0
75
1
1
75
1
1
75
1
1
75
1
2
76
1
3
76
1
3
76
1
3
76
0
4
76
0
4
76
0
4
76
0
4
76
0
4
76
0
4
76
0
4
76
0
4
76
0
4
76
0
4
76
0
4
76
0
4
76
0
4
76
0
4
76
0
4
76
0
4
76
0
4
76
0
4
77
1
5
77
1
5
78
2
6
78
2
6
78
2
6
78
4
5
75
6
4
62
5
10
46
3
18
34
1
25
31
0
25
37
0
20
51
1
14
69
3
7
85
5
1
93
5
0
94
3
0
85
0
4
79
0
10
74
1
13
73
1
12
75
1
8
78
1
4
80
1
2
76
0
4
76
0
4
76
0
4
76
0
4
76
0
4
76
0
4
76
0
4
76
0
4
76
0
4
76
0
6
76
0
6
76
0
6
77
0
7
77
0
7
77
0
7
77
0
7
77
0
8
77
0
8
76
0
6
76
0
6
76
0
6
76
0
6
76
0
6
76
0
6
76
0
6
76
0
6
76
0
6
76
0
6
76
0
6
76
0
6
76
0
6
76
0
6
76
0
6
76
0
6
76
0
6
76
0
6
77
0
13
76
0
11
75
1
6
75
4
2
76
7
0
77
8
0
75
4
1
75
0
7
76
0
13
77
0
14
76
1
10
75
2
4
76
5
0
79
8
0
79
8
0
77
4
0
77
2
4
78
0
10
75
1
8
73
1
4
75
0
3
77
1
2
79
2
0
81
1
0
79
1
2
77
1
3
73
0
5
70
0
8
67
0
10
66
0
12
67
1
13
69
0
11
73
0
7
78
0
4
84
1
1
89
2
0
86
1
1
76
0
4
76
0
4
76
0
4
76
0
4
76
0
4
76
0
4
76
0
4
76
0
4
76
0
4
76
0
4
76
0
4
76
0
4
76
0
4
76
0
4
76
0
4
76
0
4
76
0
4
76
0
4
76
0
4
249
250
247
249
250
246
252
253
249
250
251
248
247
248
244
248
249
245
252
253
249
241
242
238
206
207
204
47
48
45
20
21
17
158
159
156
241
242
238
242
243
239
249
249
246
243
244
241
246
248
244
251
252
249
246
251
247
245
246
242
175
166
162
95
74
70
86
53
47
134
88
83
135
83
76
125
71
62
139
87
77
117
69
58
75
32
22
50
10
1
50
9
1
53
9
4
67
17
15
67
6
7
74
5
10
79
4
11
75
3
6
72
3
3
72
1
2
71
1
1
72
0
0
74
0
0
75
0
0
76
0
1
77
0
1
79
1
0
79
2
0
79
2
0
77
2
0
77
2
0
76
2
0
76
2
0
75
3
0
75
3
0
74
2
0
75
3
1
78
8
6
71
5
3
64
1
1
63
7
7
59
8
10
49
6
8
40
4
6
32
5
5
22
3
2
26
16
12
74
74
65
73
81
69
71
87
72
55
78
59
42
70
47
42
72
49
48
78
56
36
62
48
50
74
60
58
73
61
24
28
17
17
10
2
27
7
0
39
7
0
49
5
1
58
3
0
67
3
2
73
2
2
77
1
2
79
1
2
80
1
2
79
1
2
78
1
2
78
1
2
78
1
2
81
2
0
80
4
2
71
4
1
60
2
1
52
3
2
48
7
6
46
11
11
44
12
11
42
5
5
46
3
3
53
2
4
60
1
3
68
0
3
75
0
5
81
0
8
85
0
10
88
0
13
90
1
14
78
1
3
75
1
0
75
1
0
75
1
0
75
1
0
75
1
1
75
1
1
75
1
1
75
1
1
75
1
2
76
1
3
76
1
3
76
1
3
76
0
4
76
0
4
76
0
4
76
0
4
76
0
4
76
0
4
76
0
4
76
0
4
76
0
4
76
0
4
76
0
4
76
0
4
76
0
4
76
0
4
76
0
4
76
0
4
76
0
4
76
0
4
77
1
5
76
1
5
77
2
6
77
2
6
77
2
6
72
4
9
60
7
14
44
2
16
29
0
25
22
2
37
25
4
41
32
3
35
46
3
25
64
4
15
80
5
7
90
4
1
93
3
0
88
1
5
83
0
11
81
1
14
80
0
14
83
0
11
87
0
7
87
0
4
76
1
3
76
1
3
76
1
3
76
0
3
76
0
4
76
0
4
76
0
4
76
0
4
76
0
4
76
0
5
76
0
6
76
0
6
76
0
6
77
0
7
77
0
7
77
0
7
77
0
7
77
0
8
76
0
6
76
0
6
76
0
6
76
0
6
76
0
6
76
0
6
76
0
6
76
0
6
76
0
6
76
0
6
76
0
6
76
0
6
76
0
6
76
0
6
76
0
6
76
0
6
76
0
6
76
0
6
74
1
9
73
1
7
73
1
4
74
3
1
75
5
0
75
4
1
75
2
2
75
0
7
78
0
12
79
1
12
78
1
9
77
2
4
77
5
0
77
7
0
77
8
0
75
6
0
74
3
2
74
2
3
72
1
4
72
0
4
74
0
3
77
1
1
81
1
0
83
2
0
82
2
0
80
1
1
77
0
3
73
0
5
70
0
8
68
0
11
68
0
11
69
0
11
74
0
8
78
0
4
82
0
1
86
1
0
84
1
1
76
0
4
76
0
4
76
0
4
76
0
4
76
0
4
76
0
4
76
0
4
76
0
4
76
0
4
76
0
4
76
0
4
76
0
4
76
0
4
76
0
4
76
0
4
76
0
4
76
0
4
76
0
4
76
0
4
244
244
243
247
248
247
249
250
249
248
249
247
248
248
247
249
250
249
250
250
249
241
241
240
225
225
224
76
76
75
17
18
17
159
160
159
246
247
246
241
242
241
245
246
245
243
244
243
248
248
247
252
252
251
239
247
242
246
251
246
210
205
201
121
106
101
50
24
20
90
51
46
122
76
70
122
72
65
124
76
67
88
42
32
58
14
7
52
8
3
57
12
6
55
7
4
69
15
14
68
4
6
71
0
5
75
1
7
75
2
6
72
2
4
72
1
2
72
0
1
73
0
0
74
0
0
76
0
1
78
1
0
79
2
0
79
2
0
79
2
0
79
2
0
79
2
0
78
2
0
77
3
0
76
3
0
76
3
0
76
3
0
75
2
0
76
2
1
80
6
3
73
4
1
66
1
0
64
4
4
59
3
4
50
2
3
45
4
6
40
7
8
29
5
4
22
8
4
45
41
34
52
56
47
56
68
56
56
75
60
49
73
55
44
71
51
47
75
55
36
62
48
51
72
59
59
73
61
25
28
18
18
11
2
27
8
0
39
7
0
48
5
1
57
3
0
66
3
2
71
2
2
74
2
2
76
2
2
76
1
2
76
1
2
75
1
2
74
2
2
74
2
2
74
3
1
72
5
6
62
4
9
49
1
11
39
1
16
33
5
25
33
10
34
29
9
35
24
0
26
30
0
23
37
0
20
47
0
16
58
0
13
68
0
11
77
0
11
84
0
11
89
0
11
92
1
11
79
1
3
75
1
0
75
1
0
75
1
0
75
1
1
75
1
1
75
1
1
75
1
1
75
0
2
76
1
3
76
1
3
76
0
3
76
0
4
76
0
4
76
0
4
76
0
4
76
0
5
76
0
5
76
0
4
76
0
4
76
0
4
76
0
4
76
0
4
77
0
4
77
0
4
77
0
4
77
0
4
77
0
4
77
0
4
76
0
4
76
0
4
77
1
5
75
1
5
75
2
6
75
2
6
75
2
6
65
3
14
44
3
29
34
3
36
27
9
52
28
18
70
28
18
71
30
10
56
39
4
38
56
3
23
74
4
12
84
2
3
88
2
2
86
2
6
83
1
12
81
1
14
81
0
14
85
0
11
90
0
8
91
0
5
76
1
3
76
1
3
76
1
3
76
1
3
76
1
3
76
1
3
76
0
4
76
0
4
76
0
4
76
0
4
76
0
5
76
0
6
76
0
6
76
0
6
76
0
7
76
0
7
76
0
7
76
0
7
76
0
6
76
0
6
76
0
6
76
0
6
76
0
6
76
0
6
76
0
6
76
0
6
76
0
6
76
0
6
76
0
6
76
0
6
76
0
6
76
0
6
76
0
6
76
0
6
76
0
6
76
0
6
73
1
5
72
1
4
72
2
3
73
2
2
75
3
2
76
3
2
76
1
3
77
0
6
79
0
10
79
1
10
77
1
8
75
2
4
74
4
2
73
5
1
72
6
0
71
4
1
68
3
1
67
3
2
68
2
4
70
0
6
73
1
4
77
1
2
80
2
0
84
3
0
84
3
0
83
2
0
80
1
1
76
0
3
72
0
6
69
0
9
68
0
11
70
0
10
74
0
8
77
0
4
80
1
2
84
1
0
82
1
1
76
0
4
76
0
4
76
0
4
76
0
4
76
0
4
76
0
4
76
0
4
76
0
4
76
0
4
76
0
4
76
0
4
76
0
4
76
0
4
76
0
4
76
0
4
76
0
4
76
0
4
76
0
4
76
0
4
243
243
244
251
251
251
252
251
252
249
249
250
248
248
249
248
247
249
243
243
244
240
239
240
248
247
248
98
97
99
26
25
27
154
154
155
248
247
248
252
252
253
250
250
251
249
248
249
254
254
254
244
243
244
240
249
244
240
248
242
228
228
221
142
132
126
27
6
2
43
11
7
77
38
32
74
29
24
71
25
20
63
16
10
58
11
4
62
15
9
65
17
12
55
4
3
69
11
10
69
3
5
71
0
3
78
3
8
77
3
7
73
1
4
73
1
3
73
0
2
74
0
1
75
0
1
76
1
0
78
2
0
79
2
0
79
2
0
79
2
0
79
2
0
79
2
0
78
2
0
77
3
0
76
3
0
75
3
0
75
3
0
76
2
0
79
3
1
81
5
2
76
2
1
72
2
2
71
5
6
63
3
3
54
1
1
50
4
5
48
9
10
38
8
8
24
4
1
19
9
6
26
24
16
37
42
32
62
74
62
67
84
70
53
74
58
47
69
53
40
61
47
55
71
59
63
72
61
29
28
18
21
11
2
29
8
0
40
7
1
49
5
1
57
3
0
65
4
2
69
3
2
72
2
2
74
2
2
74
2
2
72
2
2
71
2
2
69
2
2
69
2
2
63
2
3
62
4
12
52
3
22
39
1
31
29
0
44
26
4
61
27
12
77
23
11
79
17
3
69
16
0
55
25
0
46
36
0
37
48
0
27
59
1
19
69
1
13
78
1
8
85
2
6
88
2
4
78
1
2
75
1
1
75
1
1
75
1
1
75
1
1
75
1
1
75
0
1
75
0
2
75
0
2
76
0
3
76
0
4
76
0
4
76
0
4
76
0
4
76
0
5
76
0
5
76
0
6
76
0
6
76
0
5
76
0
4
76
0
4
76
0
4
77
0
4
77
0
4
78
0
4
78
0
3
78
0
3
78
0
3
78
0
3
77
0
3
76
0
4
76
1
5
74
1
5
74
3
6
73
3
6
73
3
6
58
2
20
33
2
49
35
11
66
41
30
95
48
45
117
42
38
109
34
19
82
35
6
54
49
2
34
68
4
21
77
1
8
83
1
5
82
2
8
80
2
12
78
1
13
79
0
13
83
0
10
89
0
7
90
0
5
76
1
2
76
1
2
76
1
2
76
1
3
76
1
3
76
1
3
76
1
3
76
1
3
76
1
3
76
0
4
76
0
4
76
0
5
76
0
5
76
0
5
76
0
6
76
0
6
76
0
6
76
0
6
76
0
6
76
0
6
76
0
6
76
0
6
76
0
6
76
0
6
76
0
6
76
0
6
76
0
6
76
0
6
76
0
6
76
0
6
76
0
6
76
0
6
76
0
6
76
0
6
76
0
6
76
0
6
73
2
2
72
2
2
72
2
2
74
1
3
75
1
4
76
1
4
76
0
4
77
0
5
78
1
7
77
1
8
75
1
8
72
1
7
69
1
6
67
2
6
64
3
5
62
2
6
59
3
5
58
3
5
62
2
7
66
0
8
70
0
6
74
1
3
79
2
2
84
3
0
85
3
0
84
3
0
82
2
0
78
1
2
74
0
4
71
0
7
70
1
9
71
1
9
74
0
8
76
0
5
79
0
3
82
0
2
81
0
2
76
0
4
76
0
4
76
0
4
76
0
4
76
0
4
76
0
4
76
0
4
76
0
4
76
0
4
76
0
4
76
0
4
76
0
4
76
0
4
76
0
4
76
0
4
76
0
4
76
0
4
76
0
4
76
0
4
251
250
252
253
252
254
253
252
254
252
251
253
253
252
253
252
251
253
249
248
250
245
244
246
247
246
248
157
156
158
47
46
48
140
140
141
231
230
232
246
246
247
247
246
248
250
249
252
249
248
250
246
245
247
242
252
246
242
251
244
242
244
236
171
165
157
50
34
28
29
3
0
47
12
6
43
2
0
52
7
2
54
7
1
63
14
9
66
16
12
59
7
4
56
1
1
68
7
7
70
2
4
75
3
6
77
2
6
76
1
5
75
1
5
76
1
4
76
1
3
77
1
3
77
1
2
79
2
1
80
3
1
80
3
1
80
3
0
79
3
0
79
3
0
78
3
0
77
3
1
75
3
0
75
2
1
74
2
2
73
3
3
77
3
2
82
3
2
80
3
2
77
1
2
76
2
2
73
3
4
68
2
4
62
2
4
57
4
6
53
7
9
48
9
10
42
13
12
25
5
4
15
4
2
24
19
13
52
54
45
71
79
68
70
82
70
62
74
61
46
60
47
76
86
75
67
69
58
34
27
18
28
11
3
36
9
2
44
7
2
52
4
0
61
4
2
66
3
2
69
2
1
71
1
1
71
1
1
70
1
1
68
2
1
67
2
1
66
2
1
66
4
2
55
5
12
50
3
20
41
1
36
33
1
58
29
5
84
30
12
111
31
19
131
29
21
138
29
21
131
21
10
105
23
5
83
29
1
60
38
0
41
49
0
26
60
1
13
68
1
3
78
4
1
85
8
2
78
3
2
75
2
2
75
2
2
75
1
2
75
1
2
75
1
2
75
1
3
75
1
3
75
1
3
76
0
3
76
0
4
76
0
4
76
0
4
76
0
4
76
0
6
76
0
6
76
0
6
76
0
6
76
0
5
76
0
4
76
0
4
76
0
4
77
0
4
78
0
4
79
0
4
80
0
3
80
0
3
80
0
3
78
0
3
77
0
3
76
0
4
74
0
4
72
1
4
71
1
4
70
2
4
69
2
4
54
1
26
30
3
69
34
15
88
50
41
125
31
31
121
40
39
127
27
17
94
30
5
66
46
4
45
59
1
25
71
1
13
79
2
9
79
5
13
76
5
15
73
3
13
74
1
11
78
0
7
83
1
4
86
2
3
75
1
1
75
1
1
75
1
1
75
1
1
75
1
1
75
1
2
75
0
2
75
0
2
75
0
2
76
0
4
76
0
4
76
0
4
76
0
4
76
0
5
76
0
6
76
0
6
76
0
6
76
0
6
76
0
6
76
0
6
76
0
6
76
0
6
76
0
6
76
0
6
76
0
6
76
0
6
76
0
6
76
0
6
76
0
6
76
0
6
76
0
6
76
0
6
76
0
6
76
0
6
76
0
6
76
0
6
73
3
1
72
3
0
73
2
2
75
1
4
76
0
6
77
0
7
79
1
7
79
3
6
79
5
8
75
2
6
73
3
9
72
6
16
69
6
21
63
3
20
55
0
19
50
0
18
50
4
19
49
6
19
58
6
19
68
7
19
72
7
17
73
3
9
75
1
3
81
1
0
85
4
0
84
2
0
82
2
0
79
2
1
76
0
3
73
0
5
72
0
7
72
0
8
75
0
8
76
0
5
78
0
3
80
0
2
80
0
2
76
0
4
76
0
4
76
0
4
76
0
4
76
0
4
76
0
4
76
0
4
76
0
4
76
0
4
76
0
4
76
0
4
76
0
4
76
0
4
76
0
4
76
0
4
76
0
4
76
0
4
76
0
4
76
0
4
254
253
255
253
252
254
252
251
253
253
252
254
253
253
254
253
252
254
251
250
252
249
248
250
245
244
246
188
187
189
64
63
65
128
127
129
216
214
217
244
243
245
248
247
249
254
253
255
249
249
251
247
246
248
244
253
246
246
255
245
250
253
244
188
182
174
70
57
49
32
9
4
44
11
6
42
4
0
52
8
4
53
4
1
53
2
1
59
6
5
67
9
8
67
6
6
64
1
1
71
1
2
74
1
3
78
3
6
78
2
7
77
0
6
78
1
5
78
1
4
78
1
4
80
3
1
80
3
1
81
4
1
81
5
0
79
4
0
78
4
0
78
4
0
77
3
1
75
3
3
73
3
3
72
2
4
71
3
5
70
3
6
74
3
6
81
3
3
81
3
4
80
3
5
78
4
5
77
3
6
73
3
6
69
4
6
64
4
7
57
4
6
48
2
2
50
9
10
40
8
7
28
4
2
22
5
1
30
19
13
43
37
30
53
50
42
60
60
51
70
73
62
91
90
80
66
58
49
36
21
13
32
8
1
40
6
1
48
5
1
55
2
1
65
5
4
68
3
2
70
1
1
71
1
1
69
1
0
67
1
0
66
1
0
65
2
1
63
3
1
63
4
2
46
8
17
43
8
32
40
10
58
38
12
91
34
13
123
27
12
147
19
9
161
15
7
167
17
11
160
19
9
139
21
6
112
24
2
80
30
0
51
39
0
29
50
1
12
59
3
0
70
7
0
79
11
0
77
4
2
76
1
3
76
1
3
76
1
3
76
1
3
76
1
3
76
1
3
76
0
4
76
0
4
76
0
4
76
0
4
76
0
5
76
0
6
76
0
6
76
0
6
76
0
6
76
0
6
76
0
6
76
0
5
76
0
4
76
0
4
77
0
4
77
0
4
79
0
4
80
0
3
81
0
3
81
0
3
81
0
3
80
0
3
78
0
3
77
0
3
74
0
4
72
1
4
69
2
4
67
2
4
67
2
4
52
1
29
26
1
76
29
8
93
47
36
131
23
23
122
39
39
133
23
15
97
25
2
67
40
2
46
53
0
25
68
0
15
74
4
11
75
7
14
73
7
16
70
5
14
69
2
10
73
2
5
79
3
1
82
4
0
75
1
1
75
1
1
75
1
1
75
1
1
75
1
1
75
1
1
75
1
1
75
0
2
75
0
2
76
1
3
76
0
4
76
0
4
76
0
4
76
0
4
76
0
4
76
0
5
76
0
6
76
0
6
76
0
6
76
0
6
76
0
6
76
0
6
76
0
6
76
0
6
76
0
6
76
0
6
76
0
6
76
0
6
76
0
6
76
0
6
76
0
6
76
0
6
76
0
6
76
0
6
76
0
6
76
0
6
74
4
1
73
4
1
73
2
2
75
0
6
77
0
10
78
0
10
79
2
9
80
5
6
78
7
8
72
5
6
68
3
11
64
3
21
60
2
30
53
0
37
48
1
41
44
3
42
37
1
38
32
1
34
46
1
26
61
4
23
65
5
21
66
1
12
70
0
6
77
1
2
83
4
2
83
3
0
83
3
1
81
3
1
78
1
3
75
0
4
72
0
6
73
0
8
75
1
7
76
0
6
78
0
4
80
0
3
79
0
3
76
0
4
76
0
4
76
0
4
76
0
4
76
0
4
76
0
4
76
0
4
76
0
4
76
0
4
76
0
4
76
0
4
76
0
4
76
0
4
76
0
4
76
0
4
76
0
4
76
0
4
76
0
4
76
0
4
255
254
255
254
253
255
252
252
253
252
251
253
252
251
252
251
251
252
251
250
251
249
248
250
248
247
249
214
214
215
91
90
92
116
116
117
199
199
200
247
246
248
248
248
249
254
253
254
253
252
254
249
248
249
248
253
246
245
250
241
249
251
244
195
192
184
83
72
63
35
15
8
40
10
5
44
6
2
50
6
3
68
17
14
64
10
8
63
5
5
73
10
10
72
6
7
68
0
1
76
6
7
70
1
1
71
1
1
75
0
3
78
0
4
79
0
4
79
0
3
79
1
2
79
2
0
80
3
0
80
3
0
78
4
0
77
4
0
76
4
0
74
3
1
72
3
3
70
3
4
69
3
8
67
3
9
66
2
11
65
2
11
69
1
9
77
1
5
79
2
6
81
4
8
81
5
9
81
5
9
79
4
8
75
3
7
71
3
5
66
2
4
59
1
4
54
3
3
53
8
7
51
13
10
39
6
4
28
2
1
25
3
1
32
12
7
46
29
23
61
49
41
62
48
40
42
22
16
33
5
3
40
4
1
50
6
2
57
5
2
63
3
2
73
7
6
72
2
2
73
1
1
73
1
1
70
1
0
67
1
0
65
2
0
63
3
1
60
3
1
60
5
2
30
0
11
34
6
33
42
16
73
48
25
117
45
26
152
32
17
173
16
6
181
10
1
182
16
8
179
19
10
157
24
11
128
26
7
93
27
3
57
32
0
28
42
1
9
58
6
3
69
11
1
73
12
0
75
3
2
76
1
3
76
1
3
76
1
3
76
1
3
76
1
3
76
0
4
76
0
4
76
0
4
76
0
4
76
0
5
76
0
6
76
0
6
76
0
6
77
0
7
77
0
7
77
0
7
77
0
7
75
0
5
75
0
4
76
0
4
77
0
4
79
0
4
81
0
4
81
0
3
83
0
4
84
0
4
83
0
3
80
0
3
79
0
3
77
0
3
74
0
4
70
1
4
68
2
4
65
2
4
65
2
4
54
1
28
36
0
73
33
3
85
46
27
118
34
28
122
48
41
131
31
17
95
29
2
63
44
0
43
58
0
25
68
0
13
76
3
10
74
6
13
71
6
15
67
5
14
66
3
8
69
4
3
75
6
1
79
6
0
75
1
0
75
1
0
75
1
0
75
1
1
75
1
1
75
1
1
75
1
1
75
1
1
75
0
2
76
1
3
76
1
3
76
0
3
76
0
4
76
0
4
76
0
4
76
0
4
76
0
4
76
0
4
76
0
6
76
0
6
76
0
6
76
0
6
76
0
6
76
0
6
76
0
6
76
0
6
76
0
6
76
0
6
76
0
6
76
0
6
76
0
6
76
0
6
76
0
6
76
0
6
76
0
6
76
0
6
76
5
1
75
5
1
75
2
5
76
0
10
78
0
12
78
0
12
78
2
9
76
7
4
73
8
3
68
9
7
59
4
13
50
0
24
46
0
41
48
3
63
53
13
84
45
15
86
32
8
77
19
3
66
33
1
44
49
1
28
52
0
23
56
0
17
65
0
12
73
0
5
80
3
5
84
4
2
83
3
1
80
2
1
78
1
2
76
1
3
74
0
6
73
1
7
75
1
7
76
0
6
77
0
5
78
0
3
78
0
3
76
0
4
76
0
4
76
0
4
76
0
4
76
0
4
76
0
4
76
0
4
76
0
4
76
0
4
76
0
4
76
0
4
76
0
4
76
0
4
76
0
4
76
0
4
76
0
4
76
0
4
76
0
4
76
0
4
255
255
254
254
254
254
253
253
252
252
252
251
251
251
251
251
251
251
250
251
250
250
251
250
251
251
250
235
235
234
117
117
116
116
116
116
194
194
193
251
251
251
248
248
248
249
250
249
255
255
254
252
252
252
251
254
246
244
247
237
248
249
240
196
192
184
83
71
63
30
10
3
35
6
1
43
5
1
48
2
0
59
6
5
64
6
6
65
3
3
67
1
1
70
2
2
74
4
4
72
2
2
73
2
2
75
4
4
79
2
4
81
0
4
81
0
3
81
0
3
81
1
2
80
2
0
79
2
0
78
3
0
78
4
0
75
3
0
72
2
0
69
1
0
66
1
2
65
1
6
63
1
10
61
1
12
60
1
15
59
1
16
64
0
12
73
0
7
75
1
9
79
2
10
81
4
11
81
4
11
80
3
10
78
2
8
75
1
6
74
2
5
73
5
8
63
0
1
58
1
1
60
8
7
56
10
8
48
5
4
41
2
1
40
3
2
42
9
5
39
13
8
40
12
7
38
5
2
46
7
3
58
11
7
65
10
7
67
5
3
69
2
1
74
3
3
77
2
2
76
1
1
74
1
1
71
0
0
67
0
0
64
2
0
61
3
1
59
4
1
58
5
2
29
3
11
28
4
29
34
11
66
40
19
109
39
21
146
30
14
168
16
4
176
9
0
178
17
7
173
25
15
156
33
18
130
34
14
94
31
6
56
33
0
26
43
1
10
59
9
7
70
14
5
72
10
1
75
3
3
76
1
3
76
1
3
76
0
3
76
0
4
76
0
4
76
0
4
76
0
4
76
0
4
76
0
5
76
0
6
76
0
6
76
0
6
77
0
7
77
0
7
77
0
7
77
0
7
77
0
8
75
0
6
75
0
4
76
0
4
77
0
4
79
0
4
81
0
3
83
0
4
84
0
4
84
0
4
84
0
3
82
0
3
79
0
3
77
0
3
74
1
3
70
1
4
67
2
4
64
3
4
63
3
4
58
2
22
49
0
55
40
1
62
43
15
87
36
18
95
45
29
102
33
11
74
35
1
48
52
2
33
68
3
21
74
0
8
80
2
8
77
4
11
71
4
13
67
3
12
66
3
8
69
4
3
74
6
0
78
7
0
75
1
0
75
1
0
75
1
0
75
1
0
75
1
0
75
1
1
75
1
1
75
1
1
75
1
1
76
1
3
76
1
3
76
1
3
76
0
4
76
0
4
76
0
4
76
0
4
76
0
4
76
0
4
76
0
6
76
0
6
76
0
6
76
0
6
76
0
6
76
0
6
76
0
6
76
0
6
76
0
6
76
0
6
76
0
6
76
0
6
76
0
6
76
0
6
76
0
6
76
0
6
76
0
6
76
0
6
76
4
1
76
4
2
77
1
7
78
0
13
78
0
15
78
0
14
75
2
8
72
7
2
68
9
1
63
10
7
52
5
16
42
0
33
41
2
61
49
13
95
56
26
123
45
26
127
31
20
118
20
14
109
34
11
73
47
5
40
44
0
29
50
0
23
62
1
19
68
0
10
77
3
7
83
5
5
82
3
3
80
1
1
78
1
2
75
1
3
74
0
4
73
1
7
75
1
7
76
0
6
76
0
5
78
0
3
78
0
3
76
0
4
76
0
4
76
0
4
76
0
4
76
0
4
76
0
4
76
0
4
76
0
4
76
0
4
76
0
4
76
0
4
76
0
4
76
0
4
76
0
4
76
0
4
76
0
4
76
0
4
76
0
4
76
0
4
253
254
252
253
254
252
253
254
252
253
254
252
252
253
251
251
252
250
250
251
249
251
252
250
252
253
251
244
245
243
132
133
131
123
123
122
195
195
194
253
254
252
248
250
248
245
246
244
252
253
252
254
255
253
254
255
247
249
248
238
251
249
239
192
187
178
75
62
55
26
6
0
36
7
2
44
6
2
49
2
1
55
1
1
70
9
9
76
9
10
70
1
2
75
4
5
83
11
11
71
0
0
71
1
1
71
2
1
78
1
3
83
0
4
82
0
3
82
1
3
82
1
1
81
2
0
80
3
0
78
4
0
77
4
0
72
2
0
68
1
0
65
1
1
63
0
4
60
0
8
59
0
12
56
0
16
55
0
19
54
0
20
60
1
17
72
2
13
75
3
14
78
4
15
81
5
15
82
6
14
83
5
13
83
4
11
82
3
9
81
2
7
78
2
6
74
1
4
71
3
4
67
3
4
65
5
5
61
6
5
58
5
4
56
6
3
52
5
2
42
5
1
45
6
2
51
7
5
63
12
11
71
13
12
72
8
7
73
2
2
75
0
1
77
0
1
81
1
2
79
0
1
76
0
1
72
0
0
67
0
0
64
2
0
61
3
1
58
4
1
57
5
2
36
10
13
30
5
25
27
4
51
27
6
86
28
10
121
26
11
148
22
9
163
19
9
166
24
12
158
35
23
144
42
24
118
41
19
85
39
10
51
40
3
25
48
2
11
61
6
8
69
7
7
69
5
4
74
1
4
76
0
4
76
0
4
76
0
4
76
0
4
76
0
4
76
0
4
76
0
4
76
0
5
76
0
5
76
0
6
76
0
6
76
0
6
77
0
7
77
0
7
77
0
7
77
0
8
77
0
8
75
0
6
75
0
4
76
0
4
77
0
4
79
0
4
81
0
3
84
0
4
85
0
4
85
0
4
84
0
4
83
0
3
80
0
3
77
0
3
73
1
3
68
2
4
66
2
4
63
2
4
61
3
4
62
2
13
62
0
29
53
0
36
42
3
49
32
4
56
37
11
61
35
4
44
43
0
28
61
3
19
79
6
13
84
1
2
86
2
3
83
2
8
76
2
12
70
2
12
68
1
8
71
3
3
76
5
0
79
6
0
75
2
0
75
1
0
75
1
0
75
1
0
75
1
0
75
1
0
75
1
1
75
1
1
75
1
1
76
1
2
76
1
3
76
1
3
76
0
3
76
0
4
76
0
4
76
0
4
76
0
4
76
0
4
76
0
6
76
0
6
76
0
6
76
0
6
76
0
6
76
0
6
76
0
6
76
0
6
76
0
6
76
0
6
76
0
6
76
0
6
76
0
6
76
0
6
76
0
6
76
0
6
76
0
6
76
0
6
77
4
1
77
3
2
78
1
8
79
0
15
80
0
18
79
0
16
74
2
7
70
7
0
64
10
0
58
12
9
47
6
22
38
1
44
39
5
79
49
19
122
50
28
149
35
24
151
22
19
146
16
20
144
38
22
102
49
14
57
41
1
39
47
0
31
59
3
27
64
0
13
72
1
9
82
6
9
81
3
4
78
1
1
78
1
2
76
1
3
74
0
4
75
1
7
75
1
7
76
0
6
76
0
5
78
0
4
78
0
4
76
0
4
76
0
4
76
0
4
76
0
4
76
0
4
76
0
4
76
0
4
76
0
4
76
0
4
76
0
4
76
0
4
76
0
4
76
0
4
76
0
4
76
0
4
76
0
4
76
0
4
76
0
4
76
0
4
251
252
248
252
253
250
253
254
251
254
255
251
253
253
250
251
252
249
250
251
248
250
251
248
251
252
249
242
243
240
132
133
130
126
126
123
194
195
192
250
251
248
251
252
249
245
246
243
250
251
248
254
255
252
255
254
245
254
253
242
254
251
240
188
180
170
66
52
45
26
6
1
44
15
10
48
9
6
53
5
5
58
2
3
66
4
5
80
12
13
90
18
19
81
8
9
74
4
4
82
10
10
73
4
2
73
5
3
80
3
4
85
1
5
85
1
4
85
2
3
84
3
1
83
3
1
81
3
1
79
4
1
77
5
1
72
3
1
67
1
1
64
1
3
61
1
7
58
1
11
56
1
17
54
1
20
53
1
23
52
2
26
59
2
23
72
3
17
73
4
16
76
4
16
79
5
16
82
5
15
84
4
13
86
4
12
87
4
10
85
3
7
81
0
3
82
1
5
81
5
7
74
1
2
71
1
1
66
1
1
64
2
1
64
3
2
61
2
1
49
3
0
50
2
1
56
3
2
66
6
5
71
5
5
73
3
2
77
1
1
83
1
3
84
2
4
83
0
2
81
0
1
78
0
1
73
0
0
68
0
0
63
2
0
60
3
1
57
4
1
56
5
2
35
8
5
30
5
18
25
1
38
22
1
65
23
5
97
29
13
129
34
22
151
36
25
156
36
25
144
36
22
119
38
19
93
39
14
65
41
8
39
47
4
22
54
2
12
62
2
9
69
1
10
71
0
10
75
0
5
76
0
4
76
0
4
76
0
4
76
0
4
76
0
4
76
0
4
76
0
5
76
0
6
76
0
6
76
0
6
76
0
6
77
0
7
77
0
7
77
0
8
77
0
8
77
0
8
77
0
8
75
0
6
75
0
4
76
0
4
77
0
4
79
0
3
82
0
3
85
0
4
85
0
4
85
0
4
84
0
4
83
0
3
80
0
3
77
0
3
72
2
3
68
2
3
66
2
4
62
3
4
60
3
4
68
3
5
80
4
11
72
6
18
53
2
23
39
1
28
39
3
31
44
3
24
55
2
14
74
5
8
91
9
6
94
4
0
95
3
1
89
1
6
80
1
11
74
0
12
72
0
9
74
1
5
78
3
2
81
5
0
76
3
0
75
3
0
75
2
0
75
1
0
75
1
0
75
1
0
75
1
0
75
1
1
75
1
1
76
2
2
76
1
3
76
1
3
76
1
3
76
0
3
76
0
4
76
0
4
76
0
4
76
0
4
76
0
6
76
0
6
76
0
6
76
0
6
76
0
6
76
0
6
76
0
6
76
0
6
76
0
6
76
0
6
76
0
6
76
0
6
76
0
6
76
0
6
76
0
6
76
0
6
76
0
6
76
0
6
77
3
1
78
3
3
80
1
10
81
0
17
81
0
20
79
0
17
73
3
6
68
8
0
60
10
0
55
14
10
43
8
25
33
2
51
33
6
90
41
19
136
39
24
164
20
15
165
9
14
162
9
21
167
39
30
123
52
21
71
37
2
45
42
0
37
55
4
33
60
0
16
68
0
10
81
7
12
80
4
6
77
0
1
77
1
2
76
1
3
74
0
4
75
1
7
75
1
7
76
0
6
76
0
5
78
0
4
78
0
4
76
0
4
76
0
4
76
0
4
76
0
4
76
0
4
76
0
4
76
0
4
76
0
4
76
0
4
76
0
4
76
0
4
76
0
4
76
0
4
76
0
4
76
0
4
76
0
4
76
0
4
76
0
4
76
0
4
248
249
245
251
252
248
254
254
251
255
255
252
254
254
251
252
253
249
250
251
247
250
251
247
250
251
247
236
237
233
124
125
121
124
125
121
190
191
187
244
245
241
254
254
251
250
251
247
251
252
248
254
255
251
255
251
241
255
253
244
254
250
241
184
173
164
59
44
37
27
7
2
51
22
17
49
10
8
53
5
5
72
15
16
86
22
23
142
73
74
204
130
132
161
86
88
74
1
1
85
13
13
74
4
2
71
4
1
80
3
4
87
2
6
87
2
5
86
3
4
86
4
2
84
5
2
82
5
2
80
5
2
77
6
2
72
5
2
68
3
4
66
3
6
62
3
11
59
3
16
56
3
21
54
3
24
52
3
27
52
3
30
58
3
25
68
1
15
70
1
15
71
1
14
75
1
13
78
1
12
81
1
10
84
1
9
86
1
8
88
2
7
90
4
8
84
0
3
82
1
2
79
1
2
81
5
6
77
5
5
72
3
3
69
1
1
64
1
1
58
5
4
57
2
1
58
0
0
65
2
2
72
2
3
76
2
2
81
1
2
86
2
3
85
1
2
85
0
2
82
0
1
79
0
1
74
0
0
68
0
0
63
2
0
59
3
1
57
4
1
56
5
2
35
6
1
34
7
16
29
4
33
20
1
53
16
1
76
20
5
102
26
13
123
26
15
126
21
9
108
24
9
89
26
5
64
29
3
41
38
3
26
49
3
17
58
3
13
64
1
11
72
0
15
78
3
19
76
1
8
76
0
4
76
0
4
76
0
4
76
0
4
76
0
4
76
0
4
76
0
6
76
0
6
76
0
6
76
0
6
76
0
6
77
0
7
77
0
7
77
0
8
77
0
8
77
0
8
76
0
7
75
0
5
75
0
4
76
0
4
77
0
4
79
0
3
83
0
3
84
0
3
85
0
4
85
0
4
85
0
4
84
0
4
81
1
4
77
0
3
72
2
3
68
2
3
64
3
4
62
3
4
60
3
4
72
4
3
90
7
2
83
11
6
62
5
9
47
3
14
44
3
14
51
5
12
63
4
6
79
5
1
96
9
1
102
6
0
101
4
0
93
1
6
84
0
11
77
0
12
75
0
10
77
1
6
81
2
2
83
4
0
76
3
0
76
3
0
76
3
0
75
1
0
75
1
0
75
1
0
75
1
0
75
1
1
75
1
1
76
2
2
76
1
3
76
1
3
76
1
3
76
0
3
76
0
4
76
0
4
76
0
4
76
0
4
76
0
6
76
0
6
76
0
6
76
0
6
76
0
6
76
0
6
76
0
6
76
0
6
76
0
6
76
0
6
76
0
6
76
0
6
76
0
6
76
0
6
76
0
6
76
0
6
76
0
6
76
0
6
77
3
1
78
3
3
80
1
11
82
0
19
82
0
22
79
0
18
73
4
7
66
9
0
58
12
0
52
14
10
38
7
25
26
0
51
27
4
94
36
15
142
33
20
172
13
12
174
4
13
175
7
24
183
40
35
136
52
25
77
33
2
48
38
0
38
52
3
35
58
0
17
66
0
11
80
8
14
80
4
8
76
0
2
77
0
3
75
1
3
74
0
4
75
1
7
75
1
7
76
0
6
76
0
5
78
0
4
78
0
4
76
0
4
76
0
4
76
0
4
76
0
4
76
0
4
76
0
4
76
0
4
76
0
4
76
0
4
76
0
4
76
0
4
76
0
4
76
0
4
76
0
4
76
0
4
76
0
4
76
0
4
76
0
4
76
0
4
241
240
241
253
252
252
255
254
254
253
252
253
252
251
252
251
250
252
249
249
250
247
247
247
252
252
251
235
236
235
113
113
112
129
129
128
201
202
200
247
248
246
254
254
252
248
249
247
250
251
249
254
255
252
243
253
244
246
254
244
251
251
243
187
175
168
69
45
40
44
7
4
70
21
19
58
2
1
66
3
4
77
11
11
90
23
22
109
42
41
123
55
54
112
44
41
85
16
13
75
4
1
76
2
0
81
7
5
76
6
5
73
4
5
74
4
5
75
4
4
77
4
4
78
4
4
78
4
4
77
3
4
73
4
5
66
2
6
59
0
9
53
1
14
45
2
19
34
0
23
29
3
33
37
18
52
42
28
65
38
27
67
37
16
43
45
3
10
45
2
8
50
3
7
57
4
7
63
5
7
67
5
5
71
5
3
76
4
3
79
4
3
79
2
1
79
2
0
79
1
2
79
0
4
79
1
6
78
1
7
76
0
8
74
0
9
72
0
9
74
1
4
74
0
4
74
0
4
75
0
4
75
0
4
76
0
4
76
0
4
77
0
4
77
0
4
77
0
4
77
0
4
76
0
4
76
0
4
75
0
4
74
0
4
74
0
4
74
0
4
74
1
4
61
7
14
54
3
12
46
1
13
41
1
16
37
3
23
35
8
32
35
13
40
33
14
43
31
13
40
24
5
30
29
4
27
36
2
25
45
2
22
55
2
19
64
1
16
72
0
15
82
1
14
86
1
16
78
0
7
76
0
4
76
0
4
76
0
4
76
0
4
76
0
4
76
0
4
76
0
4
76
0
4
76
0
4
76
0
4
76
0
4
76
0
4
76
0
4
76
0
4
76
0
4
76
0
4
76
0
4
76
0
4
76
0
4
76
0
4
76
0
4
76
0
4
77
0
4
77
0
4
77
0
4
77
0
4
77
0
4
77
0
4
76
0
4
76
0
4
75
0
4
75
0
4
75
0
4
74
0
4
74
0
4
76
1
4
79
3
5
79
3
6
76
2
6
75
2
6
74
2
6
75
2
6
76
2
6
78
2
5
80
3
5
80
2
5
80
2
5
79
2
6
79
2
6
78
2
7
78
2
6
78
2
6
78
2
5
78
2
5
75
0
2
75
0
2
75
0
2
75
0
2
75
0
2
75
0
2
75
0
2
75
0
2
75
0
2
75
0
2
75
0
2
75
0
2
76
1
3
77
2
5
78
2
6
78
2
6
77
1
5
76
0
4
73
3
4
72
2
3
74
1
3
75
0
3
75
0
2
77
0
3
79
0
3
79
0
4
81
0
5
81
0
5
81
0
6
82
1
8
81
0
8
81
2
8
82
4
11
75
0
4
75
0
6
77
1
8
86
3
2
88
4
0
87
4
1
87
4
3
86
5
6
83
5
8
79
6
9
72
5
13
63
3
17
56
4
25
44
2
31
34
2
42
35
10
64
43
29
94
48
43
119
37
41
125
27
37
125
22
36
127
44
26
84
59
13
44
53
6
35
52
2
27
56
0
21
64
1
20
70
2
17
75
3
15
77
2
11
78
0
7
79
0
5
80
0
4
78
0
3
78
0
3
76
1
3
75
0
4
73
1
4
72
1
4
73
1
4
76
0
4
76
0
4
76
0
4
76
0
4
76
0
4
76
0
4
76
0
4
76
0
4
76
0
4
76
0
4
76
0
4
76
0
4
76
0
4
76
0
4
76
0
4
76
0
4
76
0
4
76
0
4
76
0
4
240
239
241
251
250
252
253
251
254
251
250
252
252
251
253
255
254
255
254
253
254
250
250
250
251
251
251
234
234
234
102
102
102
146
146
145
224
225
222
253
253
251
253
254
252
250
251
249
254
255
253
252
252
251
244
254
247
247
255
247
252
253
246
188
177
171
71
45
41
48
9
7
73
22
20
62
2
2
71
6
6
72
5
5
72
5
4
74
7
6
76
9
8
79
11
8
82
13
10
83
12
9
82
7
5
81
4
3
76
4
4
73
5
6
73
5
6
75
5
5
77
5
5
79
5
3
79
5
5
77
4
5
74
4
6
69
3
8
61
1
10
51
0
12
43
0
17
36
1
25
35
10
39
46
27
60
48
36
71
39
31
69
38
18
45
50
8
14
50
8
13
55
7
10
58
7
10
64
7
8
68
5
5
71
4
4
75
3
3
78
3
1
79
2
0
79
1
2
79
1
2
79
0
4
78
0
6
77
0
7
76
0
9
75
0
10
74
1
9
76
0
4
76
0
4
76
0
4
76
0
4
76
0
4
76
0
4
76
0
4
76
0
4
76
0
4
76
0
4
76
0
4
76
0
4
76
0
4
76
0
4
76
0
4
76
0
4
76
0
4
76
0
4
61
0
5
60
2
9
58
4
11
53
5
14
46
5
15
39
4
16
34
4
18
32
5
20
32
7
21
33
5
20
38
4
20
44
3
20
51
3
18
59
2
15
67
0
13
74
0
10
81
0
10
85
0
9
78
0
5
76
0
4
76
0
4
76
0
4
76
0
4
76
0
4
76
0
4
76
0
4
76
0
4
76
0
4
76
0
4
76
0
4
76
0
4
76
0
4
76
0
4
76
0
4
76
0
4
76
0
4
76
0
4
76
0
4
76
0
4
76
0
4
76
0
4
76
0
4
76
0
4
76
0
4
76
0
4
76
0
4
76
0
4
76
0
4
76
0
4
76
0
4
76
0
4
76
0
4
76
0
4
76
0
4
77
1
5
78
2
6
78
2
6
78
2
6
78
2
6
78
2
6
78
2
6
78
2
6
78
2
6
78
2
6
78
2
6
78
2
6
78
2
6
78
2
6
78
2
6
78
2
6
78
2
6
78
2
6
77
2
5
75
0
2
75
0
2
75
0
2
75
0
2
75
0
2
75
0
2
75
0
2
75
0
2
75
0
2
75
0
2
77
1
5
78
2
6
77
1
5
76
0
4
75
0
3
75
0
3
77
1
5
78
2
6
74
3
4
74
1
3
74
1
3
75
0
2
75
0
2
76
0
2
77
0
4
79
0
4
79
0
5
82
3
8
80
1
7
77
0
6
76
0
6
74
0
5
72
0
5
71
1
6
72
1
9
68
0
7
81
4
3
86
6
3
86
6
4
86
6
4
83
4
4
80
3
4
77
1
5
70
1
9
65
1
13
61
3
21
51
2
26
41
1
32
38
5
44
40
15
63
38
21
77
27
17
79
16
12
78
12
11
80
37
11
56
58
9
34
56
4
29
56
1
23
59
0
20
65
1
19
72
2
17
76
1
14
77
0
10
78
0
6
80
0
4
81
0
4
79
0
3
79
0
3
76
1
3
74
0
4
73
1
4
71
1
4
72
1
4
76
0
4
76
0
4
76
0
4
76
0
4
76
0
4
76
0
4
76
0
4
76
0
4
76
0
4
76
0
4
76
0
4
76
0
4
76
0
4
76
0
4
76
0
4
76
0
4
76
0
4
76
0
4
76
0
4
241
240
242
251
250
252
251
251
253
249
248
250
250
249
251
253
252
253
251
250
252
247
247
247
250
250
250
241
241
241
94
94
94
162
162
161
242
243
241
253
253
252
250
251
248
248
249
247
254
255
254
249
250
248
243
254
245
244
254
244
251
251
243
185
173
167
65
39
35
45
5
3
67
16
14
62
1
1
69
3
4
76
9
9
77
10
9
74
7
6
72
5
4
74
6
3
79
10
7
83
11
8
81
7
4
80
3
2
75
3
4
73
5
5
74
5
5
75
5
5
77
5
5
79
5
5
79
5
4
78
5
4
75
4
6
71
4
8
64
2
9
53
0
9
46
0
14
40
1
21
40
9
34
45
21
50
44
25
57
33
19
52
36
10
33
52
6
12
55
7
12
59
7
11
61
5
8
65
4
6
69
4
5
73
4
4
77
4
4
79
3
2
79
1
1
81
1
2
80
0
3
79
0
4
78
0
6
77
0
8
76
0
8
74
0
9
74
0
9
76
0
4
76
0
4
76
0
4
76
0
4
76
0
4
76
0
4
76
0
4
76
0
4
76
0
4
76
0
4
76
0
4
76
0
4
76
0
4
76
0
4
76
0
4
76
0
4
76
0
4
76
0
4
68
1
3
71
7
10
74
13
17
71
15
19
63
12
17
53
7
13
46
3
12
44
4
14
47
9
18
51
10
20
54
9
20
59
8
18
64
6
16
69
4
12
74
2
10
79
1
7
83
0
7
86
0
5
78
0
4
76
0
4
76
0
4
76
0
4
76
0
4
76
0
4
76
0
4
76
0
4
76
0
4
76
0
4
76
0
4
76
0
4
76
0
4
76
0
4
76
0
4
76
0
4
76
0
4
76
0
4
76
0
4
76
0
4
76
0
4
76
0
4
76
0
4
76
0
4
76
0
4
76
0
4
76
0
4
76
0
4
76
0
4
76
0
4
76
0
4
76
0
4
76
0
4
76
0
4
76
0
4
76
0
4
76
0
4
77
2
5
77
2
5
77
2
5
77
2
5
77
2
5
77
2
5
77
2
5
77
2
5
77
2
5
77
2
5
77
2
5
77
2
5
77
2
5
77
2
5
77
2
5
77
2
5
77
2
5
77
1
5
75
0
3
75
0
3
75
0
3
75
0
3
75
0
3
75
0
3
75
0
3
75
0
3
75
0
3
77
1
5
78
2
6
79
3
7
78
3
6
77
2
5
76
1
4
75
1
3
76
0
4
77
1
5
76
2
4
75
1
3
75
1
3
75
0
2
75
0
2
75
0
3
77
0
4
76
0
4
76
1
5
74
1
5
72
0
5
70
1
5
70
3
8
69
4
9
63
2
6
66
6
11
64
5
11
59
2
6
69
1
4
75
3
5
78
5
7
80
6
7
80
5
7
79
3
6
80
4
7
80
7
11
79
9
17
70
4
15
60
0
15
52
0
19
49
1
26
47
4
37
40
4
43
28
1
42
23
0
44
21
0
47
41
2
36
58
3
25
57
1
22
58
0
18
63
0
16
69
1
15
73
2
14
76
1
12
77
0
8
78
0
5
80
0
3
81
0
3
79
0
3
77
0
3
76
1
3
74
0
4
73
0
4
71
1
4
72
0
4
76
0
4
76
0
4
76
0
4
76
0
4
76
0
4
76
0
4
76
0
4
76
0
4
76
0
4
76
0
4
76
0
4
76
0
4
76
0
4
76
0
4
76
0
4
76
0
4
76
0
4
76
0
4
76
0
4
241
240
242
252
251
253
253
252
254
249
248
250
246
245
247
247
246
248
246
245
247
245
245
245
252
252
252
225
225
225
72
72
72
160
160
159
246
247
245
250
251
249
249
250
248
246
247
245
251
252
250
249
250
248
243
254
245
244
251
242
250
249
241
183
171
165
60
34
30
44
4
2
62
11
9
62
1
1
68
2
3
73
6
6
76
9
8
78
11
10
78
11
9
77
8
5
75
5
2
76
2
1
78
3
1
82
5
3
76
4
4
72
3
4
73
3
4
74
3
4
76
3
3
77
3
3
77
3
1
77
3
2
75
3
3
71
3
5
65
2
6
58
0
7
52
1
12
46
2
17
38
2
21
37
6
29
34
8
34
27
5
31
34
1
19
55
1
7
59
4
9
62
4
10
63
2
6
66
1
4
71
2
4
76
3
4
79
4
5
80
3
4
80
1
2
81
1
2
81
0
3
79
0
4
78
0
6
77
0
7
76
0
8
74
0
8
73
0
8
76
0
4
76
0
4
76
0
4
76
0
4
76
0
4
76
0
4
76
0
4
76
0
4
76
0
4
76
0
4
76
0
4
76
0
4
76
0
4
76
0
4
76
0
4
76
0
4
76
0
4
76
0
4
74
2
2
77
6
6
79
11
10
77
12
11
71
10
10
65
6
7
60
4
6
59
5
9
62
8
12
62
6
10
64
6
9
66
5
8
69
3
6
73
2
5
77
1
3
80
0
2
83
0
2
84
0
1
78
0
3
76
0
4
76
0
4
76
0
4
76
0
4
76
0
4
76
0
4
76
0
4
76
0
4
76
0
4
76
0
4
76
0
4
76
0
4
76
0
4
76
0
4
76
0
4
76
0
4
76
0
4
76
0
4
76
0
4
76
0
4
76
0
4
76
0
4
76
0
4
76
0
4
76
0
4
76
0
4
76
0
4
76
0
4
76
0
4
76
0
4
76
0
4
76
0
4
76
0
4
76
0
4
76
0
4
76
0
4
77
1
5
77
1
5
77
1
5
77
1
5
77
1
5
77
1
5
77
1
5
77
1
5
77
1
5
77
1
5
77
1
5
77
1
5
77
1
5
77
1
5
77
1
5
77
1
5
77
1
5
77
1
5
76
0
4
76
0
4
76
0
4
76
0
4
76
0
4
76
0
4
76
0
4
76
0
4
76
0
4
81
5
9
80
4
7
79
3
7
80
4
8
81
5
9
82
6
10
81
5
9
77
2
6
74
0
2
77
1
4
77
1
3
76
1
3
75
0
2
75
0
2
75
0
3
75
0
4
73
0
4
71
2
5
66
0
3
64
1
5
62
1
6
63
6
9
63
10
13
57
7
12
53
6
10
48
4
7
53
11
13
66
9
14
72
9
15
74
10
15
76
10
14
77
8
11
76
4
6
78
3
4
81
5
7
83
7
11
77
3
7
71
0
5
68
0
7
65
0
12
63
0
17
56
0
20
48
0
19
47
0
23
47
0
26
54
1
22
59
1
16
60
0
14
62
0
13
66
0
13
71
1
13
76
1
10
77
1
8
79
0
5
80
0
4
81
0
3
81
0
3
80
0
3
77
0
3
76
1
3
74
0
4
73
1
4
71
1
4
72
1
4
76
0
4
76
0
4
76
0
4
76
0
4
76
0
4
76
0
4
76
0
4
76
0
4
76
0
4
76
0
4
76
0
4
76
0
4
76
0
4
76
0
4
76
0
4
76
0
4
76
0
4
76
0
4
76
0
4
239
238
240
251
250
252
253
252
254
249
248
250
247
246
248
246
246
248
246
245
247
247
247
247
254
254
254
166
166
166
42
42
42
152
153
152
244
245
243
249
249
248
252
253
251
247
248
246
246
247
245
250
251
249
245
254
246
243
250
241
249
249
241
182
169
163
58
30
27
44
4
2
60
7
5
63
1
1
69
2
3
70
1
2
70
2
1
72
3
2
73
4
3
73
4
2
74
4
1
76
3
1
78
2
0
79
2
1
75
1
3
72
1
3
73
1
2
74
0
2
75
1
1
76
1
1
76
1
0
75
1
1
74
1
1
70
1
1
65
0
2
61
1
4
60
4
11
54
4
16
41
0
12
37
0
15
36
0
19
32
0
20
41
1
15
64
3
9
70
8
14
72
9
14
69
3
8
69
0
3
74
1
4
78
2
4
79
2
4
80
1
3
81
0
2
81
0
2
80
0
3
79
0
4
78
0
6
77
0
7
76
0
7
74
0
8
73
0
7
76
0
4
76
0
4
76
0
4
76
0
4
76
0
4
76
0
4
76
0
4
76
0
4
76
0
4
76
0
4
76
0
4
76
0
4
76
0
4
76
0
4
76
0
4
76
0
4
76
0
4
76
0
4
76
2
0
76
3
1
76
3
1
74
2
2
72
2
2
71
2
1
70
2
1
70
3
2
71
5
3
69
1
1
70
1
1
71
0
1
73
0
0
75
1
0
77
1
0
79
1
0
81
1
0
81
1
0
77
0
3
76
0
4
76
0
4
76
0
4
76
0
4
76
0
4
76
0
4
76
0
4
76
0
4
76
0
4
76
0
4
76
0
4
76
0
4
76
0
4
76
0
4
76
0
4
76
0
4
76
0
4
76
0
4
76
0
4
76
0
4
76
0
4
76
0
4
76
0
4
76
0
4
76
0
4
76
0
4
76
0
4
76
0
4
76
0
4
76
0
4
76
0
4
76
0
4
76
0
4
76
0
4
76
0
4
76
0
4
76
0
4
76
0
4
76
0
4
76
0
4
76
0
4
76
0
4
76
0
4
76
0
4
76
0
4
76
0
4
76
0
4
76
0
4
76
0
4
76
0
4
76
0
4
76
0
4
76
0
4
76
0
4
76
1
4
76
1
4
76
1
4
76
1
4
76
1
4
76
1
4
76
1
4
76
1
4
77
1
5
83
7
11
79
4
8
78
2
6
80
4
8
84
8
12
87
10
14
85
9
13
80
4
7
74
0
2
79
1
4
78
0
3
77
0
3
76
0
3
75
0
3
74
0
3
72
1
4
69
2
4
67
2
6
61
1
4
56
1
4
50
1
3
48
4
5
61
20
22
79
44
45
60
28
28
33
4
4
31
6
7
59
12
18
68
13
21
68
11
19
69
8
14
70
5
10
72
2
4
75
1
1
78
0
1
81
1
1
84
2
1
84
3
1
82
2
1
80
1
2
78
1
4
73
0
5
69
0
5
67
0
7
67
1
9
64
0
10
63
0
10
64
0
9
66
0
8
70
0
8
74
1
8
77
1
6
78
0
4
80
0
3
81
0
3
81
0
3
81
0
3
79
0
3
77
0
3
76
1
3
74
0
4
73
0
4
71
1
4
72
0
4
76
0
4
76
0
4
76
0
4
76
0
4
76
0
4
76
0
4
76
0
4
76
0
4
76
0
4
76
0
4
76
0
4
76
0
4
76
0
4
76
0
4
76
0
4
76
0
4
76
0
4
76
0
4
76
0
4
240
239
241
250
249
251
250
249
251
248
247
249
249
248
250
250
249
251
247
246
248
240
240
240
240
240
240
99
99
99
34
34
34
163
163
162
247
248
246
247
248
246
254
255
253
253
253
252
247
247
246
251
252
250
245
254
245
241
248
239
248
247
239
180
166
160
55
26
23
45
3
1
57
3
2
63
0
0
68
1
2
74
5
5
74
4
4
72
2
2
71
1
1
71
2
0
76
5
2
79
5
3
79
2
0
77
0
0
74
0
2
73
0
3
73
0
2
75
0
2
75
1
1
76
0
1
76
1
0
76
1
0
75
1
0
73
2
1
69
2
2
63
0
1
63
3
7
62
6
12
51
0
9
47
0
11
46
2
15
44
2
16
53
2
12
71
5
10
78
12
17
81
12
17
74
4
8
73
1
3
76
1
4
79
1
5
80
1
4
80
0
2
81
0
3
81
0
3
79
0
4
80
0
5
78
1
5
77
0
6
75
0
7
74
0
6
74
0
6
76
0
4
76
0
4
76
0
4
76
0
4
76
0
4
76
0
4
76
0
4
76
0
4
76
0
4
76
0
4
76
0
4
76
0
4
76
0
4
76
0
4
76
0
4
76
0
4
76
0
4
76
0
4
78
4
0
78
3
0
77
3
0
76
1
0
77
1
0
78
2
0
79
3
0
80
3
0
81
4
1
80
3
1
80
3
0
79
2
0
79
2
0
79
3
0
79
4
1
79
4
1
79
4
1
78
3
0
76
1
3
76
0
4
76
0
4
76
0
4
76
0
4
76
0
4
76
0
4
76
0
4
76
0
4
76
0
4
76
0
4
76
0
4
76
0
4
76
0
4
76
0
4
76
0
4
76
0
4
76
0
4
76
0
4
76
0
4
76
0
4
76
0
4
76
0
4
76
0
4
76
0
4
76
0
4
76
0
4
76
0
4
76
0
4
76
0
4
76
0
4
76
0
4
76
0
4
76
0
4
76
0
4
76
0
4
76
0
4
76
0
4
76
0
4
76
0
4
76
0
4
76
0
4
76
0
4
76
0
4
76
0
4
76
0
4
76
0
4
76
0
4
76
0
4
76
0
4
76
0
4
76
0
4
76
0
4
76
0
4
76
0
4
77
1
5
77
1
5
77
1
5
77
1
5
77
1
5
77
1
5
77
1
5
77
1
5
77
1
5
79
3
7
79
3
7
79
3
7
80
4
8
81
5
9
81
5
9
81
5
9
80
4
8
79
3
6
81
1
4
79
0
3
79
0
3
77
0
3
75
0
3
73
0
3
70
1
4
67
2
4
63
3
7
57
2
5
51
3
5
44
3
3
43
7
7
83
53
54
164
139
139
141
121
120
73
56
54
24
10
8
50
9
15
59
9
17
58
5
12
59
2
7
64
2
6
70
3
5
79
5
5
82
4
2
86
3
0
89
4
0
91
5
0
91
4
0
89
3
0
86
2
0
84
2
0
82
2
0
80
2
1
78
1
1
72
0
3
69
0
4
71
1
5
71
1
4
75
1
4
76
0
4
78
0
3
80
0
3
81
1
3
82
1
2
82
0
2
81
0
3
79
0
3
77
0
3
76
1
3
74
0
4
73
0
4
71
1
4
72
1
4
76
0
4
76
0
4
76
0
4
76
0
4
76
0
4
76
0
4
76
0
4
76
0
4
76
0
4
76
0
4
76
0
4
76
0
4
76
0
4
76
0
4
76
0
4
76
0
4
76
0
4
76
0
4
76
0
4
245
243
246
249
248
250
247
246
248
246
245
246
249
248
250
252
251
253
243
242
244
226
226
226
215
215
215
55
55
55
38
38
38
173
173
172
242
243
241
233
234
232
242
243
241
252
253
252
245
246
244
246
247
245
247
253
247
245
250
242
250
250
242
181
170
164
57
29
25
49
6
4
59
5
4
68
5
5
72
5
5
71
2
2
71
1
1
72
2
2
73
3
2
73
2
0
71
0
0
75
0
0
81
4
2
85
7
5
80
3
5
76
0
4
76
0
3
77
0
3
77
1
2
77
1
2
77
2
0
77
2
0
76
2
0
78
5
4
75
5
5
66
0
0
66
0
2
68
4
9
61
2
8
59
2
10
57
2
11
54
1
10
57
0
5
71
2
5
79
7
13
83
9
15
77
1
5
74
0
2
79
1
4
82
2
7
82
2
6
81
0
4
81
0
4
81
0
4
79
0
4
78
1
5
78
1
5
77
0
5
75
0
6
74
0
6
74
0
5
76
0
4
76
0
4
76
0
4
76
0
4
76
0
4
76
0
4
76
0
4
76
0
4
76
0
4
76
0
4
76
0
4
76
0
4
76
0
4
76
0
4
76
0
4
76
0
4
76
0
4
76
0
4
72
0
0
75
2
2
77
3
2
77
2
1
77
1
0
78
1
0
79
0
0
82
1
0
83
2
0
82
1
0
81
1
0
78
0
0
77
0
0
76
2
0
74
3
0
72
2
2
70
3
2
70
2
1
74
0
3
76
0
4
76
0
4
76
0
4
76
0
4
76
0
4
76
0
4
76
0
4
76
0
4
76
0
4
76
0
4
76
0
4
76
0
4
76
0
4
76
0
4
76
0
4
76
0
4
76
0
4
76
0
4
76
0
4
76
0
4
76
0
4
76
0
4
76
0
4
76
0
4
76
0
4
76
0
4
76
0
4
76
0
4
76
0
4
76
0
4
76
0
4
76
0
4
76
0
4
76
0
4
76
0
4
76
0
4
76
0
4
76
0
4
76
0
4
76
0
4
76
0
4
76
0
4
76
0
4
76
0
4
76
0
4
76
0
4
76
0
4
76
0
4
76
0
4
76
0
4
76
0
4
76
0
4
76
0
4
76
0
4
77
1
5
77
1
5
77
1
5
77
1
5
77
1
5
77
1
5
77
1
5
77
1
5
77
1
5
75
0
3
79
3
7
81
5
9
80
4
8
77
2
5
74
0
2
75
1
4
79
4
8
84
9
13
82
1
4
79
0
3
79
0
4
77
0
3
74
0
3
72
0
3
69
1
4
65
2
4
61
4
7
60
10
12
55
12
13
42
5
6
35
4
4
99
75
74
248
230
229
246
242
239
182
172
169
97
90
87
71
33
37
62
13
18
59
7
11
60
3
6
64
3
4
71
5
6
81
7
5
83
4
1
84
1
0
88
2
0
91
3
0
92
4
0
89
3
0
86
2
0
84
1
0
83
4
1
81
4
2
79
2
1
75
1
1
74
2
2
76
2
2
76
2
2
77
1
2
78
0
1
80
0
1
81
1
2
82
1
2
82
1
2
81
1
2
80
0
3
79
0
3
77
0
3
76
1
3
74
0
4
73
1
4
72
1
4
73
1
4
76
0
4
76
0
4
76
0
4
76
0
4
76
0
4
76
0
4
76
0
4
76
0
4
76
0
4
76
0
4
76
0
4
76
0
4
76
0
4
76
0
4
76
0
4
76
0
4
76
0
4
76
0
4
76
0
4
236
235
237
250
249
251
241
240
241
244
242
245
250
249
251
250
249
251
248
247
249
246
246
246
51
51
51
9
9
9
133
133
133
222
223
221
248
249
247
245
246
244
248
249
247
251
252
250
249
250
248
233
234
232
243
250
242
245
250
241
250
249
242
180
167
162
56
25
22
49
6
4
63
7
6
64
0
0
72
3
4
73
2
2
73
1
1
73
1
1
73
1
1
73
2
0
75
1
0
76
1
0
80
0
0
80
0
0
79
0
2
78
0
4
77
0
3
77
0
3
77
0
3
77
1
2
76
0
1
76
1
0
75
0
0
75
2
1
74
4
2
72
2
2
69
1
2
67
0
1
66
1
3
67
2
6
68
4
9
69
6
11
74
6
11
80
4
8
80
3
7
78
2
6
78
1
5
78
1
5
78
0
4
79
0
5
80
0
5
80
0
5
80
0
5
79
0
5
79
0
5
78
1
5
77
0
4
76
0
4
76
0
4
76
0
4
76
0
4
76
0
4
76
0
4
76
0
4
76
0
4
76
0
4
76
0
4
76
0
4
76
0
4
76
0
4
77
1
5
77
1
5
76
0
4
75
0
3
75
0
3
75
0
3
75
0
3
76
0
4
76
0
4
75
8
10
70
3
5
72
4
6
75
3
5
77
2
4
77
2
3
78
1
1
84
5
4
85
4
3
82
3
3
79
2
1
76
2
1
80
8
8
80
11
11
66
1
2
67
4
4
69
8
10
62
2
4
75
3
7
78
2
6
76
1
4
74
0
3
75
0
3
78
2
6
79
3
7
78
2
6
76
1
3
76
0
4
76
0
4
76
0
4
76
0
4
76
0
4
76
0
4
76
0
4
76
0
4
76
0
4
76
0
4
76
0
4
76
0
4
76
0
4
76
0
4
76
0
4
76
0
4
76
0
4
76
0
4
76
0
4
76
0
4
76
0
4
76
0
4
76
0
4
76
0
4
76
0
4
76
0
4
76
0
4
76
0
4
76
0
4
76
0
4
76
0
4
76
0
4
76
0
4
76
0
4
76
0
4
76
0
4
76
0
4
76
0
4
76
0
4
76
0
4
76
0
4
76
0
4
76
0
4
76
0
4
76
0
4
76
0
4
76
0
4
76
0
4
76
0
4
76
0
4
76
0
4
76
0
4
76
0
4
76
0
4
76
0
4
85
9
13
78
2
6
87
12
16
89
15
18
147
74
78
177
103
107
118
45
48
84
11
15
75
2
5
83
4
7
82
4
6
79
2
6
77
1
4
74
0
3
70
0
3
67
1
3
65
2
4
59
4
6
57
7
10
50
7
8
52
16
17
50
21
21
108
86
85
254
242
241
252
239
237
241
234
231
251
246
243
214
175
174
113
61
61
57
3
3
64
6
6
76
13
12
69
1
0
74
1
1
78
0
0
88
6
6
87
4
3
84
2
1
84
2
2
82
1
2
79
1
3
76
1
3
73
0
3
70
1
3
68
0
4
73
1
2
77
2
0
78
2
0
79
2
0
79
2
0
79
2
0
80
1
2
80
1
2
80
1
2
80
0
2
80
0
3
79
0
3
78
0
3
77
0
3
76
1
3
74
1
3
73
1
3
72
2
3
73
1
3
76
0
4
76
0
4
76
0
4
76
0
4
76
0
4
76
0
4
76
0
4
76
0
4
76
0
4
76
0
4
76
0
4
76
0
4
76
0
4
76
0
4
76
0
4
76
0
4
76
0
4
76
0
4
76
0
4
224
223
225
250
249
250
251
250
252
241
240
242
241
240
242
249
248
250
249
248
250
233
233
233
34
34
34
48
48
48
162
162
162
233
233
233
251
252
250
249
250
248
252
252
251
255
255
254
252
253
251
241
241
239
246
252
246
244
248
239
246
241
234
172
155
149
47
16
13
48
3
2
64
8
7
66
0
2
73
3
4
73
2
2
73
1
1
73
1
1
73
1
1
74
1
0
75
1
0
78
1
0
80
0
0
81
0
0
82
0
2
81
0
3
80
0
3
80
0
3
79
0
3
79
1
2
77
0
1
76
0
1
75
0
0
74
1
1
74
2
2
73
2
2
72
1
1
71
0
1
70
1
2
72
1
4
73
4
7
74
5
9
76
5
9
79
4
7
79
3
6
79
2
6
77
1
5
77
0
4
77
0
5
78
0
6
79
0
7
79
0
7
79
0
7
78
0
7
78
0
7
78
1
5
77
0
4
77
0
4
76
0
4
76
0
4
76
0
4
76
0
4
76
0
4
76
0
4
76
0
4
76
0
4
76
0
4
76
0
4
76
0
4
76
0
4
77
1
4
76
0
4
76
0
4
75
0
3
75
0
3
75
0
3
75
0
3
76
0
4
76
0
4
64
2
6
71
6
13
75
8
14
75
7
12
77
6
9
80
7
9
84
9
10
89
12
13
76
1
1
86
9
10
77
3
3
79
6
8
75
6
7
68
3
4
71
7
10
67
8
11
61
3
8
69
11
17
76
5
9
78
3
6
77
3
5
77
2
5
76
2
4
77
1
5
78
2
6
78
2
6
78
2
6
77
1
5
76
0
4
76
0
4
76
0
4
76
0
4
76
0
4
76
0
4
76
0
4
76
0
4
76
0
4
76
0
4
76
0
4
76
0
4
76
0
4
76
0
4
76
0
4
76
0
4
76
0
4
76
0
4
76
0
4
76
0
4
76
0
4
76
0
4
76
0
4
76
0
4
76
0
4
76
0
4
76
0
4
76
0
4
76
0
4
76
0
4
76
0
4
76
0
4
76
0
4
76
0
4
76
0
4
76
0
4
76
0
4
76
0
4
76
0
4
76
0
4
76
0
4
76
0
4
76
0
4
76
0
4
76
0
4
76
0
6
76
0
4
76
0
4
76
0
4
76
0
4
76
0
4
76
0
4
76
0
4
76
0
4
76
1
4
73
0
2
80
6
10
75
3
5
83
11
13
86
14
16
71
1
2
74
3
4
77
3
6
79
1
4
77
1
3
76
0
3
75
0
3
73
0
3
70
1
4
68
3
5
68
5
7
64
7
10
60
10
11
49
3
5
41
2
2
55
21
21
124
98
98
240
222
222
247
229
228
255
248
247
218
205
203
162
119
116
93
39
37
62
6
4
67
7
5
71
6
5
72
2
1
80
6
6
77
0
0
81
2
3
83
1
4
82
1
5
80
1
6
76
1
7
73
1
8
69
1
9
65
0
9
62
0
10
60
0
10
70
1
4
79
2
0
79
2
0
79
2
0
79
2
0
79
2
1
80
1
2
79
0
3
79
0
3
78
0
3
78
0
3
78
0
3
77
0
3
76
1
3
76
1
3
74
1
3
74
1
3
74
1
2
75
1
3
76
0
4
76
0
4
76
0
4
76
0
4
76
0
4
76
0
4
76
0
4
76
0
4
76
0
4
76
0
4
76
0
4
76
0
4
76
0
4
76
0
4
76
0
4
76
0
4
76
0
4
76
0
4
76
0
4
237
236
238
246
245
247
244
243
245
246
245
247
247
246
248
248
247
249
243
242
244
197
197
197
59
59
59
164
164
164
225
225
225
247
247
246
250
251
249
250
251
249
251
252
250
252
252
251
253
253
252
252
253
251
249
254
248
246
249
240
243
237
229
164
146
141
42
10
7
49
3
2
63
7
6
67
1
2
73
3
4
74
2
2
74
1
1
74
1
1
74
1
1
75
1
0
76
1
0
78
1
0
81
0
0
82
0
0
83
0
2
83
0
3
83
0
3
82
0
3
80
1
3
79
1
3
77
0
2
75
0
2
74
0
1
74
1
2
73
1
2
73
2
2
73
0
2
73
0
2
74
0
3
76
1
4
77
2
6
78
3
7
79
3
7
78
3
5
78
3
5
77
2
5
75
1
4
75
0
5
75
0
6
76
0
7
76
0
7
77
0
7
77
0
7
77
0
7
77
0
7
78
0
6
77
0
4
77
0
3
77
0
3
78
0
3
78
0
3
76
0
4
76
0
4
76
0
4
76
0
4
76
0
4
76
0
4
76
0
4
76
0
4
76
0
4
76
0
4
76
0
4
75
0
3
75
0
3
75
0
3
75
0
3
76
0
4
77
1
5
77
1
5
73
8
17
70
5
13
133
67
74
107
41
46
71
4
7
80
10
13
84
12
14
75
3
4
89
17
17
80
8
9
75
3
4
76
6
7
75
7
8
70
5
7
68
6
10
70
11
15
151
90
97
143
83
91
100
27
32
88
12
16
88
12
16
85
9
13
82
6
10
78
2
6
76
0
4
76
0
4
77
1
5
76
0
4
76
0
4
76
0
4
76
0
4
76
0
4
76
0
4
76
0
4
76
0
4
76
0
4
76
0
4
76
0
4
76
0
4
76
0
4
76
0
4
76
0
4
76
0
4
76
0
4
76
0
4
76
0
4
76
0
4
76
0
4
76
0
4
76
0
4
76
0
4
76
0
4
76
0
4
76
0
4
76
0
4
76
0
4
76
0
4
76
0
4
76
0
4
76
0
4
76
0
4
76
0
4
76
0
4
76
0
4
76
0
4
76
0
4
76
0
4
76
0
4
76
0
4
76
0
4
76
0
4
76
0
4
76
0
4
76
0
5
76
0
4
76
0
4
76
0
4
76
0
4
76
0
4
76
0
4
76
0
4
76
0
4
73
0
2
72
0
2
76
3
6
79
6
9
75
3
5
75
3
4
82
9
11
82
10
11
73
1
2
74
0
2
74
0
2
73
0
1
72
0
2
72
1
3
72
2
5
71
4
7
71
7
9
69
8
11
123
69
71
87
36
38
61
14
16
59
17
18
80
44
44
124
92
92
138
109
110
148
126
126
107
82
82
85
38
34
66
10
8
63
4
2
68
6
3
66
1
0
73
2
0
82
7
8
78
0
1
80
0
3
81
1
6
80
0
8
78
0
9
74
0
10
70
0
10
66
0
11
61
0
11
58
0
11
56
0
11
67
1
5
78
2
0
78
2
0
78
1
1
78
1
1
78
0
2
77
0
3
78
0
4
77
0
5
77
0
5
76
0
5
76
0
5
76
0
4
76
0
3
76
1
3
75
1
2
75
2
2
75
2
2
75
1
3
76
0
4
76
0
4
76
0
4
76
0
4
76
0
4
76
0
4
76
0
4
76
0
4
76
0
4
76
0
4
76
0
4
76
0
4
76
0
4
76
0
4
76
0
4
76
0
4
76
0
4
76
0
4
76
0
4
237
237
239
249
248
249
238
238
239
243
243
244
251
250
252
244
243
245
205
204
206
113
113
113
170
170
170
239
239
239
253
253
253
246
247
246
247
248
246
254
254
252
253
253
252
250
251
249
250
251
249
251
252
250
247
253
245
249
252
243
245
239
231
164
146
141
45
12
9
52
6
5
61
4
3
65
0
1
74
2
4
75
2
2
75
1
1
75
1
1
75
1
0
75
1
0
76
1
0
78
1
0
81
0
0
82
0
0
84
0
1
85
0
2
85
0
3
84
0
4
82
1
4
80
1
4
77
1
4
75
1
3
73
0
2
72
0
3
72
1
4
72
1
3
72
1
3
74
0
3
76
0
4
77
1
5
79
1
5
80
1
6
79
2
5
76
3
4
76
2
4
74
2
3
72
0
3
72
0
5
72
0
6
73
0
7
74
0
8
74
0
8
74
0
8
76
0
8
77
0
7
77
0
7
77
0
5
78
0
3
79
0
3
79
0
3
78
1
3
76
0
4
76
0
4
76
0
4
76
0
4
76
0
4
76
0
4
76
0
4
76
0
4
76
0
4
76
0
4
75
0
3
75
0
3
75
0
3
75
0
3
75
0
3
76
0
4
77
2
6
78
2
6
71
4
11
73
8
14
122
55
61
99
33
37
72
5
7
78
10
11
77
8
9
76
8
8
82
12
12
82
12
12
73
4
4
68
0
1
73
6
7
77
11
12
71
6
9
75
10
15
185
121
126
137
73
80
94
21
25
84
8
12
85
9
13
83
7
11
80
4
8
76
1
4
74
0
2
76
0
4
77
1
5
76
0
4
76
0
4
76
0
4
76
0
4
76
0
4
76
0
4
76
0
4
76
0
4
76
0
4
76
0
4
76
0
4
76
0
4
76
0
4
76
0
4
76
0
4
76
0
4
76
0
4
76
0
4
76
0
4
76
0
4
76
0
4
76
0
4
76
0
4
76
0
4
76
0
4
76
0
4
76
0
4
76
0
4
76
0
4
76
0
4
76
0
4
76
0
4
76
0
4
76
0
4
76
0
4
76
0
4
76
0
4
76
0
4
76
0
4
76
0
4
76
0
4
76
0
4
76
0
4
76
0
4
76
0
4
76
0
4
76
0
4
76
0
4
76
0
4
76
0
4
76
0
4
76
0
4
76
0
4
76
0
4
76
0
4
73
1
4
73
0
2
76
3
5
77
4
6
74
2
3
73
2
3
76
6
7
79
6
8
73
1
3
71
1
2
70
1
2
71
1
2
71
1
2
71
1
3
71
2
5
72
4
7
74
6
8
72
8
10
125
62
66
88
30
32
68
12
15
65
14
16
63
15
17
59
15
17
55
13
15
48
8
10
56
17
19
62
11
8
63
8
3
66
8
4
69
7
3
67
2
0
73
1
1
79
3
4
80
0
3
82
0
4
82
0
6
80
0
7
79
0
8
76
0
9
71
0
8
67
0
8
62
0
10
59
0
9
58
0
9
68
1
5
76
2
1
76
2
1
76
1
2
76
1
2
76
0
4
75
0
5
75
0
6
75
0
7
75
0
7
75
0
7
75
1
6
75
0
5
76
0
4
76
1
3
76
2
2
76
2
1
76
2
1
76
1
2
76
0
4
76
0
4
76
0
4
76
0
4
76
0
4
76
0
4
76
0
4
76
0
4
76
0
4
76
0
4
76
0
4
76
0
4
76
0
4
76
0
4
76
0
4
76
0
4
76
0
4
76
0
4
76
0
4
251
250
252
252
251
252
251
250
251
246
245
247
226
225
227
182
181
183
117
116
118
60
60
60
231
231
231
238
238
238
251
251
251
251
252
251
251
252
250
253
254
252
253
254
252
252
253
252
253
254
252
251
252
250
244
250
242
250
253
244
246
239
232
165
145
140
47
14
11
58
11
10
60
3
2
66
0
0
74
2
4
75
2
2
75
1
1
75
1
1
75
1
1
75
1
0
76
1
0
79
0
0
82
0
0
83
0
0
85
0
1
88
0
2
87
0
3
85
1
3
84
1
5
80
1
4
77
1
5
74
0
4
72
0
4
71
0
4
70
0
6
71
0
6
72
0
6
74
0
6
76
0
6
78
0
6
79
0
7
81
0
7
78
1
5
73
2
2
72
2
2
69
1
2
69
0
3
69
0
4
70
0
6
71
0
7
71
0
9
72
0
9
73
0
9
73
0
8
75
0
8
77
0
7
77
0
5
78
0
3
80
0
3
81
1
2
80
1
2
76
0
4
76
0
4
76
0
4
76
0
4
76
0
4
76
0
4
76
0
4
76
0
4
76
0
4
75
0
3
75
0
3
75
0
3
75
0
3
75
0
3
76
0
4
77
1
5
78
2
6
79
3
7
65
0
2
94
26
30
82
14
17
93
26
26
92
25
24
72
5
4
75
8
6
72
5
2
76
8
4
72
4
2
72
3
1
78
10
8
78
9
8
75
5
5
78
7
8
72
1
3
97
25
29
82
9
14
81
6
10
82
6
10
82
6
10
81
5
9
78
2
6
75
0
4
75
0
3
75
0
3
76
0
4
76
0
4
76
0
4
76
0
4
76
0
4
76
0
4
76
0
4
76
0
4
76
0
4
76
0
4
76
0
4
76
0
4
76
0
4
76
0
4
76
0
4
76
0
4
76
0
4
76
0
4
76
0
4
76
0
4
76
0
4
76
0
4
76
0
4
76
0
4
76
0
4
76
0
4
76
0
4
76
0
4
76
0
4
76
0
4
76
0
4
76
0
4
76
0
4
76
0
4
76
0
4
76
0
4
76
0
4
76
0
4
76
0
4
76
0
4
76
0
4
76
0
4
76
0
4
76
0
4
76
0
4
76
0
4
76
0
4
76
0
4
76
0
4
76
0
4
76
0
4
76
0
4
76
0
4
76
0
4
76
0
4
76
0
4
77
4
7
77
4
6
76
3
5
74
1
3
78
5
7
80
7
9
73
1
3
74
1
3
81
7
10
70
3
4
69
2
3
69
2
3
69
1
2
70
1
2
71
2
4
73
2
5
75
4
7
74
5
8
72
5
7
82
16
20
77
12
16
68
6
10
65
6
10
64
7
11
71
15
20
78
24
29
58
7
9
66
14
10
65
12
6
63
6
2
65
4
2
69
3
2
73
1
1
75
0
1
83
1
4
84
0
3
84
0
4
84
0
4
83
0
4
82
0
5
78
1
5
74
1
4
70
2
4
66
1
3
65
1
3
70
1
3
74
1
3
74
1
3
74
0
4
74
0
5
73
0
6
73
0
7
73
0
9
73
0
9
73
0
9
73
0
9
73
0
7
74
0
6
74
0
4
76
1
3
76
2
2
76
2
1
77
2
0
77
2
1
76
0
4
76
0
4
76
0
4
76
0
4
76
0
4
76
0
4
76
0
4
76
0
4
76
0
4
76
0
4
76
0
4
76
0
4
76
0
4
76
0
4
76
0
4
76
0
4
76
0
4
76
0
4
76
0
4
240
239
241
230
229
231
247
246
248
251
250
252
184
183
185
92
92
93
80
79
81
144
144
144
247
247
247
238
238
238
251
251
251
254
255
253
251
252
250
247
249
246
246
248
245
248
249
247
254
255
253
253
254
252
243
250
242
250
253
244
242
235
228
157
137
132
45
12
8
62
15
14
63
6
5
69
1
2
74
2
3
75
1
2
75
1
1
75
1
1
75
1
1
75
1
0
76
1
0
80
0
0
82
0
0
83
0
0
87
0
1
89
0
2
88
0
3
87
0
3
85
1
5
81
2
5
77
1
5
74
2
5
71
1
5
70
0
6
70
0
6
70
0
6
72
0
6
74
0
7
76
0
6
77
0
7
79
0
7
81
0
7
77
1
5
69
2
1
69
2
1
67
1
2
66
0
2
67
0
4
68
0
6
69
1
7
69
1
9
70
0
10
71
0
10
73
0
8
75
0
8
77
0
7
77
0
5
78
0
3
80
0
2
81
1
2
80
1
2
76
0
4
76
0
4
76
0
4
76
0
4
76
0
4
76
0
4
76
0
4
76
0
4
76
0
4
75
0
3
75
0
3
75
0
3
75
0
3
76
0
3
76
0
4
77
1
5
78
2
6
79
3
7
92
20
21
74
5
5
87
16
14
81
11
10
83
15
13
91
23
20
68
1
0
76
8
1
74
6
0
73
5
0
72
3
0
84
13
10
83
12
9
74
1
0
77
3
1
83
8
6
78
0
1
87
9
11
89
13
16
88
12
16
85
9
13
83
7
11
80
5
9
80
4
7
79
3
7
76
0
4
74
0
2
75
0
3
76
0
4
76
0
4
76
0
4
76
0
4
76
0
4
76
0
4
76
0
4
76
0
4
76
0
4
76
0
4
76
0
4
76
0
4
76
0
4
76
0
4
76
0
4
76
0
4
76
0
4
76
0
4
76
0
4
76
0
4
76
0
4
76
0
4
76
0
4
76
0
4
76
0
4
76
0
4
76
0
4
76
0
4
76
0
4
76
0
4
76
0
4
76
0
4
76
0
4
76
0
4
76
0
4
76
0
4
76
0
4
76
0
4
76
0
4
76
0
4
76
0
4
76
0
4
76
0
4
76
0
4
76
0
4
76
0
4
76
0
4
76
0
4
76
0
4
76
0
4
76
0
4
76
0
4
76
0
4
74
0
4
74
1
3
73
0
2
74
1
3
70
0
1
77
6
7
81
8
10
72
0
1
71
0
0
75
2
4
68
4
4
67
3
3
67
2
2
67
1
2
68
1
2
71
2
4
74
3
6
76
5
8
79
5
9
93
19
23
88
15
20
76
5
10
71
1
6
72
3
9
71
5
10
66
1
6
68
4
10
66
3
9
65
11
10
57
5
4
54
0
0
60
2
2
70
5
5
73
0
2
78
0
2
87
3
7
86
1
3
88
0
3
89
0
3
89
0
2
88
1
1
84
2
1
82
3
0
80
3
0
77
4
0
76
5
0
75
2
2
73
0
4
72
1
4
72
0
6
72
0
6
70
0
7
71
0
9
71
0
10
71
0
11
71
0
10
72
0
9
73
0
8
73
1
7
74
0
4
76
1
3
77
2
1
77
2
0
77
3
0
77
2
1
76
0
4
76
0
4
76
0
4
76
0
4
76
0
4
76
0
4
76
0
4
76
0
4
76
0
4
76
0
4
76
0
4
76
0
4
76
0
4
76
0
4
76
0
4
76
0
4
76
0
4
76
0
4
76
0
4
240
240
244
249
249
251
243
243
246
238
237
241
151
150
153
65
64
68
128
127
130
223
222
224
246
245
247
247
246
247
245
245
246
244
244
245
247
247
248
251
252
253
251
252
253
246
249
248
247
250
250
242
245
245
238
245
238
248
250
242
234
227
220
147
130
124
43
13
8
63
20
17
65
12
9
73
8
7
76
6
5
75
2
2
77
3
2
78
4
3
77
3
2
76
2
0
78
4
3
81
3
3
81
3
3
79
1
1
83
0
1
86
0
2
86
0
3
85
1
4
83
1
5
80
2
5
77
1
5
74
1
6
72
0
6
71
0
5
70
0
6
71
0
6
72
0
6
74
0
6
76
0
6
77
0
6
78
0
7
80
0
7
76
1
5
69
2
2
69
1
2
68
0
2
68
0
2
68
0
4
69
0
6
70
0
6
70
0
7
71
0
8
72
0
8
72
1
7
75
0
7
77
0
6
77
0
4
78
0
3
79
0
3
80
1
2
80
0
3
76
0
4
76
0
4
76
0
4
76
0
4
76
0
4
76
0
4
76
0
4
76
0
4
76
0
4
75
0
3
75
0
3
75
0
3
75
0
3
76
0
3
76
0
4
77
1
5
78
2
5
78
2
6
72
0
1
78
4
3
84
10
9
80
7
5
74
3
1
77
6
3
82
12
7
76
7
1
78
8
2
76
7
1
76
6
1
76
3
1
79
6
3
85
10
7
88
11
10
96
17
16
106
25
25
83
3
3
80
3
6
78
2
6
77
1
5
76
0
4
76
1
4
78
2
6
81
5
8
80
4
8
78
2
6
76
0
4
76
0
4
76
0
4
76
0
4
76
0
4
76
0
4
76
0
4
76
0
4
76
0
4
76
0
4
76
0
4
76
0
4
76
0
4
76
0
4
76
0
4
76
0
4
76
0
4
76
0
4
76
0
4
76
0
4
76
0
4
76
0
4
76
0
4
76
0
4
76
0
4
76
0
4
76
0
4
76
0
4
76
0
4
76
0
4
76
0
4
76
0
4
76
0
4
76
0
4
76
0
4
76
0
4
76
0
4
76
0
4
76
0
4
76
0
4
76
0
4
76
0
4
76
0
4
76
0
4
76
0
4
76
0
4
76
0
4
76
0
4
76
0
4
76
0
4
76
0
4
76
0
4
76
0
4
76
0
4
75
1
3
77
3
5
72
0
1
75
2
4
78
4
7
75
3
4
73
1
2
77
3
6
80
6
8
74
0
2
67
1
2
67
1
2
68
1
2
68
0
2
70
1
2
72
2
3
75
3
5
78
3
7
79
5
8
76
1
4
77
0
5
82
7
13
86
12
17
85
11
16
83
10
15
78
7
12
77
5
11
76
6
12
70
11
12
65
7
8
65
5
5
69
6
6
74
6
7
72
0
2
78
0
2
87
6
8
86
1
4
88
0
2
89
1
2
89
1
2
89
2
1
86
3
0
85
3
0
83
4
0
81
4
0
80
5
0
76
2
2
72
1
3
72
1
3
72
0
5
71
0
5
71
0
7
72
0
8
71
0
8
71
0
8
72
0
9
72
0
9
72
0
8
74
1
6
74
0
4
76
1
3
77
1
1
77
2
1
78
2
1
78
1
2
76
0
4
76
0
4
76
0
4
76
0
4
76
0
4
76
0
4
76
0
4
76
0
4
76
0
4
76
0
4
76
0
4
76
0
4
76
0
4
76
0
4
76
0
4
76
0
4
76
0
4
76
0
4
76
0
4
208
212
219
243
246
250
234
236
242
187
189
196
122
122
130
114
113
121
206
204
211
250
247
253
246
244
252
249
248
253
249
248
254
247
248
254
243
246
252
242
246
252
242
249
254
241
249
251
236
247
253
229
240
246
230
237
232
245
248
240
220
218
209
136
125
117
51
31
22
62
31
22
65
21
12
77
21
13
77
14
6
77
6
2
84
9
4
90
14
9
90
14
11
85
10
8
82
8
8
77
8
9
75
8
10
73
8
10
75
3
6
76
0
4
76
0
4
76
0
4
76
0
4
76
0
4
76
0
4
76
0
4
76
0
4
76
0
4
76
0
4
76
0
4
76
0
4
76
0
4
76
0
4
76
0
4
76
0
4
76
0
4
76
0
4
76
0
4
76
0
4
76
0
4
76
0
4
76
0
4
76
0
4
76
0
4
76
0
4
76
0
4
76
0
4
76
0
4
76
0
4
76
0
4
76
0
4
76
0
4
76
0
4
76
0
4
76
0
4
76
0
4
76
0
4
76
0
4
76
0
4
76
0
4
76
0
4
76
0
4
76
0
4
76
0
4
76
0
4
76
0
4
76
0
4
76
0
4
76
0
4
76
0
4
76
0
4
76
0
4
76
0
4
76
0
4
76
0
4
76
0
4
76
0
4
76
0
4
76
0
4
76
0
4
76
0
4
76
0
4
76
0
4
76
0
4
76
0
4
76
0
4
76
0
4
76
0
4
76
0
4
76
0
4
76
0
4
76
0
4
76
0
4
76
0
4
76
0
4
76
0
4
76
0
4
76
0
4
76
0
4
76
0
4
76
0
4
76
0
4
76
0
4
76
0
4
76
0
4
76
0
4
76
0
4
76
0
4
76
0
4
76
0
4
76
0
4
76
0
4
76
0
4
76
0
4
76
0
4
76
0
4
76
0
4
76
0
4
76
0
4
76
0
4
76
0
4
76
0
4
76
0
4
76
0
4
76
0
4
76
0
4
76
0
4
76
0
4
76
0
4
76
0
4
76
0
4
76
0
4
76
0
4
76
0
4
76
0
4
76
0
4
76
0
4
76
0
4
76
0
4
76
0
4
76
0
4
76
0
4
76
0
4
76
0
4
76
0
4
76
0
4
76
0
4
76
0
4
76
0
4
76
0
4
76
0
4
76
0
4
76
0
4
76
0
4
76
0
4
76
0
4
76
0
4
76
0
4
76
0
4
76
0
4
76
0
4
76
0
4
76
0
4
76
0
4
76
0
4
76
0
4
76
0
4
76
0
4
76
0
4
76
0
4
76
0
4
76
0
4
76
0
4
76
0
4
76
0
4
76
0
4
76
0
4
76
0
4
76
0
4
76
0
4
76
0
4
76
0
4
76
0
5
76
0
6
76
0
6
76
0
6
76
0
6
76
0
6
76
0
4
76
0
4
76
0
4
77
2
5
78
3
5
78
3
5
77
2
3
76
2
2
76
2
2
75
1
1
74
0
0
74
0
0
74
0
0
74
0
0
74
0
0
74
0
0
74
0
0
74
0
0
74
0
0
74
0
0
74
0
0
75
0
1
76
1
3
76
1
3
76
1
3
76
1
3
76
0
4
76
0
4
76
0
4
76
0
4
76
0
4
76
0
4
76
0
4
76
0
4
76
0
4
76
0
4
76
0
4
76
0
4
76
0
4
76
0
4
76
0
4
76
0
4
76
0
4
76
0
4
76
0
4
76
0
4
76
0
4
76
0
4
76
0
4
76
0
4
155
159
163
233
238
240
210
214
217
113
116
121
93
95
99
175
175
179
251
251
254
244
243
248
243
242
247
241
242
247
244
245
250
247
250
253
247
251
254
246
251
254
243
250
254
239
248
251
238
250
252
237
249
252
248
252
246
252
250
243
209
202
194
127
113
104
61
36
28
63
28
19
71
25
17
69
10
6
69
5
1
78
7
1
80
6
1
84
9
6
92
16
13
90
15
14
80
6
6
78
9
9
69
2
3
73
8
9
76
4
7
76
0
4
76
0
4
76
0
4
76
0
4
76
0
4
76
0
4
76
0
4
76
0
4
76
0
4
76
0
4
76
0
4
76
0
4
76
0
4
76
0
4
76
0
4
76
0
4
76
0
4
76
0
4
76
0
4
76
0
4
76
0
4
76
0
4
76
0
4
76
0
4
76
0
4
76
0
4
76
0
4
76
0
4
76
0
4
76
0
4
76
0
4
76
0
4
76
0
4
76
0
4
76
0
4
76
0
4
76
0
4
76
0
4
76
0
4
76
0
4
76
0
4
76
0
4
76
0
4
76
0
4
76
0
4
76
0
4
76
0
4
76
0
4
76
0
4
76
0
4
76
0
4
76
0
4
76
0
4
76
0
4
76
0
4
76
0
4
76
0
4
76
0
4
76
0
4
76
0
4
76
0
4
76
0
4
76
0
4
76
0
4
76
0
4
76
0
4
76
0
4
76
0
4
76
0
4
76
0
4
76
0
4
76
0
4
76
0
4
76
0
4
76
0
4
76
0
4
76
0
4
76
0
4
76
0
4
76
0
4
76
0
4
76
0
4
76
0
4
76
0
4
76
0
4
76
0
4
76
0
4
76
0
4
76
0
4
76
0
4
76
0
4
76
0
4
76
0
4
76
0
4
76
0
4
76
0
4
76
0
4
76
0
4
76
0
4
76
0
4
76
0
4
76
0
4
76
0
4
76
0
4
76
0
4
76
0
4
76
0
4
76
0
4
76
0
4
76
0
4
76
0
4
76
0
4
76
0
4
76
0
4
76
0
4
76
0
4
76
0
4
76
0
4
76
0
4
76
0
4
76
0
4
76
0
4
76
0
4
76
0
4
76
0
4
76
0
4
76
0
4
76
0
4
76
0
4
76
0
4
76
0
4
76
0
4
76
0
4
76
0
4
76
0
4
76
0
4
76
0
4
76
0
4
76
0
4
76
0
4
76
0
4
76
0
4
76
0
4
76
0
4
76
0
4
76
0
4
76
0
4
76
0
4
76
0
4
76
0
4
76
0
4
76
0
4
76
0
4
76
0
4
76
0
4
76
0
4
76
0
4
76
0
4
76
0
4
76
0
4
76
0
4
76
0
4
76
0
4
76
0
5
76
0
6
76
0
6
76
0
6
76
0
6
76
0
6
76
0
4
76
0
4
76
0
4
77
2
4
78
3
5
77
2
4
77
2
3
76
2
2
76
2
2
75
1
1
74
1
1
74
0
0
74
0
0
74
1
0
74
1
0
74
0
0
74
0
0
74
0
0
74
0
0
74
0
0
74
0
0
75
0
1
76
1
3
76
1
3
76
1
3
76
1
3
76
0
4
76
0
4
76
0
4
76
0
4
76
0
4
76
0
4
76
0
4
76
0
4
76
0
4
76
0
4
76
0
4
76
0
4
76
0
4
76
0
4
76
0
4
76
0
4
76
0
4
76
0
4
76
0
4
76
0
4
76
0
4
76
0
4
76
0
4
76
0
4
156
159
160
198
201
202
140
142
143
51
52
53
82
83
84
197
197
198
243
242
242
240
238
239
241
240
241
239
238
240
245
246
247
249
251
252
245
249
249
241
246
246
243
250
250
246
254
255
243
252
252
229
238
238
249
251
245
247
239
232
192
178
171
120
99
92
75
45
38
65
26
18
77
27
20
70
9
4
78
10
7
87
15
10
84
8
4
90
12
10
99
22
20
83
8
7
77
4
4
93
25
25
76
10
11
70
6
6
73
2
4
76
0
4
76
0
4
76
0
4
76
0
4
76
0
4
76
0
4
76
0
4
76
0
4
76
0
4
76
0
4
76
0
4
76
0
4
76
0
4
76
0
4
76
0
4
76
0
4
76
0
4
76
0
4
76
0
4
76
0
4
76
0
4
76
0
4
76
0
4
76
0
4
76
0
4
76
0
4
76
0
4
76
0
4
76
0
4
76
0
4
76
0
4
76
0
4
76
0
4
76
0
4
76
0
4
76
0
4
76
0
4
76
0
4
76
0
4
76
0
4
76
0
4
76
0
4
76
0
4
76
0
4
76
0
4
76
0
4
76
0
4
76
0
4
76
0
4
76
0
4
76
0
4
76
0
4
76
0
4
76
0
4
76
0
4
76
0
4
76
0
4
76
0
4
76
0
4
76
0
4
76
0
4
76
0
4
76
0
4
76
0
4
76
0
4
76
0
4
76
0
4
76
0
4
76
0
4
76
0
4
76
0
4
76
0
4
76
0
4
76
0
4
76
0
4
76
0
4
76
0
4
76
0
4
76
0
4
76
0
4
76
0
4
76
0
4
76
0
4
76
0
4
76
0
4
76
0
4
76
0
4
76
0
4
76
0
4
76
0
4
76
0
4
76
0
4
76
0
4
76
0
4
76
0
4
76
0
4
76
0
4
76
0
4
76
0
4
76
0
4
76
0
4
76
0
4
76
0
4
76
0
4
76
0
4
76
0
4
76
0
4
76
0
4
76
0
4
76
0
4
76
0
4
76
0
4
76
0
4
76
0
4
76
0
4
76
0
4
76
0
4
76
0
4
76
0
4
76
0
4
76
0
4
76
0
4
76
0
4
76
0
4
76
0
4
76
0
4
76
0
4
76
0
4
76
0
4
76
0
4
76
0
4
76
0
4
76
0
4
76
0
4
76
0
4
76
0
4
76
0
4
76
0
4
76
0
4
76
0
4
76
0
4
76
0
4
76
0
4
76
0
4
76
0
4
76
0
4
76
0
4
76
0
4
76
0
4
76
0
4
76
0
4
76
0
4
76
0
4
76
0
4
76
0
4
76
0
4
76
0
4
76
0
4
76
0
4
76
0
4
76
0
4
76
0
4
76
0
4
76
0
5
76
0
6
76
0
6
76
0
6
76
0
6
76
0
6
76
0
4
76
0
4
76
0
4
77
1
4
77
2
4
77
2
4
77
2
3
76
2
2
76
2
2
75
1
1
75
1
1
75
1
1
75
1
0
75
1
0
75
1
0
75
1
0
75
1
0
75
1
1
74
0
0
74
0
0
74
0
0
75
0
1
76
1
3
76
1
3
76
1
3
76
1
3
76
0
4
76
0
4
76
0
4
76
0
4
76
0
4
76
0
4
76
0
4
76
0
4
76
0
4
76
0
4
76
0
4
76
0
4
76
0
4
76
0
4
76
0
4
76
0
4
76
0
4
76
0
4
76
0
4
76
0
4
76
0
4
76
0
4
76
0
4
76
0
4
107
104
100
62
58
53
71
66
62
135
130
126
205
202
198
245
242
239
252
247
243
252
249
246
247
240
236
252
249
245
254
250
246
254
252
248
253
253
249
251
251
247
247
248
243
240
242
237
238
241
236
239
242
237
234
221
216
204
184
178
141
116
111
85
54
49
63
24
19
55
9
4
71
16
10
65
2
1
76
5
2
80
5
2
118
41
38
182
107
104
216
144
141
166
92
90
86
14
14
70
5
5
70
4
5
66
2
2
71
0
3
76
0
4
76
0
4
76
0
4
76
0
4
76
0
4
76
0
4
76
0
4
76
0
4
76
0
4
76
0
4
76
0
4
76
0
4
76
0
4
76
0
4
76
0
4
76
0
4
76
0
4
76
0
4
76
0
4
76
0
4
76
0
4
76
0
4
76
0
4
76
0
4
76
0
4
76
0
4
76
0
4
76
0
4
76
0
4
76
0
4
76
0
4
76
0
4
76
0
4
76
0
4
76
0
4
76
0
4
76
0
4
76
0
4
76
0
4
76
0
4
76
0
4
76
0
4
76
0
4
76
0
4
76
0
4
76
0
4
76
0
4
76
0
4
76
0
4
76
0
4
76
0
4
76
0
4
76
0
4
76
0
4
76
0
4
76
0
4
76
0
4
76
0
4
76
0
4
76
0
4
76
0
4
76
0
4
76
0
4
76
0
4
76
0
4
76
0
4
76
0
4
76
0
4
76
0
4
76
0
4
76
0
4
76
0
4
76
0
4
76
0
4
76
0
4
76
0
4
76
0
4
76
0
4
76
0
4
76
0
4
76
0
4
76
0
4
76
0
4
76
0
4
76
0
4
76
0
4
76
0
4
76
0
4
76
0
4
76
0
4
76
0
4
76
0
4
76
0
4
76
0
4
76
0
4
76
0
4
76
0
4
76
0
4
76
0
4
76
0
4
76
0
4
76
0
4
76
0
4
76
0
4
76
0
4
76
0
4
76
0
4
76
0
4
76
0
4
76
0
4
76
0
4
76
0
4
76
0
4
76
0
4
76
0
4
76
0
4
76
0
4
76
0
4
76
0
4
76
0
4
76
0
4
76
0
4
76
0
4
76
0
4
76
0
4
76
0
4
76
0
4
76
0
4
76
0
4
76
0
4
76
0
4
76
0
4
76
0
4
76
0
4
76
0
4
76
0
4
76
0
4
76
0
4
76
0
4
76
0
4
76
0
4
76
0
4
76
0
4
76
0
4
76
0
4
76
0
4
76
0
4
76
0
4
76
0
4
76
0
4
76
0
4
76
0
4
76
0
4
76
0
4
76
0
4
76
0
4
76
0
4
76
0
4
76
0
4
76
0
4
76
0
4
76
0
4
76
0
4
76
0
5
76
0
6
76
0
6
76
0
6
76
0
6
76
0
6
76
0
4
76
0
4
76
0
4
77
1
4
77
2
4
77
2
3
76
1
3
76
2
2
76
2
2
76
2
2
75
1
1
75
1
1
76
2
1
76
2
0
76
2
0
76
2
0
75
1
0
75
1
1
74
0
0
74
0
0
74
0
0
75
0
1
76
1
3
76
1
3
76
1
3
76
1
3
76
0
4
76
0
4
76
0
4
76
0
4
76
0
4
76
0
4
76
0
4
76
0
4
76
0
4
76
0
4
76
0
4
76
0
4
76
0
4
76
0
4
76
0
4
76
0
4
76
0
4
76
0
4
76
0
4
76
0
4
76
0
4
76
0
4
76
0
4
76
0
4
71
52
45
50
31
24
152
133
126
228
213
206
254
244
237
252
241
234
246
227
221
255
237
230
255
249
242
255
244
237
255
242
235
255
242
235
255
241
234
255
243
235
255
250
242
254
253
246
254
252
245
254
245
236
222
197
191
167
137
132
104
69
64
65
24
20
63
17
12
69
16
10
88
27
23
82
15
10
83
11
6
84
8
4
82
4
3
96
18
17
113
37
34
98
24
22
71
0
0
87
20
19
78
13
12
71
7
6
73
2
4
76
0
4
76
0
4
76
0
4
76
0
4
76
0
4
76
0
4
76
0
4
76
0
4
76
0
4
76
0
4
76
0
4
76
0
4
76
0
4
76
0
4
76
0
4
76
0
4
76
0
4
76
0
4
76
0
4
76
0
4
76
0
4
76
0
4
76
0
4
76
0
4
76
0
4
76
0
4
76
0
4
76
0
4
76
0
4
76
0
4
76
0
4
76
0
4
76
0
4
76
0
4
76
0
4
76
0
4
76
0
4
76
0
4
76
0
4
76
0
4
76
0
4
76
0
4
76
0
4
76
0
4
76
0
4
76
0
4
76
0
4
76
0
4
76
0
4
76
0
4
76
0
4
76
0
4
76
0
4
76
0
4
76
0
4
76
0
4
76
0
4
76
0
4
76
0
4
76
0
4
76
0
4
76
0
4
76
0
4
76
0
4
76
0
4
76
0
4
76
0
4
76
0
4
76
0
4
76
0
4
76
0
4
76
0
4
76
0
4
76
0
4
76
0
4
76
0
4
76
0
4
76
0
4
76
0
4
76
0
4
76
0
4
76
0
4
76
0
4
76
0
4
76
0
4
76
0
4
76
0
4
76
0
4
76
0
4
76
0
4
76
0
4
76
0
4
76
0
4
76
0
4
76
0
4
76
0
4
76
0
4
76
0
4
76
0
4
76
0
4
76
0
4
76
0
4
76
0
4
76
0
4
76
0
4
76
0
4
76
0
4
76
0
4
76
0
4
76
0
4
76
0
4
76
0
4
76
0
4
76
0
4
76
0
4
76
0
4
76
0
4
76
0
4
76
0
4
76
0
4
76
0
4
76
0
4
76
0
4
76
0
4
76
0
4
76
0
4
76
0
4
76
0
4
76
0
4
76
0
4
76
0
4
76
0
4
76
0
4
76
0
4
76
0
4
76
0
4
76
0
4
76
0
4
76
0
4
76
0
4
76
0
4
76
0
4
76
0
4
76
0
4
76
0
4
76
0
4
76
0
4
76
0
4
76
0
4
76
0
4
76
0
4
76
0
4
76
0
4
76
0
4
76
0
4
76
0
4
76
0
4
76
0
4
76
0
4
76
0
4
76
0
4
76
0
4
76
0
4
76
0
5
76
0
6
76
0
6
76
0
6
76
0
6
76
0
6
76
0
4
76
0
4
76
0
4
76
1
3
76
1
3
76
1
3
76
1
3
76
2
2
76
2
2
76
2
2
76
2
2
76
2
2
76
2
1
77
3
1
77
3
1
77
3
1
76
2
0
75
1
1
75
1
1
74
0
0
74
0
0
75
0
1
76
1
3
76
1
3
76
1
3
76
1
3
76
0
4
76
0
4
76
0
4
76
0
4
76
0
4
76
0
4
76
0
4
76
0
4
76
0
4
76
0
4
76
0
4
76
0
4
76
0
4
76
0
4
76
0
4
76
0
4
76
0
4
76
0
4
76
0
4
76
0
4
76
0
4
76
0
4
76
0
4
76
0
4
70
31
20
142
102
92
187
147
137
213
175
164
204
165
154
181
141
131
173
134
123
125
86
76
156
117
107
184
145
134
198
161
150
203
166
155
195
159
148
189
155
143
199
165
154
214
181
170
210
178
166
186
153
141
169
130
124
125
81
77
81
35
30
63
12
8
65
10
6
65
5
1
74
10
7
75
4
2
76
1
0
79
3
1
83
5
3
85
6
5
84
8
6
83
9
7
75
4
4
69
2
1
66
1
1
66
2
1
72
1
3
76
0
4
76
0
4
76
0
4
76
0
4
76
0
4
76
0
4
76
0
4
76
0
4
76
0
4
76
0
4
76
0
4
76
0
4
76
0
4
76
0
4
76
0
4
76
0
4
76
0
4
76
0
4
76
0
4
76
0
4
76
0
4
76
0
4
76
0
4
76
0
4
76
0
4
76
0
4
76
0
4
76
0
4
76
0
4
76
0
4
76
0
4
76
0
4
76
0
4
76
0
4
76
0
4
76
0
4
76
0
4
76
0
4
76
0
4
76
0
4
76
0
4
76
0
4
76
0
4
76
0
4
76
0
4
76
0
4
76
0
4
76
0
4
76
0
4
76
0
4
76
0
4
76
0
4
76
0
4
76
0
4
76
0
4
76
0
4
76
0
4
76
0
4
76
0
4
76
0
4
76
0
4
76
0
4
76
0
4
76
0
4
76
0
4
76
0
4
76
0
4
76
0
4
76
0
4
76
0
4
76
0
4
76
0
4
76
0
4
76
0
4
76
0
4
76
0
4
76
0
4
76
0
4
76
0
4
76
0
4
76
0
4
76
0
4
76
0
4
76
0
4
76
0
4
76
0
4
76
0
4
76
0
4
76
0
4
76
0
4
76
0
4
76
0
4
76
0
4
76
0
4
76
0
4
76
0
4
76
0
4
76
0
4
76
0
4
76
0
4
76
0
4
76
0
4
76
0
4
76
0
4
76
0
4
76
0
4
76
0
4
76
0
4
76
0
4
76
0
4
76
0
4
76
0
4
76
0
4
76
0
4
76
0
4
76
0
4
76
0
4
76
0
4
76
0
4
76
0
4
76
0
4
76
0
4
76
0
4
76
0
4
76
0
4
76
0
4
76
0
4
76
0
4
76
0
4
76
0
4
76
0
4
76
0
4
76
0
4
76
0
4
76
0
4
76
0
4
76
0
4
76
0
4
76
0
4
76
0
4
76
0
4
76
0
4
76
0
4
76
0
4
76
0
4
76
0
4
76
0
4
76
0
4
76
0
4
76
0
4
76
0
4
76
0
4
76
0
4
76
0
4
76
0
4
76
0
4
76
0
4
76
0
4
76
0
4
76
0
4
76
0
4
76
0
4
76
0
4
76
0
5
76
0
6
76
0
6
76
0
6
76
0
6
76
0
6
76
0
4
76
0
4
76
0
4
76
0
3
76
1
3
76
1
3
76
1
3
76
2
2
76
2
2
76
2
2
76
2
2
76
2
2
77
3
2
78
4
2
78
3
2
77
3
1
76
2
0
75
1
1
75
1
1
74
0
0
74
0
0
75
0
1
76
1
3
76
1
3
76
1
3
76
1
3
76
0
4
76
0
4
76
0
4
76
0
4
76
0
4
76
0
4
76
0
4
76
0
4
76
0
4
76
0
4
76
0
4
76
0
4
76
0
4
76
0
4
76
0
4
76
0
4
76
0
4
76
0
4
76
0
4
76
0
4
76
0
4
76
0
4
76
0
4
76
0
4
122
63
52
124
65
54
129
70
59
135
76
65
134
76
64
130
72
61
132
75
63
134
78
67
133
77
65
134
78
67
137
83
71
138
84
73
137
83
71
134
80
68
128
76
64
124
72
60
129
77
64
127
75
63
148
96
91
128
76
73
93
37
35
74
15
13
75
14
11
70
5
2
73
4
2
74
0
0
80
3
1
78
1
0
79
2
1
79
2
1
76
1
0
73
0
0
74
2
2
69
1
0
69
3
2
68
3
2
72
1
3
76
0
4
76
0
4
76
0
4
76
0
4
76
0
4
76
0
4
76
0
4
76
0
4
76
0
4
76
0
4
76
0
4
76
0
4
76
0
4
76
0
4
76
0
4
76
0
4
76
0
4
76
0
4
76
0
4
76
0
4
76
0
4
76
0
4
76
0
4
76
0
4
76
0
4
76
0
4
76
0
4
76
0
4
76
0
4
76
0
4
76
0
4
76
0
4
76
0
4
76
0
4
76
0
4
76
0
4
76
0
4
76
0
4
76
0
4
76
0
4
76
0
4
76
0
4
76
0
4
76
0
4
76
0
4
76
0
4
76
0
4
76
0
4
76
0
4
76
0
4
76
0
4
76
0
4
76
0
4
76
0
4
76
0
4
76
0
4
76
0
4
76
0
4
76
0
4
76
0
4
76
0
4
76
0
4
76
0
4
76
0
4
76
0
4
76
0
4
76
0
4
76
0
4
76
0
4
76
0
4
76
0
4
76
0
4
76
0
4
76
0
4
76
0
4
76
0
4
76
0
4
76
0
4
76
0
4
76
0
4
76
0
4
76
0
4
76
0
4
76
0
4
76
0
4
76
0
4
76
0
4
76
0
4
76
0
4
76
0
4
76
0
4
76
0
4
76
0
4
76
0
4
76
0
4
76
0
4
76
0
4
76
0
4
76
0
4
76
0
4
76
0
4
76
0
4
76
0
4
76
0
4
76
0
4
76
0
4
76
0
4
76
0
4
76
0
4
76
0
4
76
0
4
76
0
4
76
0
4
76
0
4
76
0
4
76
0
4
76
0
4
76
0
4
76
0
4
76
0
4
76
0
4
76
0
4
76
0
4
76
0
4
76
0
4
76
0
4
76
0
4
76
0
4
76
0
4
76
0
4
76
0
4
76
0
4
76
0
4
76
0
4
76
0
4
76
0
4
76
0
4
76
0
4
76
0
4
76
0
4
76
0
4
76
0
4
76
0
4
76
0
4
76
0
4
76
0
4
76
0
4
76
0
4
76
0
4
76
0
4
76
0
4
76
0
4
76
0
4
76
0
4
76
0
4
76
0
4
76
0
4
76
0
4
76
0
4
76
0
4
76
0
4
76
0
4
76
0
4
76
0
5
76
0
6
76
0
6
76
0
6
76
0
6
76
0
6
76
0
4
76
0
4
76
0
4
76
1
3
76
1
3
76
1
3
75
1
2
75
1
1
77
3
3
78
4
4
77
3
3
75
2
2
76
2
1
77
3
1
77
3
2
78
4
3
78
4
2
75
1
1
75
1
1
75
1
1
75
1
1
75
0
1
76
1
3
76
1
3
76
1
3
76
1
3
76
0
4
76
0
4
76
0
4
76
0
4
76
0
4
76
0
4
76
0
4
76
0
4
76
0
4
76
0
4
76
0
4
76
0
4
76
0
4
76
0
4
76
0
4
76
0
4
76
0
4
76
0
4
76
0
4
76
0
4
76
0
4
76
0
4
76
0
4
76
0
4
142
68
56
142
68
56
153
78
67
150
76
64
140
67
55
140
69
56
152
82
69
154
84
72
153
84
71
151
82
69
150
82
70
140
73
61
136
69
56
136
69
56
134
67
54
130
63
51
142
75
62
141
74
62
154
92
87
150
90
86
112
50
47
79
15
12
78
12
8
78
9
6
77
4
3
73
0
0
79
3
3
78
1
1
77
0
1
76
0
1
76
0
1
75
1
1
73
1
1
71
1
0
69
2
0
68
2
0
73
1
2
76
0
4
76
0
4
76
0
4
76
0
4
76
0
4
76
0
4
76
0
4
76
0
4
76
0
4
76
0
4
76
0
4
76
0
4
76
0
4
76
0
4
76
0
4
76
0
4
76
0
4
76
0
4
76
0
4
76
0
4
76
0
4
76
0
4
76
0
4
76
0
4
76
0
4
76
0
4
76
0
4
76
0
4
76
0
4
76
0
4
76
0
4
76
0
4
76
0
4
76
0
4
76
0
4
76
0
4
76
0
4
76
0
4
76
0
4
76
0
4
76
0
4
76
0
4
76
0
4
76
0
4
76
0
4
76
0
4
76
0
4
76
0
4
76
0
4
76
0
4
76
0
4
76
0
4
76
0
4
76
0
4
76
0
4
76
0
4
76
0
4
76
0
4
76
0
4
76
0
4
76
0
4
76
0
4
76
0
4
76
0
4
76
0
4
76
0
4
76
0
4
76
0
4
76
0
4
76
0
4
76
0
4
76
0
4
76
0
4
76
0
4
76
0
4
76
0
4
76
0
4
76
0
4
76
0
4
76
0
4
76
0
4
76
0
4
76
0
4
76
0
4
76
0
4
76
0
4
76
0
4
76
0
4
76
0
4
76
0
4
76
0
4
76
0
4
76
0
4
76
0
4
76
0
4
76
0
4
76
0
4
76
0
4
76
0
4
76
0
4
76
0
4
76
0
4
76
0
4
76
0
4
76
0
4
76
0
4
76
0
4
76
0
4
76
0
4
76
0
4
76
0
4
76
0
4
76
0
4
76
0
4
76
0
4
76
0
4
76
0
4
76
0
4
76
0
4
76
0
4
76
0
4
76
0
4
76
0
4
76
0
4
76
0
4
76
0
4
76
0
4
76
0
4
76
0
4
76
0
4
76
0
4
76
0
4
76
0
4
76
0
4
76
0
4
76
0
4
76
0
4
76
0
4
76
0
4
76
0
4
76
0
4
76
0
4
76
0
4
76
0
4
76
0
4
76
0
4
76
0
4
76
0
4
76
0
4
76
0
4
76
0
4
76
0
4
76
0
4
76
0
4
76
0
4
76
0
4
76
0
4
76
0
4
76
0
4
76
0
4
76
0
4
76
0
4
76
0
4
76
0
5
76
0
6
76
0
6
76
0
6
76
0
6
76
0
6
76
0
4
76
0
4
76
0
4
76
1
4
77
2
4
76
1
3
75
1
2
75
1
1
77
3
3
80
6
6
80
6
6
78
4
4
78
4
3
78
4
2
77
3
2
80
6
4
80
6
4
73
0
0
74
0
0
77
3
3
76
1
1
75
0
1
76
1
3
76
1
3
76
1
3
76
1
3
76
0
4
76
0
4
76
0
4
76
0
4
76
0
4
76
0
4
76
0
4
76
0
4
76
0
4
76
0
4
76
0
4
76
0
4
76
0
4
76
0
4
76
0
4
76
0
4
76
0
4
76
0
4
76
0
4
76
0
4
76
0
4
76
0
4
76
0
4
76
0
4
160
77
64
157
73
61
164
80
68
158
75
63
146
65
52
146
66
53
158
79
66
161
84
71
164
87
74
155
78
65
154
78
65
146
70
57
143
68
54
145
69
55
142
66
53
138
62
49
152
75
62
153
76
63
151
83
77
152
86
83
131
65
62
99
32
29
80
11
8
80
9
7
72
0
0
76
2
2
77
3
3
76
1
2
76
0
1
75
1
1
75
1
1
73
1
1
73
1
1
71
2
0
70
2
0
69
2
0
73
1
2
76
0
4
76
0
4
76
0
4
76
0
4
76
0
4
76
0
4
76
0
4
76
0
4
76
0
4
76
0
4
76
0
4
76
0
4
76
0
4
76
0
4
76
0
4
76
0
4
76
0
4
76
0
4
76
0
4
76
0
4
76
0
4
76
0
4
76
0
4
76
0
4
76
0
4
76
0
4
76
0
4
76
0
4
76
0
4
76
0
4
76
0
4
76
0
4
76
0
4
76
0
4
76
0
4
76
0
4
76
0
4
76
0
4
76
0
4
76
0
4
76
0
4
76
0
4
76
0
4
76
0
4
76
0
4
76
0
4
76
0
4
76
0
4
76
0
4
76
0
4
76
0
4
76
0
4
76
0
4
76
0
4
76
0
4
76
0
4
76
0
4
76
0
4
76
0
4
76
0
4
76
0
4
76
0
4
76
0
4
76
0
4
76
0
4
76
0
4
76
0
4
76
0
4
76
0
4
76
0
4
76
0
4
76
0
4
76
0
4
76
0
4
76
0
4
76
0
4
76
0
4
76
0
4
76
0
4
76
0
4
76
0
4
76
0
4
76
0
4
76
0
4
76
0
4
76
0
4
76
0
4
76
0
4
76
0
4
76
0
4
76
0
4
76
0
4
76
0
4
76
0
4
76
0
4
76
0
4
76
0
4
76
0
4
76
0
4
76
0
4
76
0
4
76
0
4
76
0
4
76
0
4
76
0
4
76
0
4
76
0
4
76
0
4
76
0
4
76
0
4
76
0
4
76
0
4
76
0
4
76
0
4
76
0
4
76
0
4
76
0
4
76
0
4
76
0
4
76
0
4
76
0
4
76
0
4
76
0
4
76
0
4
76
0
4
76
0
4
76
0
4
76
0
4
76
0
4
76
0
4
76
0
4
76
0
4
76
0
4
76
0
4
76
0
4
76
0
4
76
0
4
76
0
4
76
0
4
76
0
4
76
0
4
76
0
4
76
0
4
76
0
4
76
0
4
76
0
4
76
0
4
76
0
4
76
0
4
76
0
4
76
0
4
76
0
4
76
0
4
76
0
4
76
0
4
76
0
4
76
0
4
76
0
4
76
0
4
76
0
4
76
0
4
76
0
4
76
0
4
76
0
5
76
0
6
76
0
6
76
0
6
76
0
6
76
0
6
76
0
4
76
0
4
76
0
4
76
0
3
76
1
3
77
2
4
77
2
4
76
2
2
76
2
2
78
4
4
82
8
8
86
12
12
88
14
13
85
11
9
79
5
3
78
5
3
79
5
3
75
1
1
75
1
1
78
4
4
76
2
2
75
0
1
76
1
3
76
1
3
76
1
3
76
1
3
76
0
4
76
0
4
76
0
4
76
0
4
76
0
4
76
0
4
76
0
4
76
0
4
76
0
4
76
0
4
76
0
4
76
0
4
76
0
4
76
0
4
76
0
4
76
0
4
76
0
4
76
0
4
76
0
4
76
0
4
76
0
4
76
0
4
76
0
4
76
0
4
155
66
55
153
64
53
164
76
64
164
76
64
156
69
58
154
69
57
162
79
67
163
81
69
165
83
71
161
81
69
160
81
68
153
74
61
153
73
60
157
75
63
154
72
60
149
67
55
162
80
68
167
84
72
152
81
75
154
86
82
145
77
73
112
43
39
79
7
5
81
9
9
71
0
0
78
6
6
76
1
3
75
0
2
74
0
1
73
1
1
73
1
1
73
1
1
73
1
1
71
2
0
71
2
0
71
2
0
74
1
2
76
0
4
76
0
4
76
0
4
76
0
4
76
0
4
76
0
4
76
0
4
76
0
4
76
0
4
76
0
4
76
0
4
76
0
4
76
0
4
76
0
4
76
0
4
76
0
4
76
0
4
76
0
4
76
0
4
76
0
4
76
0
4
76
0
4
76
0
4
76
0
4
76
0
4
76
0
4
76
0
4
76
0
4
76
0
4
76
0
4
76
0
4
76
0
4
76
0
4
76
0
4
76
0
4
76
0
4
76
0
4
76
0
4
76
0
4
76
0
4
76
0
4
76
0
4
76
0
4
76
0
4
76
0
4
76
0
4
76
0
4
76
0
4
76
0
4
76
0
4
76
0
4
76
0
4
76
0
4
76
0
4
76
0
4
76
0
4
76
0
4
76
0
4
76
0
4
76
0
4
76
0
4
76
0
4
76
0
4
76
0
4
76
0
4
76
0
4
76
0
4
76
0
4
76
0
4
76
0
4
76
0
4
76
0
4
76
0
4
76
0
4
76
0
4
76
0
4
76
0
4
76
0
4
76
0
4
76
0
4
76
0
4
76
0
4
76
0
4
76
0
4
76
0
4
76
0
4
76
0
4
76
0
4
76
0
4
76
0
4
76
0
4
76
0
4
76
0
4
76
0
4
76
0
4
76
0
4
76
0
4
76
0
4
76
0
4
76
0
4
76
0
4
76
0
4
76
0
4
76
0
4
76
0
4
76
0
4
76
0
4
76
0
4
76
0
4
76
0
4
76
0
4
76
0
4
76
0
4
76
0
4
76
0
4
76
0
4
76
0
4
76
0
4
76
0
4
76
0
4
76
0
4
76
0
4
76
0
4
76
0
4
76
0
4
76
0
4
76
0
4
76
0
4
76
0
4
76
0
4
76
0
4
76
0
4
76
0
4
76
0
4
76
0
4
76
0
4
76
0
4
76
0
4
76
0
4
76
0
4
76
0
4
76
0
4
76
0
4
76
0
4
76
0
4
76
0
4
76
0
4
76
0
4
76
0
4
76
0
4
76
0
4
76
0
4
76
0
4
76
0
4
76
0
4
76
0
4
76
0
4
76
0
4
76
0
4
76
0
4
76
0
4
76
0
4
76
0
4
76
0
5
76
0
6
76
0
6
76
0
6
76
0
6
76
0
6
76
0
4
76
0
4
76
0
4
76
1
3
76
1
3
78
3
5
78
4
5
78
3
3
75
1
1
77
3
3
84
10
10
93
19
19
97
24
22
93
18
16
82
8
6
77
3
1
78
4
2
75
1
1
76
3
3
78
4
4
76
2
2
75
0
1
76
1
3
76
1
3
76
1
3
76
1
3
76
0
4
76
0
4
76
0
4
76
0
4
76
0
4
76
0
4
76
0
4
76
0
4
76
0
4
76
0
4
76
0
4
76
0
4
76
0
4
76
0
4
76
0
4
76
0
4
76
0
4
76
0
4
76
0
4
76
0
4
76
0
4
76
0
4
76
0
4
76
0
4
