0
232
246
245
232
246
245
232
246
245
231
245
244
230
244
243
230
244
243
231
245
244
233
247
246
233
247
246
234
248
247
234
248
247
235
249
248
235
249
248
235
248
248
235
247
247
236
248
248
237
249
249
237
249
249
236
248
248
236
248
248
236
248
248
237
249
249
237
249
249
237
249
249
237
249
249
237
249
249
237
249
249
236
248
248
236
248
248
236
248
248
236
248
248
236
248
248
236
248
248
236
248
248
237
249
249
237
249
249
237
249
249
237
249
249
237
249
249
237
249
249
237
249
249
237
249
249
237
249
249
237
249
249
237
249
249
239
249
249
239
249
249
240
249
249
243
251
251
243
251
251
244
250
251
245
250
251
245
250
251
245
250
251
244
250
251
243
251
251
243
251
251
243
251
251
243
251
251
243
251
251
243
251
251
243
251
251
243
251
251
243
251
251
243
251
251
243
251
251
243
251
251
243
251
251
242
250
250
242
250
250
242
250
250
242
250
250
242
250
250
242
250
250
242
250
250
243
251
251
243
251
251
243
251
251
243
251
251
243
251
251
243
251
251
243
251
251
244
252
252
244
252
252
244
252
252
244
252
252
244
252
252
244
252
252
244
252
252
244
252
252
244
252
252
244
252
252
244
252
252
244
252
252
244
252
252
242
252
252
239
251
251
239
251
251
239
251
251
239
251
251
239
251
251
239
251
251
239
251
251
239
251
251
239
251
251
239
251
251
239
251
251
239
251
251
239
251
251
238
254
254
224
242
242
238
253
253
233
249
248
240
254
253
238
251
249
242
254
253
238
251
249
238
251
249
238
251
250
239
251
251
240
252
253
240
252
254
240
252
254
243
251
251
243
251
251
244
252
252
244
252
252
245
253
253
245
253
253
245
253
253
244
252
252
244
252
252
244
252
252
244
252
252
244
252
252
244
252
252
245
252
252
246
251
252
246
251
252
247
252
253
247
252
253
248
253
254
248
253
254
247
252
253
247
252
253
247
252
253
247
252
253
247
252
253
247
252
253
247
252
253
246
251
252
246
251
252
246
251
252
247
252
253
248
253
254
248
253
254
248
253
254
247
252
253
247
252
253
247
252
253
247
252
253
247
252
253
247
252
253
247
252
253
247
252
253
247
252
253
247
252
253
247
252
253
247
252
253
247
252
253
247
252
253
247
252
253
247
252
253
247
252
253
247
252
253
247
252
253
247
252
253
246
251
252
246
251
252
246
251
252
247
252
253
247
252
253
248
253
254
248
253
254
247
252
253
247
252
253
247
252
253
247
252
253
247
252
253
247
252
253
247
252
253
247
252
253
247
252
253
247
252
253
247
252
253
247
252
253
247
252
253
247
252
253
247
252
253
247
252
253
247
252
253
247
252
253
247
252
253
247
252
253
247
252
253
248
252
253
248
252
253
248
252
253
248
252
253
248
252
253
248
252
253
248
252
253
248
252
253
248
252
253
248
252
253
248
252
253
248
252
253
248
252
253
248
252
253
248
252
253
248
252
253
248
252
253
248
252
253
248
252
253
248
252
253
248
252
253
248
252
253
248
252
253
248
252
253
248
252
253
248
252
253
248
252
253
248
253
254
248
253
254
248
253
254
247
252
253
246
251
252
246
251
252
246
251
252
246
251
252
246
251
252
246
251
252
246
251
252
246
251
252
246
251
252
246
251
252
246
251
252
246
251
252
246
251
252
246
251
252
246
251
252
246
251
252
246
251
252
245
250
251
245
250
251
245
250
251
232
246
245
232
246
245
232
246
245
231
245
244
231
245
244
230
244
243
231
245
244
233
247
246
233
247
246
234
248
247
234
248
247
235
249
248
235
249
248
235
248
248
235
247
247
236
248
248
237
249
249
237
249
249
236
248
248
236
248
248
236
248
248
237
249
249
237
249
249
237
249
249
237
249
249
237
249
249
237
249
249
236
248
248
236
248
248
236
248
248
236
248
248
236
248
248
236
248
248
236
248
248
237
249
249
237
249
249
237
249
249
237
249
249
237
249
249
237
249
249
237
249
249
237
249
249
237
249
249
237
249
249
237
249
249
239
249
249
239
249
249
240
249
249
243
251
251
243
251
251
244
250
251
245
250
251
245
250
251
245
250
251
244
250
251
243
251
251
243
251
251
243
251
251
243
251
251
243
251
251
243
251
251
243
251
251
243
251
251
243
251
251
243
251
251
243
251
251
243
251
251
243
251
251
242
250
250
242
250
250
242
250
250
242
250
250
242
250
250
242
250
250
242
250
250
243
251
251
243
251
251
243
251
251
243
251
251
243
251
251
243
251
251
243
251
251
244
252
252
244
252
252
244
252
252
244
252
252
244
252
252
244
252
252
244
252
252
244
252
252
244
252
252
244
252
252
244
252
252
244
252
252
244
252
252
242
252
252
239
251
251
239
251
251
239
251
251
239
251
251
239
251
251
239
251
251
239
251
251
239
251
251
239
251
251
239
251
251
239
251
251
239
251
251
239
251
251
239
254
254
230
248
248
240
254
254
234
250
249
232
247
245
238
252
250
232
245
243
238
251
249
238
251
249
238
251
250
239
251
251
240
252
253
240
252
254
240
252
254
243
251
251
243
251
251
244
252
252
244
252
252
245
253
253
245
253
253
245
253
253
244
252
252
244
252
252
244
252
252
244
252
252
244
252
252
244
252
252
245
252
252
246
251
252
246
251
252
247
252
253
247
252
253
248
253
254
248
253
254
247
252
253
247
252
253
247
252
253
247
252
253
247
252
253
247
252
253
247
252
253
246
251
252
247
252
253
247
252
253
248
253
254
248
253
254
248
253
254
248
253
254
247
252
253
247
252
253
247
252
253
247
252
253
247
252
253
247
252
253
247
252
253
247
252
253
247
252
253
247
252
253
247
252
253
247
252
253
247
252
253
247
252
253
247
252
253
247
252
253
247
252
253
247
252
253
247
252
253
247
252
253
246
251
252
246
251
252
246
251
252
247
252
253
247
252
253
248
253
254
248
253
254
247
252
253
247
252
253
247
252
253
247
252
253
247
252
253
247
252
253
247
252
253
247
252
253
247
252
253
247
252
253
247
252
253
247
252
253
247
252
253
247
252
253
247
252
253
247
252
253
247
252
253
247
252
253
247
252
253
247
252
253
247
252
253
248
252
253
248
252
253
248
252
253
248
252
253
248
252
253
248
252
253
248
252
253
248
252
253
248
252
253
248
252
253
248
252
253
248
252
253
248
252
253
248
252
253
248
252
253
248
252
253
248
252
253
248
252
253
248
252
253
248
252
253
248
252
253
248
252
253
248
252
253
248
252
253
248
252
253
248
252
253
248
252
253
248
253
254
248
253
254
248
253
254
247
252
253
246
251
252
246
251
252
246
251
252
246
251
252
246
251
252
246
251
252
246
251
252
246
251
252
246
251
252
246
251
252
246
251
252
246
251
252
246
251
252
246
251
252
246
251
252
246
251
252
246
251
252
245
250
251
245
250
251
245
250
251
232
246
245
232
246
245
232
246
245
231
245
244
231
245
244
231
245
244
231
245
244
233
247
246
233
247
246
234
248
247
234
248
247
235
249
248
235
249
248
235
248
248
235
247
247
236
248
248
237
249
249
237
249
249
236
248
248
236
248
248
236
248
248
237
249
249
237
249
249
237
249
249
237
249
249
237
249
249
237
249
249
236
248
248
236
248
248
236
248
248
236
248
248
236
248
248
236
248
248
236
248
248
237
249
249
237
249
249
237
249
249
237
249
249
237
249
249
237
249
249
237
249
249
237
249
249
237
249
249
237
249
249
237
249
249
239
249
249
239
249
249
240
250
250
243
251
251
243
251
251
244
250
251
245
250
251
245
250
251
245
250
251
244
250
251
243
251
251
243
251
251
243
251
251
243
251
251
243
251
251
243
251
251
243
251
251
243
251
251
243
251
251
243
251
251
243
251
251
243
251
251
243
251
251
242
250
250
242
250
250
242
250
250
242
250
250
242
250
250
242
250
250
242
250
250
243
251
251
243
251
251
243
251
251
243
251
251
243
251
251
243
251
251
243
251
251
244
252
252
244
252
252
244
252
252
244
252
252
244
252
252
244
252
252
244
252
252
244
252
252
244
252
252
244
252
252
244
252
252
244
252
252
244
252
252
242
252
252
239
251
251
239
251
251
239
251
251
239
251
251
239
251
251
239
251
251
239
251
251
239
251
251
239
251
251
239
251
251
239
251
251
239
251
251
239
251
251
237
253
254
233
251
251
240
255
255
237
253
252
233
248
246
237
250
249
234
247
245
238
251
249
238
251
249
238
251
250
239
251
251
240
252
252
240
252
253
240
252
253
243
251
251
243
251
251
244
252
252
244
252
252
245
253
253
245
253
253
245
253
253
244
252
252
244
252
252
244
252
252
244
252
252
244
252
252
244
252
252
245
252
252
246
251
252
246
251
252
247
252
253
247
252
253
248
253
254
248
253
254
247
252
253
247
252
253
247
252
253
247
252
253
247
252
253
247
252
253
247
252
253
247
252
253
248
253
254
248
253
254
248
253
254
249
254
255
249
254
255
249
254
255
247
252
253
247
252
253
247
252
253
247
252
253
247
252
253
247
252
253
247
252
253
247
252
253
247
252
253
247
252
253
247
252
253
247
252
253
247
252
253
247
252
253
247
252
253
247
252
253
247
252
253
247
252
253
247
252
253
247
252
253
246
251
252
246
251
252
246
251
252
247
252
253
247
252
253
248
253
254
248
253
254
247
252
253
247
252
253
247
252
253
247
252
253
247
252
253
247
252
253
247
252
253
247
252
253
247
252
253
247
252
253
247
252
253
247
252
253
247
252
253
247
252
253
247
252
253
247
252
253
247
252
253
247
252
253
247
252
253
247
252
253
247
252
253
248
252
253
248
252
253
248
252
253
248
252
253
248
252
253
248
252
253
248
252
253
248
252
253
248
252
253
248
252
253
248
252
253
248
252
253
248
252
253
248
252
253
248
252
253
248
252
253
248
252
253
248
252
253
248
252
253
248
252
253
248
252
253
248
252
253
248
252
253
248
252
253
248
252
253
248
252
253
248
252
253
248
253
254
248
253
254
247
252
253
247
252
253
247
252
253
246
251
252
246
251
252
246
251
252
246
251
252
246
251
252
246
251
252
246
251
252
246
251
252
246
251
252
246
251
252
246
251
252
246
251
252
246
251
252
246
251
252
246
251
252
246
251
252
245
250
251
245
250
251
245
250
251
233
247
246
233
247
246
232
246
245
232
246
245
231
245
244
231
245
244
231
245
244
233
247
246
233
247
246
234
248
247
234
248
247
235
249
248
235
249
248
235
248
248
235
247
247
236
248
248
237
249
249
237
249
249
236
248
248
236
248
248
236
248
248
237
249
249
237
249
249
237
249
249
237
249
249
237
249
249
237
249
249
237
249
249
237
249
249
237
249
249
237
249
249
237
249
249
237
249
249
237
249
249
237
249
249
237
249
249
237
249
249
237
249
249
237
249
249
237
249
249
237
249
249
238
250
250
238
250
250
238
250
250
238
250
250
240
250
250
240
250
250
241
250
250
243
251
251
243
251
251
244
250
251
245
250
251
245
250
251
245
250
251
244
250
251
243
251
251
243
251
251
243
251
251
243
251
251
243
251
251
243
251
251
244
252
252
244
252
252
244
252
252
244
252
252
244
252
252
244
252
252
244
252
252
243
251
251
243
251
251
243
251
251
243
251
251
243
251
251
243
251
251
243
251
251
244
252
252
244
252
252
244
252
252
244
252
252
244
252
252
244
252
252
244
252
252
244
252
252
244
252
252
244
252
252
244
252
252
244
252
252
244
252
252
244
252
252
244
252
252
244
252
252
244
252
252
244
252
252
244
252
252
244
252
252
242
252
252
240
252
252
240
252
252
240
252
252
240
252
252
240
252
252
240
252
252
240
252
252
240
252
252
240
252
252
240
252
252
240
252
252
240
252
252
240
252
252
237
252
251
236
252
251
239
255
254
238
254
253
239
254
253
215
229
228
234
246
246
238
251
249
238
250
250
238
250
250
239
251
251
240
252
252
240
252
252
241
252
252
243
251
251
243
251
251
244
252
252
244
252
252
245
253
253
245
253
253
245
253
253
244
252
252
244
252
252
244
252
252
244
252
252
244
252
252
244
252
252
245
252
252
246
251
252
246
251
252
247
252
253
247
252
253
248
253
254
248
253
254
247
252
253
247
252
253
247
252
253
247
252
253
247
252
253
247
252
253
247
252
253
248
253
254
248
253
254
249
254
255
249
254
255
249
254
255
249
254
255
249
254
255
247
252
253
247
252
253
247
252
253
247
252
253
247
252
253
247
252
253
247
252
253
247
252
253
247
252
253
247
252
253
247
252
253
247
252
253
247
252
253
247
252
253
247
252
253
247
252
253
247
252
253
247
252
253
247
252
253
247
252
253
246
251
252
246
251
252
246
251
252
247
252
253
247
252
253
248
253
254
248
253
254
247
252
253
247
252
253
247
252
253
247
252
253
247
252
253
247
252
253
247
252
253
247
252
253
247
252
253
247
252
253
247
252
253
247
252
253
247
252
253
247
252
253
247
252
253
247
252
253
247
252
253
247
252
253
247
252
253
247
252
253
247
252
253
248
252
253
248
252
253
248
252
253
248
252
253
248
252
253
248
252
253
248
252
253
248
252
253
248
252
253
248
252
253
248
252
253
248
252
253
248
252
253
248
252
253
248
252
253
248
252
253
248
252
253
248
252
253
248
252
253
248
252
253
248
252
253
248
252
253
248
252
253
248
252
253
248
252
253
248
252
253
248
252
253
247
252
253
247
252
253
247
252
253
247
252
253
247
252
253
247
252
253
247
252
253
246
251
252
246
251
252
246
251
252
246
251
252
246
251
252
246
251
252
246
251
252
246
251
252
246
251
252
246
251
252
246
251
252
246
251
252
246
251
252
246
251
252
245
250
251
245
250
251
245
250
251
233
247
246
233
247
246
233
247
246
232
246
245
232
246
245
231
245
244
232
246
245
233
247
246
233
247
246
234
248
247
234
248
247
235
249
248
235
249
248
235
248
248
235
247
247
236
248
248
237
249
249
237
249
249
236
248
248
236
248
248
236
248
248
237
249
249
237
249
249
237
249
249
237
249
249
237
249
249
237
249
249
237
249
249
237
249
249
237
249
249
237
249
249
237
249
249
237
249
249
237
249
249
237
249
249
237
249
249
237
249
249
237
249
249
237
249
249
237
249
249
237
249
249
238
250
250
238
250
250
238
250
250
238
250
250
240
250
250
240
250
250
241
250
250
243
251
251
243
251
251
244
250
251
245
250
251
245
250
251
245
250
251
244
250
251
243
251
251
243
251
251
243
251
251
243
251
251
243
251
251
243
251
251
244
252
252
244
252
252
244
252
252
244
252
252
244
252
252
244
252
252
244
252
252
243
251
251
243
251
251
243
251
251
243
251
251
243
251
251
243
251
251
243
251
251
244
252
252
244
252
252
244
252
252
244
252
252
244
252
252
244
252
252
244
252
252
244
252
252
244
252
252
244
252
252
244
252
252
244
252
252
244
252
252
244
252
252
244
252
252
244
252
252
244
252
252
244
252
252
244
252
252
244
252
252
243
252
252
241
252
252
241
252
252
241
252
252
241
252
252
241
252
252
241
252
252
241
252
252
241
252
252
241
252
252
241
252
252
241
252
252
241
252
252
241
252
252
240
254
254
239
254
253
237
253
252
232
248
247
234
250
249
165
180
179
209
224
223
237
251
250
237
251
250
238
250
250
239
251
251
241
252
252
242
252
252
242
252
252
243
251
251
243
251
251
244
252
252
244
252
252
245
253
253
245
253
253
245
253
253
244
252
252
244
252
252
244
252
252
244
252
252
244
252
252
244
252
252
245
252
252
246
251
252
246
251
252
247
252
253
247
252
253
248
253
254
248
253
254
247
252
253
247
252
253
247
252
253
247
252
253
247
252
253
247
252
253
247
252
253
248
253
254
248
253
254
249
254
255
249
254
255
249
254
255
249
254
255
249
254
255
247
252
253
247
252
253
247
252
253
247
252
253
247
252
253
247
252
253
247
252
253
247
252
253
247
252
253
247
252
253
247
252
253
247
252
253
247
252
253
247
252
253
247
252
253
247
252
253
247
252
253
247
252
253
247
252
253
247
252
253
246
251
252
246
251
252
246
251
252
247
252
253
247
252
253
248
253
254
248
253
254
247
252
253
247
252
253
247
252
253
247
252
253
247
252
253
247
252
253
247
252
253
247
252
253
247
252
253
247
252
253
247
252
253
247
252
253
247
252
253
247
252
253
247
252
253
247
252
253
247
252
253
247
252
253
247
252
253
247
252
253
247
252
253
248
252
253
248
252
253
248
252
253
248
252
253
248
252
253
248
252
253
248
252
253
248
252
253
248
252
253
248
252
253
248
252
253
248
252
253
248
252
253
248
252
253
248
252
253
248
252
253
248
252
253
248
252
253
248
252
253
248
252
253
248
252
253
248
252
253
248
252
253
248
252
253
248
252
253
248
252
253
248
252
253
247
252
253
247
252
253
247
252
253
247
252
253
247
252
253
247
252
253
247
252
253
246
251
252
246
251
252
246
251
252
246
251
252
246
251
252
246
251
252
246
251
252
246
251
252
246
251
252
246
251
252
246
251
252
246
251
252
246
251
252
246
251
252
245
250
251
245
250
251
245
250
251
234
248
247
233
247
246
233
247
246
233
247
246
232
246
245
232
246
245
232
246
245
233
247
246
233
247
246
234
248
247
234
248
247
235
249
248
235
249
248
235
248
248
235
247
247
236
248
248
237
249
249
237
249
249
236
248
248
236
248
248
236
248
248
237
249
249
237
249
249
237
249
249
237
249
249
237
249
249
237
249
249
238
250
250
238
250
250
238
250
250
238
250
250
238
250
250
238
250
250
238
250
250
237
249
249
237
249
249
237
249
249
237
249
249
237
249
249
237
249
249
237
249
249
239
251
251
239
251
251
239
251
251
239
251
251
241
251
251
241
251
251
241
251
251
243
251
251
243
251
251
244
250
251
245
250
251
245
250
251
245
250
251
244
250
251
243
251
251
243
251
251
243
251
251
243
251
251
243
251
251
243
251
251
244
252
252
245
253
253
245
253
253
245
253
253
245
253
253
245
253
253
245
253
253
244
252
252
244
252
252
244
252
252
244
252
252
244
252
252
244
252
252
244
252
252
245
253
253
245
253
253
245
253
253
245
253
253
245
253
253
245
253
253
245
253
253
244
252
252
244
252
252
244
252
252
244
252
252
244
252
252
244
252
252
244
252
252
244
252
252
244
252
252
244
252
252
244
252
252
244
252
252
244
252
252
244
252
252
243
253
253
243
253
253
243
253
253
243
253
253
243
253
253
243
253
253
243
253
253
243
253
253
243
253
253
243
253
253
243
253
253
243
253
253
243
253
253
241
254
254
240
255
254
236
252
251
232
248
247
233
249
249
141
156
156
196
211
211
236
250
250
237
251
250
238
250
251
239
251
251
241
252
252
242
252
252
243
252
252
243
251
251
243
251
251
244
252
252
244
252
252
245
253
253
245
253
253
245
253
253
244
252
252
244
252
252
244
252
252
244
252
252
244
252
252
244
252
252
245
252
252
246
251
252
246
251
252
247
252
253
247
252
253
248
253
254
248
253
254
247
252
253
247
252
253
247
252
253
247
252
253
247
252
253
247
252
253
247
252
253
247
252
253
248
253
254
248
253
254
248
253
254
249
254
255
249
254
255
249
254
255
247
252
253
247
252
253
247
252
253
247
252
253
247
252
253
247
252
253
247
252
253
247
252
253
247
252
253
247
252
253
247
252
253
247
252
253
247
252
253
247
252
253
247
252
253
247
252
253
247
252
253
247
252
253
247
252
253
247
252
253
246
251
252
246
251
252
246
251
252
247
252
253
247
252
253
248
253
254
248
253
254
247
252
253
247
252
253
247
252
253
247
252
253
247
252
253
247
252
253
247
252
253
247
252
253
247
252
253
247
252
253
247
252
253
247
252
253
247
252
253
247
252
253
247
252
253
247
252
253
247
252
253
247
252
253
247
252
253
247
252
253
247
252
253
248
252
253
248
252
253
248
252
253
248
252
253
248
252
253
248
252
253
248
252
253
248
252
253
248
252
253
248
252
253
248
252
253
248
252
253
248
252
253
248
252
253
248
252
253
248
252
253
248
252
253
248
252
253
248
252
253
248
252
253
248
252
253
248
252
253
248
252
253
248
252
253
248
252
253
248
252
253
248
252
253
246
251
252
246
251
252
247
252
253
247
252
253
247
252
253
248
253
254
248
253
254
246
251
252
246
251
252
246
251
252
246
251
252
246
251
252
246
251
252
246
251
252
246
251
252
246
251
252
246
251
252
246
251
252
246
251
252
246
251
252
246
251
252
245
250
251
245
250
251
245
250
251
234
248
247
234
248
247
233
247
246
233
247
246
232
246
245
232
246
245
232
246
245
233
247
246
233
247
246
234
248
247
234
248
247
235
249
248
235
249
248
235
248
248
235
247
247
236
248
248
237
249
249
237
249
249
236
248
248
236
248
248
236
248
248
237
249
249
237
249
249
237
249
249
237
249
249
237
249
249
237
249
249
238
250
250
238
250
250
238
250
250
238
250
250
238
250
250
238
250
250
238
250
250
237
249
249
237
249
249
237
249
249
237
249
249
237
249
249
237
249
249
237
249
249
239
251
251
239
251
251
239
251
251
239
251
251
241
251
251
241
251
251
241
251
251
243
251
251
243
251
251
244
250
251
245
250
251
245
250
251
245
250
251
244
250
251
243
251
251
243
251
251
243
251
251
243
251
251
243
251
251
243
251
251
244
252
252
245
253
253
245
253
253
245
253
253
245
253
253
245
253
253
245
253
253
244
252
252
244
252
252
244
252
252
244
252
252
244
252
252
244
252
252
244
252
252
245
253
253
245
253
253
245
253
253
245
253
253
245
253
253
245
253
253
245
253
253
244
252
252
244
252
252
244
252
252
244
252
252
244
252
252
244
252
252
244
252
252
244
252
252
244
252
252
244
252
252
244
252
252
244
252
252
244
252
252
244
252
252
243
253
253
243
253
253
243
253
253
243
253
253
243
253
253
243
253
253
243
253
253
243
253
253
243
253
253
243
253
253
243
253
253
243
253
253
243
253
253
239
251
250
240
254
252
237
251
250
237
252
252
235
250
251
151
166
168
202
218
220
235
250
252
237
250
252
238
250
252
240
251
251
242
252
252
244
252
252
244
252
251
243
251
251
243
251
251
244
252
252
244
252
252
245
253
253
245
253
253
245
253
253
244
252
252
244
252
252
244
252
252
244
252
252
244
252
252
244
252
252
245
252
252
246
251
252
246
251
252
247
252
253
247
252
253
248
253
254
248
253
254
247
252
253
247
252
253
247
252
253
247
252
253
247
252
253
247
252
253
247
252
253
246
251
252
247
252
253
247
252
253
248
253
254
248
253
254
248
253
254
248
253
254
247
252
253
247
252
253
247
252
253
247
252
253
247
252
253
247
252
253
247
252
253
247
252
253
247
252
253
247
252
253
247
252
253
247
252
253
247
252
253
247
252
253
247
252
253
247
252
253
247
252
253
247
252
253
247
252
253
247
252
253
246
251
252
246
251
252
246
251
252
247
252
253
247
252
253
248
253
254
248
253
254
247
252
253
247
252
253
247
252
253
247
252
253
247
252
253
247
252
253
247
252
253
247
252
253
247
252
253
247
252
253
247
252
253
247
252
253
247
252
253
247
252
253
247
252
253
247
252
253
247
252
253
247
252
253
247
252
253
247
252
253
247
252
253
248
252
253
248
252
253
248
252
253
248
252
253
248
252
253
248
252
253
248
252
253
248
252
253
248
252
253
248
252
253
248
252
253
248
252
253
248
252
253
248
252
253
248
252
253
248
252
253
248
252
253
248
252
253
248
252
253
248
252
253
248
252
253
248
252
253
248
252
253
248
252
253
248
252
253
248
252
253
248
252
253
246
251
252
246
251
252
246
251
252
247
252
253
248
253
254
248
253
254
248
253
254
246
251
252
246
251
252
246
251
252
246
251
252
246
251
252
246
251
252
246
251
252
246
251
252
246
251
252
246
251
252
246
251
252
246
251
252
246
251
252
246
251
252
245
250
251
245
250
251
245
250
251
233
247
246
234
248
247
234
248
247
233
247
246
233
247
246
232
246
245
232
246
245
234
248
247
234
248
247
234
248
247
234
248
247
234
248
247
234
248
247
235
248
247
236
248
248
236
248
248
237
249
249
237
249
249
236
248
248
236
248
248
236
248
248
237
249
249
237
249
249
237
249
249
237
249
249
237
249
249
237
249
249
238
250
250
238
250
250
238
250
250
237
249
249
238
250
250
238
250
250
238
250
250
237
249
249
237
249
249
237
249
249
237
249
249
237
249
249
236
248
248
236
248
248
239
251
251
239
251
251
239
251
251
239
251
251
241
252
252
242
252
252
242
252
252
243
251
251
243
251
251
244
250
251
245
250
251
245
250
251
245
250
251
244
250
251
243
251
251
243
251
251
243
251
251
243
251
251
243
251
251
243
251
251
244
252
252
244
252
252
244
252
252
244
252
252
244
252
252
245
253
253
245
253
253
244
252
252
244
252
252
244
252
252
244
252
252
244
252
252
244
252
252
244
252
252
245
253
253
245
253
253
245
253
253
245
253
253
245
253
253
245
253
253
245
253
253
244
252
252
244
252
252
244
252
252
244
252
252
244
252
252
244
252
252
244
252
252
244
252
252
244
252
252
244
252
252
244
252
252
244
252
252
244
252
252
244
252
252
243
253
253
243
253
253
243
253
253
243
253
253
243
253
253
243
253
253
243
253
253
243
252
252
243
252
252
243
252
252
243
252
252
243
252
252
243
252
252
238
250
248
241
254
252
237
251
250
237
251
251
231
246
248
154
170
173
198
214
218
234
249
253
236
250
253
238
251
253
240
251
252
242
251
251
243
250
249
243
251
250
243
251
251
243
251
251
244
252
252
244
252
252
245
253
253
245
253
253
244
252
252
244
252
252
244
252
252
244
252
252
244
252
252
244
252
252
244
252
252
245
252
252
246
251
252
246
251
252
247
252
253
247
252
253
248
253
254
248
253
254
247
252
253
247
252
253
247
252
253
247
252
253
247
252
253
247
252
253
247
252
253
246
251
252
246
251
252
246
251
252
247
252
253
247
252
253
247
252
253
247
252
253
247
252
253
247
252
253
247
252
253
247
252
253
247
252
253
247
252
253
247
252
253
247
252
253
247
252
253
247
252
253
247
252
253
247
252
253
247
252
253
247
252
253
247
252
253
247
252
253
247
252
253
247
252
253
247
252
253
247
252
253
246
251
252
246
251
252
246
251
252
247
252
253
247
252
253
247
252
253
247
252
253
247
252
253
247
252
253
247
252
253
247
252
253
247
252
253
247
252
253
247
252
253
247
252
253
247
252
253
247
252
253
247
252
253
247
252
253
247
252
253
247
252
253
247
252
253
247
252
253
247
252
253
247
252
253
247
252
253
247
252
253
247
252
253
248
252
253
248
252
253
248
252
253
248
252
253
248
252
253
248
252
253
248
252
253
248
252
253
248
252
253
248
252
253
248
252
253
248
252
253
248
252
253
248
252
253
248
252
253
248
252
253
248
252
253
248
252
253
248
252
253
248
252
253
248
252
253
248
252
253
248
252
253
248
252
253
248
252
253
248
252
253
248
252
253
246
251
252
246
251
252
247
252
253
247
252
253
247
252
253
248
253
254
248
253
254
246
251
252
246
251
252
246
251
252
246
251
252
246
251
252
246
251
252
246
251
252
246
251
252
246
251
252
246
251
252
246
251
252
246
251
252
246
251
252
246
251
252
245
250
251
245
250
251
245
250
251
232
246
245
233
247
246
233
247
246
234
248
247
233
247
246
233
247
246
233
247
246
236
250
249
235
249
248
235
249
248
234
248
247
233
247
246
233
247
246
234
247
247
236
248
248
236
248
248
236
248
248
236
248
248
236
248
248
236
248
248
237
249
249
238
250
250
238
250
250
238
250
250
238
250
250
238
250
250
238
250
250
238
250
250
237
249
249
237
249
249
236
248
248
236
248
248
237
249
249
238
250
250
237
249
249
237
249
249
237
249
249
236
248
248
236
248
248
235
247
247
235
247
247
238
250
250
238
250
250
239
251
251
240
252
252
242
253
253
244
254
254
244
253
253
243
251
251
243
251
251
244
250
251
245
250
251
245
250
251
245
250
251
244
250
251
243
251
251
243
251
251
243
251
251
243
251
251
243
251
251
243
251
251
242
250
250
242
250
250
242
250
250
243
251
251
243
251
251
244
252
252
244
252
252
244
252
252
244
252
252
244
252
252
244
252
252
244
252
252
244
252
252
244
252
252
244
252
252
244
252
252
244
252
252
244
252
252
244
252
252
244
252
252
244
252
252
244
252
252
244
252
252
244
252
252
244
252
252
244
252
252
244
252
252
244
252
252
245
253
253
245
253
253
245
253
253
245
253
253
245
253
253
245
253
253
245
253
253
244
252
252
244
252
252
244
252
252
244
252
252
244
252
252
244
252
252
243
251
251
243
251
251
243
251
251
243
251
251
243
251
251
243
251
251
243
251
251
237
248
247
239
252
250
241
254
254
235
249
250
229
245
247
144
161
165
194
211
217
233
249
254
236
250
255
239
252
255
241
252
253
241
250
250
243
249
248
245
251
250
244
252
252
244
252
252
244
252
252
244
252
252
244
252
252
244
252
252
244
252
252
244
252
252
244
252
252
244
252
252
244
252
252
244
252
252
244
252
252
245
252
252
247
252
253
247
252
253
247
252
253
247
252
253
247
252
253
247
252
253
247
252
253
247
252
253
247
252
253
247
252
253
247
252
253
247
252
253
247
252
253
246
251
252
246
251
252
246
251
252
246
251
252
246
251
252
246
251
252
246
251
252
247
252
253
247
252
253
247
252
253
247
252
253
247
252
253
247
252
253
247
252
253
247
252
253
247
252
253
247
252
253
247
252
253
247
252
253
247
252
253
247
252
253
246
251
252
246
251
252
246
251
252
246
251
252
246
251
252
246
251
252
246
251
252
246
251
252
246
251
252
246
251
252
246
251
252
246
251
252
246
251
252
247
252
253
247
252
253
247
252
253
247
252
253
247
252
253
247
252
253
247
252
253
247
252
253
247
252
253
247
252
253
247
252
253
247
252
253
247
252
253
247
252
253
247
252
253
247
252
253
247
252
253
247
252
253
247
252
253
247
252
253
247
252
253
248
252
253
248
252
253
248
252
253
248
252
253
248
252
253
248
252
253
248
252
253
248
252
253
248
252
253
248
252
253
248
252
253
248
252
253
248
252
253
248
252
253
248
252
253
248
252
253
248
252
253
248
252
253
248
252
253
248
252
253
248
252
253
248
252
253
248
252
253
248
252
253
248
252
253
248
252
253
248
252
253
247
252
253
247
252
253
247
252
253
247
252
253
247
252
253
247
252
253
247
252
253
246
251
252
246
251
252
246
251
252
246
251
252
246
251
252
246
251
252
246
251
252
246
251
252
246
251
252
246
251
252
246
251
252
246
251
252
246
251
252
246
251
252
246
251
252
246
251
252
246
251
252
232
246
245
233
247
246
233
247
246
234
248
247
233
247
246
233
247
246
233
247
246
236
250
249
235
249
248
235
249
248
234
248
247
234
248
247
234
248
247
234
248
247
236
248
248
236
248
248
236
248
248
236
248
248
236
248
248
236
248
248
237
249
249
238
250
250
238
250
250
238
250
250
238
250
250
238
250
250
238
250
250
238
250
250
237
249
249
237
249
249
236
248
248
236
248
248
237
249
249
238
250
250
237
249
249
237
249
249
237
249
249
236
248
248
236
248
248
236
248
248
235
247
247
238
250
250
238
250
250
239
251
251
240
252
252
242
253
253
244
254
254
243
253
253
243
251
251
243
251
251
244
250
251
245
250
251
245
250
251
245
250
251
244
250
251
243
251
251
243
251
251
243
251
251
243
251
251
243
251
251
243
251
251
242
250
250
242
250
250
242
250
250
243
251
251
243
251
251
244
252
252
244
252
252
244
252
252
244
252
252
244
252
252
244
252
252
244
252
252
244
252
252
244
252
252
244
252
252
244
252
252
244
252
252
244
252
252
244
252
252
244
252
252
244
252
252
244
252
252
244
252
252
244
252
252
244
252
252
244
252
252
244
252
252
244
252
252
245
253
253
245
253
253
245
253
253
245
253
253
245
253
253
245
253
253
245
253
253
244
252
252
244
252
252
244
252
252
244
252
252
244
252
252
244
252
252
243
251
251
243
251
251
243
251
251
243
251
251
243
251
251
243
251
251
243
251
251
243
253
251
235
247
245
241
253
254
237
251
252
225
240
244
141
158
164
201
219
225
232
249
255
234
250
255
237
250
254
241
251
254
244
252
253
247
253
252
247
252
251
244
252
252
244
252
252
244
252
252
244
252
252
244
252
252
244
252
252
244
252
252
244
252
252
244
252
252
244
252
252
244
252
252
244
252
252
244
252
252
245
252
252
247
252
253
247
252
253
247
252
253
247
252
253
247
252
253
247
252
253
247
252
253
247
252
253
247
252
253
247
252
253
247
252
253
247
252
253
247
252
253
246
251
252
246
251
252
246
251
252
246
251
252
246
251
252
246
251
252
246
251
252
247
252
253
247
252
253
247
252
253
247
252
253
247
252
253
247
252
253
247
252
253
247
252
253
247
252
253
247
252
253
247
252
253
247
252
253
247
252
253
247
252
253
246
251
252
246
251
252
246
251
252
246
251
252
246
251
252
246
251
252
246
251
252
246
251
252
246
251
252
246
251
252
246
251
252
246
251
252
246
251
252
247
252
253
247
252
253
247
252
253
247
252
253
247
252
253
247
252
253
247
252
253
247
252
253
247
252
253
247
252
253
247
252
253
247
252
253
247
252
253
247
252
253
247
252
253
247
252
253
247
252
253
247
252
253
247
252
253
247
252
253
247
252
253
248
252
253
248
252
253
248
252
253
248
252
253
248
252
253
248
252
253
248
252
253
248
252
253
248
252
253
248
252
253
248
252
253
248
252
253
248
252
253
248
252
253
248
252
253
248
252
253
248
252
253
248
252
253
248
252
253
248
252
253
248
252
253
248
252
253
248
252
253
248
252
253
248
252
253
248
252
253
248
252
253
247
252
253
247
252
253
247
252
253
247
252
253
247
252
253
247
252
253
247
252
253
246
251
252
246
251
252
246
251
252
246
251
252
246
251
252
246
251
252
246
251
252
246
251
252
246
251
252
246
251
252
246
251
252
246
251
252
246
251
252
246
251
252
246
251
252
246
251
252
246
251
252
232
246
245
233
247
246
233
247
246
234
248
247
233
247
246
233
247
246
232
246
245
234
248
247
234
248
247
234
248
247
234
248
247
234
248
247
233
247
246
234
247
247
236
248
248
236
248
248
236
248
248
236
248
248
236
248
248
236
248
248
237
249
249
238
250
250
238
250
250
238
250
250
238
250
250
238
250
250
238
250
250
238
250
250
237
249
249
237
249
249
236
248
248
236
248
248
237
249
249
238
250
250
237
249
249
237
249
249
237
249
249
237
249
249
236
248
248
236
248
248
236
248
248
238
250
250
238
250
250
239
251
251
239
251
251
242
252
252
243
253
253
243
253
253
243
251
251
243
251
251
244
250
251
245
250
251
245
250
251
245
250
251
244
250
251
243
251
251
243
251
251
243
251
251
243
251
251
243
251
251
243
251
251
242
250
250
242
250
250
242
250
250
243
251
251
243
251
251
244
252
252
244
252
252
244
252
252
244
252
252
244
252
252
244
252
252
244
252
252
244
252
252
244
252
252
244
252
252
244
252
252
244
252
252
244
252
252
244
252
252
244
252
252
244
252
252
244
252
252
244
252
252
244
252
252
244
252
252
244
252
252
244
252
252
245
253
253
245
253
253
245
253
253
245
253
253
245
253
253
245
253
253
245
253
253
245
253
253
245
252
252
245
252
252
245
252
252
245
252
252
245
252
252
245
252
252
245
251
252
244
251
251
244
251
251
244
251
251
244
251
251
244
251
251
244
251
251
242
251
249
237
248
246
238
250
250
239
252
254
230
245
250
145
163
170
187
205
211
229
247
254
233
249
255
237
250
254
241
251
254
245
252
253
246
251
250
243
248
246
244
252
252
244
252
252
244
252
252
244
252
252
244
252
252
244
252
252
244
252
252
244
252
252
244
252
252
244
252
252
244
252
252
244
252
252
244
252
252
246
252
253
247
252
253
247
252
253
247
252
253
247
252
253
247
252
253
247
252
253
247
252
253
247
252
253
247
252
253
247
252
253
247
252
253
247
252
253
247
252
253
247
252
253
246
251
252
246
251
252
246
251
252
246
251
252
246
251
252
246
251
252
247
252
253
247
252
253
247
252
253
247
252
253
247
252
253
247
252
253
247
252
253
247
252
253
247
252
253
247
252
253
247
252
253
247
252
253
247
252
253
247
252
253
246
251
252
246
251
252
246
251
252
246
251
252
246
251
252
246
251
252
246
251
252
246
251
252
246
251
252
246
251
252
246
251
252
246
251
252
246
251
252
247
252
253
247
252
253
247
252
253
247
252
253
247
252
253
247
252
253
247
252
253
247
252
253
247
252
253
247
252
253
247
252
253
247
252
253
247
252
253
247
252
253
247
252
253
247
252
253
247
252
253
247
252
253
247
252
253
247
252
253
247
252
253
248
252
253
248
252
253
248
252
253
248
252
253
248
252
253
248
252
253
248
252
253
248
252
253
248
252
253
248
252
253
248
252
253
248
252
253
248
252
253
248
252
253
248
252
253
248
252
253
248
252
253
248
252
253
248
252
253
248
252
253
248
252
253
248
252
253
248
252
253
248
252
253
248
252
253
248
252
253
248
252
253
247
252
253
247
252
253
247
252
253
247
252
253
247
252
253
247
252
253
247
252
253
246
251
252
246
251
252
246
251
252
246
251
252
246
251
252
246
251
252
246
251
252
246
251
252
246
251
252
246
251
252
246
251
252
246
251
252
246
251
252
246
251
252
246
251
252
246
251
252
246
251
252
232
246
245
233
247
246
233
247
246
234
248
247
233
247
246
233
247
246
232
246
245
232
246
245
232
246
245
232
246
245
232
246
245
232
246
245
232
246
245
233
246
246
236
248
248
236
248
248
236
248
248
236
248
248
236
248
248
236
248
248
237
249
249
238
250
250
238
250
250
238
250
250
238
250
250
238
250
250
238
250
250
238
250
250
237
249
249
237
249
249
236
248
248
236
248
248
237
249
249
238
250
250
237
249
249
237
249
249
237
249
249
237
249
249
237
249
249
237
249
249
237
249
249
238
250
250
238
250
250
238
250
250
239
251
251
241
251
251
242
252
252
243
252
252
243
251
251
243
251
251
244
250
251
245
250
251
245
250
251
245
250
251
244
250
251
243
251
251
243
251
251
243
251
251
243
251
251
243
251
251
243
251
251
242
250
250
242
250
250
242
250
250
243
251
251
243
251
251
244
252
252
244
252
252
244
252
252
244
252
252
244
252
252
244
252
252
244
252
252
244
252
252
244
252
252
244
252
252
244
252
252
244
252
252
244
252
252
244
252
252
244
252
252
244
252
252
245
253
253
245
253
253
245
253
253
245
253
253
245
253
253
245
253
253
245
253
253
245
253
253
245
253
253
245
253
253
245
253
253
245
253
253
245
253
253
246
253
253
247
252
253
247
252
253
247
252
253
247
252
253
247
252
253
247
252
253
246
251
252
246
251
252
246
251
252
246
251
252
246
251
252
246
251
252
246
251
252
243
251
249
243
253
252
235
247
247
238
251
253
225
241
248
132
150
159
145
164
173
224
243
251
232
248
255
236
249
254
240
250
253
247
253
254
249
254
254
248
251
250
244
252
252
244
252
252
244
252
252
244
252
252
244
252
252
244
252
252
244
252
252
245
253
253
245
253
253
245
253
253
245
253
253
245
253
253
245
253
253
246
253
253
247
252
253
247
252
253
247
252
253
247
252
253
247
252
253
247
252
253
247
252
253
247
252
253
247
252
253
247
252
253
247
252
253
247
252
253
247
252
253
247
252
253
247
252
253
247
252
253
247
252
253
247
252
253
247
252
253
247
252
253
248
253
254
248
253
254
248
253
254
248
253
254
248
253
254
248
253
254
248
253
254
247
252
253
247
252
253
247
252
253
247
252
253
247
252
253
247
252
253
247
252
253
247
252
253
247
252
253
247
252
253
247
252
253
247
252
253
247
252
253
247
252
253
247
252
253
247
252
253
247
252
253
247
252
253
247
252
253
247
252
253
248
253
254
248
253
254
248
253
254
248
253
254
248
253
254
248
253
254
248
253
254
248
253
254
248
253
254
248
253
254
248
253
254
248
253
254
248
253
254
248
253
254
247
252
253
247
252
253
247
252
253
247
252
253
247
252
253
247
252
253
247
252
253
248
252
253
248
252
253
248
252
253
248
252
253
248
252
253
248
252
253
248
252
253
249
253
254
249
253
254
249
253
254
249
253
254
249
253
254
249
253
254
248
252
253
248
252
253
248
252
253
248
252
253
248
252
253
248
252
253
248
252
253
248
252
253
248
252
253
248
252
253
248
252
253
248
252
253
248
252
253
248
252
253
247
252
253
247
252
253
247
252
253
247
252
253
247
252
253
247
252
253
247
252
253
246
251
252
246
251
252
246
251
252
246
251
252
246
251
252
246
251
252
246
251
252
246
251
252
246
251
252
246
251
252
246
251
252
246
251
252
246
251
252
246
251
252
246
251
252
246
251
252
246
251
252
232
246
245
233
247
246
233
247
246
234
248
247
233
247
246
233
247
246
232
246
245
231
245
244
231
245
244
231
245
244
231
245
244
231
245
244
231
245
244
233
246
246
236
248
248
236
248
248
236
248
248
236
248
248
236
248
248
236
248
248
237
249
249
238
250
250
238
250
250
238
250
250
238
250
250
238
250
250
238
250
250
238
250
250
237
249
249
237
249
249
236
248
248
236
248
248
237
249
249
238
250
250
237
249
249
237
249
249
237
249
249
237
249
249
237
249
249
237
249
249
238
250
250
238
250
250
238
250
250
238
250
250
239
251
251
240
251
251
241
251
251
242
251
251
243
251
251
243
251
251
244
250
251
245
250
251
245
250
251
245
250
251
244
250
251
243
251
251
243
251
251
243
251
251
243
251
251
243
251
251
243
251
251
242
250
250
242
250
250
242
250
250
243
251
251
243
251
251
244
252
252
244
252
252
244
252
252
244
252
252
244
252
252
244
252
252
244
252
252
244
252
252
244
252
252
244
252
252
244
252
252
244
252
252
244
252
252
244
252
252
244
252
252
244
252
252
245
253
253
245
253
253
245
253
253
245
253
253
245
253
253
245
253
253
245
253
253
245
253
253
245
253
253
245
253
253
245
253
253
245
253
253
245
253
253
246
253
253
247
252
253
247
252
253
247
252
253
247
252
253
247
252
253
247
252
253
247
252
253
246
251
252
246
251
252
246
251
252
246
251
252
246
251
252
246
251
252
246
253
251
240
248
247
237
248
249
235
249
251
216
233
239
127
145
155
139
158
170
222
239
251
230
245
255
230
244
251
231
241
246
240
247
248
249
252
253
250
254
252
244
252
252
244
252
252
244
252
252
244
252
252
244
252
252
244
252
252
244
252
252
245
253
253
245
253
253
245
253
253
245
253
253
245
253
253
245
253
253
246
253
253
247
252
253
247
252
253
247
252
253
247
252
253
247
252
253
247
252
253
247
252
253
247
252
253
247
252
253
247
252
253
247
252
253
247
252
253
247
252
253
247
252
253
247
252
253
247
252
253
247
252
253
247
252
253
247
252
253
247
252
253
248
253
254
248
253
254
248
253
254
248
253
254
248
253
254
248
253
254
248
253
254
247
252
253
247
252
253
247
252
253
247
252
253
247
252
253
247
252
253
247
252
253
247
252
253
247
252
253
247
252
253
247
252
253
247
252
253
247
252
253
247
252
253
247
252
253
247
252
253
247
252
253
247
252
253
247
252
253
247
252
253
248
253
254
248
253
254
248
253
254
248
253
254
248
253
254
248
253
254
248
253
254
248
253
254
248
253
254
248
253
254
248
253
254
248
253
254
248
253
254
248
253
254
247
252
253
247
252
253
247
252
253
247
252
253
247
252
253
247
252
253
247
252
253
248
252
253
248
252
253
248
252
253
248
252
253
248
252
253
248
252
253
249
253
254
249
253
254
249
253
254
249
253
254
249
253
254
249
253
254
249
253
254
249
253
254
248
252
253
248
252
253
248
252
253
248
252
253
248
252
253
248
252
253
248
252
253
248
252
253
248
252
253
248
252
253
248
252
253
248
252
253
248
252
253
247
252
253
247
252
253
247
252
253
247
252
253
247
252
253
247
252
253
247
252
253
246
251
252
246
251
252
246
251
252
246
251
252
246
251
252
246
251
252
246
251
252
246
251
252
246
251
252
246
251
252
246
251
252
246
251
252
246
251
252
246
251
252
246
251
252
246
251
252
246
251
252
232
246
245
233
247
246
233
247
246
234
248
247
233
247
246
233
247
246
232
246
245
231
245
244
231
245
244
231
245
244
232
246
245
232
246
245
232
246
245
234
247
247
236
248
248
236
248
248
236
248
248
236
248
248
236
248
248
236
248
248
237
249
249
238
250
250
238
250
250
238
250
250
238
250
250
238
250
250
238
250
250
238
250
250
237
249
249
237
249
249
236
248
248
236
248
248
237
249
249
238
250
250
237
249
249
237
249
249
237
249
249
238
250
250
238
250
250
238
250
250
239
251
251
238
250
250
238
250
250
238
250
250
238
250
250
240
250
250
240
250
250
241
251
251
243
251
251
243
251
251
244
250
251
245
250
251
245
250
251
245
250
251
244
250
251
243
251
251
243
251
251
243
251
251
243
251
251
243
251
251
243
251
251
242
250
250
242
250
250
242
250
250
243
251
251
243
251
251
244
252
252
244
252
252
244
252
252
244
252
252
244
252
252
244
252
252
244
252
252
244
252
252
244
252
252
244
252
252
244
252
252
244
252
252
244
252
252
244
252
252
244
252
252
244
252
252
246
254
254
246
254
254
246
254
254
246
254
254
246
254
254
246
254
254
246
254
254
245
253
253
245
253
253
245
253
253
245
253
253
245
253
253
245
253
253
246
253
253
248
253
254
248
253
254
248
253
254
248
253
254
248
253
254
248
253
254
247
252
253
247
252
253
247
252
253
247
252
253
247
252
253
247
252
253
247
252
253
248
254
253
237
245
244
241
251
251
229
243
247
206
222
229
118
135
146
126
145
158
214
232
245
229
245
255
232
246
252
232
242
248
240
246
248
250
252
253
251
254
252
244
252
252
244
252
252
244
252
252
244
252
252
244
252
252
244
252
252
245
253
253
246
254
254
246
254
254
246
254
254
246
254
254
246
254
254
246
254
254
246
253
254
247
252
253
247
252
253
247
252
253
247
252
253
247
252
253
247
252
253
247
252
253
247
252
253
247
252
253
247
252
253
247
252
253
247
252
253
247
252
253
248
253
254
248
253
254
248
253
254
248
253
254
248
253
254
248
253
254
248
253
254
249
254
255
249
254
255
249
254
255
249
254
255
249
254
255
249
254
255
249
254
255
247
252
253
247
252
253
247
252
253
247
252
253
247
252
253
247
252
253
247
252
253
248
253
254
248
253
254
248
253
254
248
253
254
248
253
254
248
253
254
248
253
254
248
253
254
248
253
254
248
253
254
248
253
254
248
253
254
248
253
254
249
254
255
249
254
255
249
254
255
249
254
255
249
254
255
249
254
255
249
254
255
249
254
255
249
254
255
249
254
255
249
254
255
249
254
255
249
254
255
249
254
255
247
252
253
247
252
253
247
252
253
247
252
253
247
252
253
247
252
253
247
252
253
248
252
253
248
252
253
248
252
253
248
252
253
248
252
253
248
252
253
249
253
254
250
254
255
250
254
255
250
254
255
250
254
255
250
254
255
250
254
255
249
253
254
248
252
253
248
252
253
248
252
253
248
252
253
248
252
253
248
252
253
248
252
253
248
252
253
248
252
253
248
252
253
248
252
253
248
252
253
248
252
253
247
252
253
247
252
253
247
252
253
247
252
253
247
252
253
247
252
253
247
252
253
246
251
252
246
251
252
246
251
252
246
251
252
246
251
252
246
251
252
246
251
252
246
251
252
246
251
252
246
251
252
246
251
252
246
251
252
246
251
252
246
251
252
246
251
252
246
251
252
246
251
252
232
246
245
233
247
246
233
247
246
234
248
247
233
247
246
233
247
246
232
246
245
232
246
245
232
246
245
233
247
246
233
247
246
234
248
247
234
248
247
235
249
248
236
248
248
236
248
248
236
248
248
236
248
248
236
248
248
236
248
248
237
249
249
238
250
250
238
250
250
238
250
250
238
250
250
238
250
250
238
250
250
238
250
250
237
249
249
237
249
249
236
248
248
236
248
248
237
249
249
238
250
250
237
249
249
237
249
249
237
249
249
238
250
250
238
250
250
239
251
251
239
251
251
238
250
250
238
250
250
238
250
250
238
250
250
240
250
250
240
250
250
241
250
250
243
251
251
243
251
251
244
250
251
245
250
251
245
250
251
245
250
251
244
250
251
243
251
251
243
251
251
243
251
251
243
251
251
243
251
251
243
251
251
242
250
250
242
250
250
242
250
250
243
251
251
243
251
251
244
252
252
244
252
252
244
252
252
244
252
252
244
252
252
244
252
252
244
252
252
244
252
252
244
252
252
244
252
252
244
252
252
244
252
252
244
252
252
244
252
252
244
252
252
244
252
252
246
254
254
246
254
254
246
254
254
246
254
254
246
254
254
246
254
254
246
254
254
245
253
253
245
253
253
245
253
253
245
253
253
245
253
253
245
253
253
246
253
253
248
253
254
248
253
254
248
253
254
248
253
254
248
253
254
248
253
254
247
252
253
247
252
253
247
252
253
247
252
253
247
252
253
247
252
253
247
252
253
243
249
247
243
251
250
239
249
250
227
240
245
209
226
234
121
138
149
101
120
133
182
200
213
211
228
239
230
243
250
237
247
252
245
251
253
251
253
253
249
251
250
244
252
252
244
252
252
244
252
252
244
252
252
244
252
252
244
252
252
245
253
253
246
254
254
246
254
254
246
254
254
246
254
254
246
254
254
246
254
254
246
253
254
247
252
253
247
252
253
247
252
253
247
252
253
247
252
253
247
252
253
247
252
253
247
252
253
247
252
253
247
252
253
247
252
253
247
252
253
247
252
253
248
253
254
248
253
254
248
253
254
248
253
254
248
253
254
248
253
254
248
253
254
249
254
255
249
254
255
249
254
255
249
254
255
249
254
255
249
254
255
249
254
255
247
252
253
247
252
253
247
252
253
247
252
253
247
252
253
247
252
253
247
252
253
248
253
254
248
253
254
248
253
254
248
253
254
248
253
254
248
253
254
248
253
254
248
253
254
248
253
254
248
253
254
248
253
254
248
253
254
248
253
254
249
254
255
249
254
255
249
254
255
249
254
255
249
254
255
249
254
255
249
254
255
249
254
255
249
254
255
249
254
255
249
254
255
249
254
255
249
254
255
249
254
255
247
252
253
247
252
253
247
252
253
247
252
253
247
252
253
247
252
253
247
252
253
248
252
253
248
252
253
248
252
253
248
252
253
248
252
253
248
252
253
249
253
254
250
254
255
250
254
255
250
254
255
250
254
255
250
254
255
250
254
255
249
253
254
248
252
253
248
252
253
248
252
253
248
252
253
248
252
253
248
252
253
248
252
253
248
252
253
248
252
253
248
252
253
248
252
253
248
252
253
248
252
253
247
252
253
247
252
253
247
252
253
247
252
253
247
252
253
247
252
253
247
252
253
246
251
252
246
251
252
246
251
252
246
251
252
246
251
252
246
251
252
246
251
252
246
251
252
246
251
252
246
251
252
246
251
252
246
251
252
246
251
252
246
251
252
246
251
252
246
251
252
246
251
252
233
246
246
233
246
245
233
246
246
233
246
246
234
246
246
234
247
247
234
247
247
234
247
247
234
247
247
235
248
247
235
248
248
236
249
249
236
249
249
237
249
249
237
249
249
237
249
249
237
249
249
237
249
249
237
249
249
237
249
249
237
249
249
238
250
250
238
250
250
238
250
250
238
250
250
238
250
250
238
250
250
238
250
250
237
249
249
237
249
249
236
248
248
236
248
248
237
249
249
238
250
250
238
250
250
238
250
250
238
250
250
239
251
251
239
251
251
240
252
252
240
252
252
240
250
250
240
250
250
240
250
250
240
250
250
241
250
250
241
250
250
242
250
250
243
251
251
243
251
251
243
250
251
243
250
250
244
251
251
244
251
251
244
251
251
243
251
251
243
251
251
243
251
251
244
252
252
244
252
252
244
252
252
244
252
252
243
251
251
243
251
251
244
252
252
244
252
252
244
252
252
244
252
252
244
252
252
244
252
252
244
252
252
244
252
252
244
252
252
244
252
252
244
252
252
245
253
253
245
253
253
245
253
253
245
253
253
245
253
253
245
253
253
245
253
253
245
253
253
245
253
253
245
253
253
245
253
253
245
253
253
245
253
253
245
253
253
245
253
253
245
253
253
245
253
253
245
253
253
245
253
253
245
253
253
245
253
254
245
252
255
244
253
255
244
253
255
244
253
254
244
253
253
244
253
253
245
253
254
244
253
253
243
252
251
244
253
252
246
253
253
246
253
252
245
252
252
240
250
249
238
250
251
229
245
248
185
206
216
182
205
217
115
137
151
108
128
140
197
214
223
214
227
232
222
233
234
241
250
250
242
250
250
243
251
252
242
251
252
246
252
253
246
252
253
246
252
253
246
252
253
246
252
253
246
252
253
246
252
253
247
253
253
246
253
253
245
253
253
245
253
253
245
253
253
245
253
253
246
253
253
247
252
253
247
252
253
247
252
253
247
252
253
247
252
253
247
252
253
247
252
253
247
252
253
247
252
253
247
252
253
247
252
253
247
252
253
247
252
253
248
253
254
249
253
254
249
253
254
249
253
254
249
253
254
249
253
254
249
253
254
249
253
254
249
253
254
249
253
254
249
253
254
249
253
254
249
253
254
249
253
254
248
253
254
248
253
254
248
253
254
248
253
254
248
253
254
248
253
254
248
253
254
248
252
253
248
252
253
248
252
253
248
252
253
248
252
253
248
252
253
248
253
254
249
253
254
249
253
254
249
253
254
249
253
254
249
253
254
249
253
254
249
253
254
249
253
254
249
253
254
249
253
254
249
253
254
249
253
254
249
253
254
249
253
254
249
253
254
249
253
254
249
253
254
249
253
254
249
253
254
249
253
254
248
253
254
248
253
254
248
253
254
248
253
254
248
253
254
248
253
254
248
253
254
249
253
254
249
253
254
249
253
254
249
253
254
249
253
254
249
253
254
249
253
254
249
253
254
249
253
254
249
253
254
249
253
254
249
253
254
249
253
254
249
253
254
249
253
254
249
253
254
249
253
254
249
253
254
249
253
254
249
253
254
248
252
253
248
252
253
248
252
253
248
252
253
248
252
253
248
252
253
248
252
253
247
251
252
247
251
252
247
251
252
247
251
252
247
251
252
247
251
252
247
251
252
247
251
252
247
251
252
247
251
252
247
251
252
247
251
252
247
251
252
246
251
252
246
251
252
246
251
252
246
251
252
246
251
252
246
251
252
246
251
252
246
251
252
246
251
252
246
251
252
246
251
252
234
246
246
233
245
245
233
245
245
233
245
245
234
246
246
235
247
247
236
248
248
235
247
247
235
247
247
236
248
248
236
248
248
237
249
249
237
249
249
237
249
249
237
249
249
237
249
249
237
249
249
237
249
249
237
249
249
237
249
249
238
250
250
238
250
250
238
250
250
238
250
250
238
250
250
238
250
250
238
250
250
238
250
250
237
249
249
237
249
249
236
248
248
236
248
248
237
249
249
238
250
250
238
250
250
238
250
250
238
250
250
239
251
251
240
252
252
240
252
252
240
252
252
242
250
250
242
250
250
242
250
250
242
250
250
242
250
250
242
250
250
242
250
250
244
252
252
243
251
251
242
250
250
242
250
250
243
251
251
243
251
251
244
252
252
243
251
251
243
251
251
244
252
252
244
252
252
245
253
253
245
253
253
244
252
252
244
252
252
244
252
252
244
252
252
244
252
252
244
252
252
244
252
252
244
252
252
244
252
252
244
252
252
244
252
252
244
252
252
244
252
252
244
252
252
245
253
253
245
253
253
245
253
253
245
253
253
245
253
253
245
253
253
245
253
253
245
253
253
245
253
253
245
253
253
245
253
253
245
253
253
245
253
253
245
253
253
245
253
253
245
253
253
245
253
253
245
253
253
245
253
253
245
253
253
244
253
254
243
252
255
242
252
255
242
252
255
241
253
254
241
253
253
241
253
253
242
254
253
241
254
252
242
253
251
244
254
252
246
254
253
244
252
251
242
250
249
239
253
252
226
243
246
219
241
247
163
188
202
171
197
213
116
141
158
110
132
144
224
239
245
222
233
233
224
233
230
237
245
242
241
251
250
240
253
254
237
251
254
248
252
253
248
252
253
248
252
253
248
252
253
247
252
253
247
252
253
247
252
253
247
252
253
246
253
253
245
253
253
245
253
253
245
253
253
245
253
253
246
253
253
247
252
253
247
252
253
247
252
253
247
252
253
247
252
253
247
252
253
247
252
253
247
252
253
247
252
253
247
252
253
247
252
253
247
252
253
247
252
253
249
253
254
249
253
254
249
253
254
249
253
254
249
253
254
249
253
254
249
253
254
249
253
254
249
253
254
249
253
254
249
253
254
249
253
254
249
253
254
249
253
254
249
253
254
249
253
254
249
253
254
249
253
254
249
253
254
249
253
254
249
253
254
248
252
253
248
252
253
248
252
253
248
252
253
248
252
253
248
252
253
249
253
254
249
253
254
249
253
254
249
253
254
249
253
254
249
253
254
249
253
254
249
253
254
249
253
254
249
253
254
249
253
254
249
253
254
249
253
254
249
253
254
249
253
254
249
253
254
249
253
254
249
253
254
249
253
254
249
253
254
249
253
254
249
253
254
249
253
254
249
253
254
249
253
254
249
253
254
249
253
254
249
253
254
249
253
254
249
253
254
249
253
254
249
253
254
249
253
254
249
253
254
249
253
254
249
253
254
249
253
254
249
253
254
249
253
254
249
253
254
249
253
254
249
253
254
249
253
254
249
253
254
249
253
254
249
253
254
249
253
254
249
253
254
248
252
253
248
252
253
248
252
253
248
252
253
248
252
253
248
252
253
248
252
253
247
251
252
247
251
252
247
251
252
247
251
252
247
251
252
247
251
252
247
251
252
247
251
252
247
251
252
247
251
252
247
251
252
247
251
252
247
251
252
247
251
252
246
251
252
246
251
252
246
251
252
246
251
252
246
251
252
246
251
252
246
251
252
246
251
252
246
251
252
246
251
252
234
246
246
234
246
246
233
245
245
234
246
246
234
246
246
236
248
248
236
248
248
235
247
247
235
247
247
236
248
248
236
248
248
237
249
249
237
249
249
237
249
249
237
249
249
237
249
249
237
249
249
237
249
249
237
249
249
237
249
249
238
250
250
238
250
250
238
250
250
238
250
250
238
250
250
238
250
250
238
250
250
238
250
250
237
249
249
237
249
249
236
248
248
236
248
248
237
249
249
238
250
250
238
250
250
238
250
250
238
250
250
239
251
251
240
252
252
240
252
252
240
252
252
242
250
250
242
250
250
242
250
250
242
250
250
242
250
250
242
250
250
242
250
250
244
252
252
243
251
251
242
250
250
242
250
250
243
251
251
243
251
251
244
252
252
243
251
251
243
251
251
244
252
252
244
252
252
245
253
253
245
253
253
244
252
252
244
252
252
244
252
252
244
252
252
244
252
252
244
252
252
244
252
252
244
252
252
244
252
252
244
252
252
244
252
252
244
252
252
244
252
252
244
252
252
245
253
253
245
253
253
245
253
253
245
253
253
245
253
253
245
253
253
245
253
253
245
253
253
245
253
253
245
253
253
245
253
253
245
253
253
245
253
253
245
253
253
245
253
253
245
253
253
245
253
253
245
253
253
245
253
253
245
253
253
244
253
254
243
252
255
243
252
255
243
252
255
242
253
253
242
253
253
242
253
253
241
252
251
241
252
251
244
255
253
245
255
253
244
253
252
242
250
249
241
249
248
236
252
251
222
243
246
197
222
229
170
198
211
181
210
225
126
153
168
101
124
136
226
243
246
220
233
231
227
236
233
225
234
231
238
249
248
240
252
254
235
248
252
248
252
253
248
252
253
247
252
253
247
252
253
247
252
253
247
252
253
247
252
253
247
252
253
246
253
253
245
253
253
245
253
253
245
253
253
245
253
253
246
253
253
247
252
253
247
252
253
247
252
253
247
252
253
247
252
253
247
252
253
247
252
253
247
252
253
247
252
253
247
252
253
247
252
253
247
252
253
247
252
253
249
253
254
249
253
254
249
253
254
249
253
254
249
253
254
249
253
254
249
253
254
249
253
254
249
253
254
249
253
254
249
253
254
249
253
254
249
253
254
249
253
254
249
253
254
249
253
254
249
253
254
249
253
254
249
253
254
249
253
254
249
253
254
248
252
253
248
252
253
248
252
253
248
252
253
248
252
253
248
252
253
249
253
254
249
253
254
249
253
254
249
253
254
249
253
254
249
253
254
249
253
254
249
253
254
249
253
254
249
253
254
249
253
254
249
253
254
249
253
254
249
253
254
249
253
254
249
253
254
249
253
254
249
253
254
249
253
254
249
253
254
249
253
254
249
253
254
249
253
254
249
253
254
249
253
254
249
253
254
249
253
254
249
253
254
249
253
254
249
253
254
249
253
254
249
253
254
249
253
254
249
253
254
249
253
254
249
253
254
249
253
254
249
253
254
249
253
254
249
253
254
249
253
254
249
253
254
249
253
254
249
253
254
249
253
254
249
253
254
249
253
254
249
253
254
248
252
253
248
252
253
248
252
253
248
252
253
248
252
253
248
252
253
248
252
253
247
251
252
247
251
252
247
251
252
247
251
252
247
251
252
247
251
252
247
251
252
247
251
252
247
251
252
247
251
252
247
251
252
247
251
252
247
251
252
247
251
252
246
251
252
246
251
252
246
251
252
246
251
252
246
251
252
246
251
252
246
251
252
246
251
252
246
251
252
246
251
252
235
247
247
234
246
246
234
246
246
234
246
246
235
247
247
236
248
248
236
248
248
235
247
247
235
247
247
236
248
248
236
248
248
237
249
249
237
249
249
237
249
249
237
249
249
237
249
249
237
249
249
237
249
249
237
249
249
237
249
249
238
250
250
238
250
250
238
250
250
238
250
250
238
250
250
238
250
250
238
250
250
238
250
250
237
249
249
237
249
249
236
248
248
236
248
248
237
249
249
238
250
250
238
250
250
238
250
250
238
250
250
239
251
251
240
252
252
240
252
252
240
252
252
243
251
251
243
251
251
243
251
251
243
251
251
243
251
251
243
251
251
243
251
251
244
252
252
243
251
251
242
250
250
242
250
250
243
251
251
243
251
251
244
252
252
243
251
251
243
251
251
244
252
252
244
252
252
245
253
253
245
253
253
244
252
252
244
252
252
244
252
252
244
252
252
244
252
252
244
252
252
244
252
252
244
252
252
244
252
252
244
252
252
244
252
252
244
252
252
244
252
252
244
252
252
245
253
253
245
253
253
245
253
253
245
253
253
245
253
253
245
253
253
245
253
253
245
253
253
245
253
253
245
253
253
245
253
253
245
253
253
245
253
253
245
253
253
245
253
253
245
253
253
245
253
253
245
253
253
245
253
253
245
253
253
245
253
254
244
252
255
244
252
255
244
253
254
244
253
253
243
253
253
243
253
253
240
250
250
242
252
251
245
255
254
243
253
253
242
252
251
242
251
251
241
251
250
233
254
253
212
239
241
170
201
209
164
196
210
179
212
226
124
155
169
94
118
131
223
241
246
230
243
243
225
235
232
221
229
227
233
243
243
227
241
243
236
250
254
247
252
253
247
252
253
247
252
253
247
252
253
247
252
253
247
252
253
247
252
253
246
252
253
245
253
253
245
253
253
245
253
253
245
253
253
245
253
253
246
253
253
247
252
253
247
252
253
247
252
253
247
252
253
247
252
253
247
252
253
247
252
253
247
252
253
247
252
253
247
252
253
247
252
253
247
252
253
247
252
253
249
253
254
249
253
254
249
253
254
249
253
254
249
253
254
249
253
254
249
253
254
249
253
254
249
253
254
249
253
254
249
253
254
249
253
254
249
253
254
249
253
254
249
253
254
249
253
254
249
253
254
249
253
254
249
253
254
249
253
254
249
253
254
249
253
254
249
253
254
249
253
254
249
253
254
249
253
254
249
253
254
249
253
254
249
253
254
249
253
254
249
253
254
249
253
254
249
253
254
249
253
254
249
253
254
249
253
254
249
253
254
249
253
254
249
253
254
249
253
254
249
253
254
249
253
254
249
253
254
249
253
254
249
253
254
249
253
254
249
253
254
249
253
254
249
253
254
249
253
254
249
253
254
249
253
254
249
253
254
249
253
254
249
253
254
249
253
254
249
253
254
249
253
254
249
253
254
249
253
254
249
253
254
249
253
254
249
253
254
249
253
254
249
253
254
249
253
254
249
253
254
249
253
254
249
253
254
249
253
254
249
253
254
249
253
254
249
253
254
249
253
254
249
253
254
249
253
254
249
253
254
249
253
254
249
253
254
249
253
254
249
253
254
249
253
254
248
252
253
248
252
253
248
252
253
248
252
253
248
252
253
248
252
253
248
252
253
248
252
253
248
252
253
248
252
253
248
252
253
248
252
253
248
252
253
247
252
253
246
251
252
246
251
252
246
251
252
246
251
252
246
251
252
246
251
252
246
251
252
246
251
252
246
251
252
246
251
252
235
247
247
235
247
247
234
246
246
234
246
246
235
247
247
236
248
248
237
249
249
235
247
247
235
247
247
236
248
248
236
248
248
237
249
249
237
249
249
237
249
249
237
249
249
237
249
249
237
249
249
237
249
249
237
249
249
237
249
249
238
250
250
238
250
250
238
250
250
238
250
250
238
250
250
238
250
250
238
250
250
238
250
250
237
249
249
237
249
249
236
248
248
236
248
248
237
249
249
238
250
250
238
250
250
238
250
250
238
250
250
239
251
251
240
252
252
240
252
252
240
252
252
243
251
251
243
251
251
243
251
251
243
251
251
243
251
251
243
251
251
243
251
251
244
252
252
243
251
251
242
250
250
242
250
250
243
251
251
243
251
251
244
252
252
243
251
251
243
251
251
244
252
252
244
252
252
245
253
253
245
253
253
244
252
252
244
252
252
244
252
252
244
252
252
244
252
252
244
252
252
244
252
252
244
252
252
244
252
252
244
252
252
244
252
252
244
252
252
244
252
252
244
252
252
245
253
253
245
253
253
245
253
253
245
253
253
245
253
253
245
253
253
245
253
253
245
253
253
245
253
253
245
253
253
245
253
253
245
253
253
245
253
253
245
253
253
245
253
253
245
253
253
245
253
253
245
253
253
245
253
253
245
253
253
245
253
254
245
252
254
245
253
253
245
253
253
245
253
253
245
253
253
245
253
253
242
251
251
243
253
253
244
254
254
240
250
250
240
251
251
243
254
254
242
254
254
223
251
250
181
216
216
164
201
208
151
189
202
176
213
228
117
151
166
89
117
129
223
242
248
235
249
249
229
239
237
227
237
234
218
229
229
223
237
240
238
253
254
247
252
253
247
252
253
247
252
253
247
252
253
246
253
253
245
253
253
245
253
253
245
253
253
245
253
253
245
253
253
245
253
253
245
253
253
245
253
253
246
253
253
247
252
253
247
252
253
247
252
253
247
252
253
247
252
253
247
252
253
247
252
253
247
252
253
247
252
253
247
252
253
247
252
253
247
252
253
247
252
253
249
253
254
249
253
254
249
253
254
249
253
254
249
253
254
249
253
254
249
253
254
249
253
254
249
253
254
249
253
254
249
253
254
249
253
254
249
253
254
249
253
254
249
253
254
249
253
254
249
253
254
249
253
254
249
253
254
249
253
254
249
253
254
249
253
254
249
253
254
249
253
254
249
253
254
249
253
254
249
253
254
249
253
254
249
253
254
249
253
254
249
253
254
249
253
254
249
253
254
249
253
254
249
253
254
249
253
254
249
253
254
249
253
254
249
253
254
249
253
254
249
253
254
249
253
254
249
253
254
249
253
254
249
253
254
249
253
254
249
253
254
249
253
254
249
253
254
249
253
254
249
253
254
249
253
254
249
253
254
249
253
254
249
253
254
249
253
254
249
253
254
249
253
254
249
253
254
249
253
254
249
253
254
249
253
254
249
253
254
249
253
254
249
253
254
249
253
254
249
253
254
249
253
254
249
253
254
249
253
254
249
253
254
249
253
254
249
253
254
249
253
254
249
253
254
249
253
254
249
253
254
249
253
254
249
253
254
249
253
254
249
253
254
249
253
254
248
252
253
248
252
253
248
252
253
248
252
253
248
252
253
248
252
253
248
252
253
248
252
253
248
252
253
248
252
253
248
252
253
248
252
253
248
252
253
248
252
253
246
251
252
246
251
252
246
251
252
246
251
252
246
251
252
246
251
252
246
251
252
246
251
252
246
251
252
246
251
252
235
247
247
235
247
247
235
247
247
235
247
247
236
248
248
237
249
249
237
249
249
235
247
247
235
247
247
236
248
248
236
248
248
237
249
249
237
249
249
237
249
249
237
249
249
237
249
249
237
249
249
237
249
249
237
249
249
237
249
249
238
250
250
238
250
250
238
250
250
238
250
250
238
250
250
238
250
250
238
250
250
239
250
250
239
249
249
238
249
249
238
248
248
238
248
248
239
249
249
239
250
250
240
250
250
240
250
250
240
250
250
241
251
251
241
252
252
242
252
252
242
252
252
244
252
252
244
252
252
244
252
252
244
252
252
244
252
252
244
252
252
244
252
252
244
252
252
243
251
251
242
250
250
242
250
250
243
251
251
243
251
251
244
252
252
243
251
251
243
251
251
244
252
252
244
252
252
245
253
253
245
253
253
244
252
252
244
252
252
244
252
252
244
252
252
244
252
252
244
252
252
244
252
252
244
252
252
244
252
252
244
252
252
244
252
252
244
252
252
244
252
252
244
252
252
245
253
253
245
253
253
245
253
253
245
253
253
245
253
253
245
253
253
245
253
253
245
253
253
245
253
253
245
253
253
245
253
253
245
253
253
245
253
253
245
253
253
245
253
253
245
253
253
245
253
253
245
253
253
245
253
253
245
253
253
246
253
253
247
252
253
247
252
253
247
252
253
247
252
253
247
252
253
246
253
253
244
252
252
245
253
253
242
252
252
236
248
248
239
251
251
242
255
255
239
251
252
198
232
231
154
196
197
158
201
207
152
196
208
174
217
232
112
149
166
89
120
132
225
246
248
232
246
247
234
245
243
232
243
241
207
220
219
225
239
242
235
252
255
245
253
253
245
253
253
245
253
253
245
253
253
245
253
253
245
253
253
245
253
253
245
253
253
245
253
253
245
253
253
245
253
253
245
253
253
245
253
253
246
253
253
247
252
253
247
252
253
247
252
253
247
252
253
247
252
253
247
252
253
247
252
253
247
252
253
247
252
253
247
252
253
247
252
253
247
252
253
247
252
253
249
253
254
249
253
254
249
253
254
249
253
254
249
253
254
249
253
254
249
253
254
249
253
254
249
253
254
249
253
254
249
253
254
249
253
254
249
253
254
249
253
254
249
253
254
249
253
254
249
253
254
249
253
254
249
253
254
249
253
254
249
253
254
250
254
255
250
254
255
250
254
255
250
254
255
250
254
255
250
254
255
249
253
254
249
253
254
249
253
254
249
253
254
249
253
254
249
253
254
249
253
254
249
253
254
249
253
254
249
253
254
249
253
254
249
253
254
249
253
254
249
253
254
249
253
254
249
253
254
249
253
254
249
253
254
249
253
254
249
253
254
249
253
254
249
253
254
249
253
254
249
253
254
249
253
254
249
253
254
249
253
254
249
253
254
249
253
254
249
253
254
249
253
254
249
253
254
249
253
254
249
253
254
249
253
254
249
253
254
249
253
254
249
253
254
249
253
254
249
253
254
249
253
254
249
253
254
249
253
254
249
253
254
249
253
254
249
253
254
249
253
254
249
253
254
250
254
255
250
254
255
250
254
255
250
254
255
250
254
255
250
254
255
250
254
255
249
253
254
249
253
254
249
253
254
249
253
254
249
253
254
249
253
254
249
253
254
249
253
254
249
253
254
249
253
254
249
253
254
249
253
254
249
253
254
248
252
253
246
251
252
246
251
252
246
251
252
246
251
252
246
251
252
246
251
252
246
251
252
246
251
252
246
251
252
246
251
252
236
248
248
235
247
247
235
247
247
235
247
247
236
248
248
237
249
249
237
249
249
235
247
247
235
247
247
236
248
248
236
248
248
237
249
249
237
249
249
237
249
249
237
249
249
237
249
249
237
249
249
237
249
249
237
249
249
237
249
249
238
250
250
238
250
250
238
250
250
238
250
250
238
250
250
238
250
250
238
250
250
239
250
250
239
249
249
239
249
249
238
248
248
238
248
248
239
249
249
240
250
250
240
250
250
240
250
250
240
250
250
241
251
251
242
252
252
242
252
252
242
252
252
244
252
252
244
252
252
244
252
252
244
252
252
244
252
252
244
252
252
244
252
252
244
252
252
243
251
251
242
250
250
242
250
250
243
251
251
243
251
251
244
252
252
243
251
251
243
251
251
244
252
252
244
252
252
245
253
253
245
253
253
244
252
252
244
252
252
244
252
252
244
252
252
244
252
252
244
252
252
244
252
252
244
252
252
244
252
252
244
252
252
244
252
252
244
252
252
244
252
252
244
252
252
245
253
253
245
253
253
245
253
253
245
253
253
245
253
253
245
253
253
245
253
253
245
253
253
245
253
253
245
253
253
245
253
253
245
253
253
245
253
253
245
253
253
245
253
253
245
253
253
245
253
253
245
253
253
245
253
253
245
253
253
246
253
253
247
252
253
247
252
253
247
252
253
247
252
253
247
252
253
247
252
253
245
252
252
246
254
254
242
252
252
235
248
249
238
252
253
236
252
253
224
241
242
170
212
209
144
193
194
138
188
193
155
205
216
166
212
228
109
149
165
89
122
134
220
244
248
234
250
250
233
245
243
229
241
239
219
232
232
214
230
233
229
246
251
243
253
253
243
253
253
243
253
253
243
253
253
245
253
253
245
253
253
245
253
253
245
253
253
245
253
253
245
253
253
245
253
253
247
252
253
247
252
253
247
252
253
247
252
253
247
252
253
247
252
253
247
252
253
247
252
253
247
252
253
247
252
253
247
252
253
247
252
253
247
252
253
247
252
253
247
252
253
247
252
253
249
253
254
249
253
254
249
253
254
249
253
254
249
253
254
249
253
254
249
253
254
249
253
254
249
253
254
249
253
254
249
253
254
249
253
254
249
253
254
249
253
254
249
253
254
249
253
254
249
253
254
249
253
254
249
253
254
249
253
254
249
253
254
250
254
255
250
254
255
250
254
255
250
254
255
250
254
255
250
254
255
249
253
254
249
253
254
249
253
254
249
253
254
249
253
254
249
253
254
249
253
254
249
253
254
249
253
254
249
253
254
249
253
254
249
253
254
249
253
254
249
253
254
249
253
254
249
253
254
249
253
254
249
253
254
249
253
254
249
253
254
249
253
254
249
253
254
249
253
254
249
253
254
249
253
254
249
253
254
249
253
254
249
253
254
249
253
254
249
253
254
249
253
254
249
253
254
249
253
254
249
253
254
249
253
254
249
253
254
249
253
254
249
253
254
249
253
254
249
253
254
249
253
254
249
253
254
249
253
254
249
253
254
249
253
254
249
253
254
249
253
254
249
253
254
250
254
255
250
254
255
250
254
255
250
254
255
250
254
255
250
254
255
250
254
255
249
253
254
249
253
254
249
253
254
249
253
254
249
253
254
249
253
254
249
253
254
249
253
254
249
253
254
249
253
254
249
253
254
249
253
254
249
253
254
248
253
254
246
251
252
246
251
252
246
251
252
246
251
252
246
251
252
246
251
252
246
251
252
246
251
252
246
251
252
246
251
252
236
248
248
235
247
247
235
247
247
235
247
247
236
248
248
237
249
249
237
249
249
235
247
247
235
247
247
236
248
248
236
248
248
237
249
249
237
249
249
237
249
249
237
249
249
237
249
249
237
249
249
237
249
249
237
249
249
237
249
249
238
250
250
238
250
250
238
250
250
238
250
250
238
250
250
238
250
250
238
250
250
239
250
250
239
249
249
239
249
249
238
248
248
238
248
248
239
249
249
240
250
250
240
250
250
240
250
250
240
250
250
241
251
251
242
252
252
242
252
252
242
252
252
244
252
252
244
252
252
244
252
252
244
252
252
244
252
252
244
252
252
244
252
252
244
252
252
243
251
251
242
250
250
242
250
250
243
251
251
243
251
251
244
252
252
243
251
251
243
251
251
244
252
252
244
252
252
245
253
253
245
253
253
244
252
252
244
252
252
244
252
252
244
252
252
244
252
252
244
252
252
244
252
252
244
252
252
244
252
252
244
252
252
244
252
252
244
252
252
244
252
252
244
252
252
245
253
253
245
253
253
245
253
253
245
253
253
245
253
253
245
253
253
245
253
253
245
253
253
245
253
253
245
253
253
245
253
253
245
253
253
245
253
253
245
253
253
245
253
253
245
253
253
245
253
253
245
253
253
245
253
253
245
253
253
246
253
253
247
252
253
247
252
253
248
252
253
248
252
253
248
252
253
247
252
253
245
251
252
244
253
254
241
252
254
235
249
251
235
253
254
229
248
250
209
230
232
159
206
204
137
193
192
125
180
186
146
199
211
152
202
218
106
149
165
88
122
135
220
243
248
233
249
250
237
249
247
229
241
239
229
243
243
216
234
238
216
234
240
242
253
253
243
253
253
243
253
253
243
253
253
243
253
253
244
253
253
245
253
253
245
253
253
245
253
253
245
253
253
247
252
253
247
252
253
247
252
253
247
252
253
247
252
253
247
252
253
247
252
253
247
252
253
247
252
253
247
252
253
247
252
253
247
252
253
247
252
253
247
252
253
247
252
253
247
252
253
247
252
253
249
253
254
249
253
254
249
253
254
249
253
254
249
253
254
249
253
254
249
253
254
249
253
254
249
253
254
249
253
254
249
253
254
249
253
254
249
253
254
249
253
254
249
253
254
249
253
254
249
253
254
249
253
254
249
253
254
249
253
254
249
253
254
250
254
255
250
254
255
250
254
255
250
254
255
250
254
255
250
254
255
249
253
254
249
253
254
249
253
254
249
253
254
249
253
254
249
253
254
249
253
254
249
253
254
249
253
254
249
253
254
249
253
254
249
253
254
249
253
254
249
253
254
249
253
254
249
253
254
249
253
254
249
253
254
249
253
254
249
253
254
249
253
254
249
253
254
249
253
254
249
253
254
249
253
254
249
253
254
249
253
254
249
253
254
249
253
254
249
253
254
249
253
254
249
253
254
249
253
254
249
253
254
249
253
254
249
253
254
249
253
254
249
253
254
249
253
254
249
253
254
249
253
254
249
253
254
249
253
254
249
253
254
249
253
254
249
253
254
249
253
254
249
253
254
250
254
255
250
254
255
250
254
255
250
254
255
250
254
255
250
254
255
250
254
255
249
253
254
249
253
254
249
253
254
249
253
254
249
253
254
249
253
254
249
253
254
249
253
254
249
253
254
249
253
254
249
253
254
249
253
254
249
253
254
248
253
254
246
251
252
246
251
252
246
251
252
246
251
252
246
251
252
246
251
252
246
251
252
246
251
252
246
251
252
246
251
252
235
247
247
235
247
247
235
247
247
235
247
247
235
247
247
235
247
247
235
247
247
235
247
247
235
247
247
235
247
247
235
247
247
235
247
247
235
247
247
236
248
248
237
249
249
238
250
250
239
251
251
239
251
251
239
251
251
238
250
250
238
250
250
238
250
250
238
250
250
238
250
250
238
250
250
238
250
250
238
250
250
240
249
249
241
249
249
241
249
249
241
249
249
241
249
249
241
249
249
241
249
249
242
251
251
243
251
251
243
251
251
243
251
251
243
251
251
243
251
251
243
251
251
243
251
251
243
251
251
243
251
251
243
251
251
243
251
251
243
251
251
243
251
251
243
251
251
243
251
251
243
251
251
243
251
251
243
251
251
243
251
251
243
251
251
244
252
252
244
252
252
244
252
252
244
252
252
244
252
252
244
252
252
244
252
252
244
252
252
244
252
252
244
252
252
244
252
252
244
252
252
244
252
252
244
252
252
244
252
252
244
252
252
245
253
253
245
253
253
246
254
254
246
254
254
245
253
253
245
253
253
245
253
253
245
253
253
245
253
253
245
253
253
245
253
253
245
253
253
245
253
253
245
253
253
245
253
253
245
253
253
245
253
253
245
253
253
245
253
253
245
253
253
245
253
253
245
253
253
245
253
253
245
253
253
246
253
253
247
253
252
247
253
252
247
252
253
248
252
253
248
252
253
247
252
253
246
252
254
242
253
255
238
251
253
234
251
254
231
253
253
213
237
240
181
207
211
142
193
191
135
194
193
127
184
191
151
208
220
148
199
216
102
145
161
79
113
126
209
232
239
236
251
251
231
243
242
236
249
248
230
246
246
230
250
252
196
217
222
236
248
248
243
254
254
235
246
246
237
249
249
237
248
248
240
249
249
246
254
254
245
253
253
245
253
253
245
253
253
247
252
253
247
252
253
247
252
253
247
252
253
247
252
253
247
252
253
248
253
254
248
253
254
249
254
255
249
254
255
248
253
254
248
253
254
248
253
254
248
253
254
248
253
254
248
253
254
248
253
254
249
253
254
249
253
254
249
253
254
249
253
254
249
253
254
249
253
254
249
253
254
249
253
254
249
253
254
249
253
254
249
253
254
249
253
254
249
253
254
249
253
254
249
253
254
249
253
254
249
253
254
249
253
254
249
253
254
249
253
254
249
253
254
249
253
254
249
253
254
249
253
254
249
253
254
249
253
254
249
253
254
249
253
254
249
253
254
249
253
254
249
253
254
249
253
254
249
253
254
249
253
254
249
253
254
249
253
254
249
253
254
249
253
254
249
253
254
249
253
254
249
253
254
249
253
254
249
253
254
249
253
254
249
253
254
249
253
254
249
253
254
249
253
254
249
253
254
249
253
254
249
253
254
249
253
254
249
253
254
249
253
254
249
253
254
249
253
254
249
253
254
249
253
254
249
253
254
249
253
254
249
253
254
249
253
254
249
253
254
249
253
254
249
253
254
249
253
254
249
253
254
249
253
254
249
253
254
249
253
254
249
253
254
249
253
254
249
253
254
249
253
254
249
253
254
249
253
254
249
253
254
249
253
254
249
253
254
249
253
254
249
253
254
249
253
254
248
252
253
248
252
253
248
252
253
248
252
253
248
252
253
248
252
253
248
252
253
247
251
252
247
251
252
247
251
252
247
251
252
247
251
252
247
251
252
247
251
252
245
250
251
245
250
251
245
250
251
245
250
251
245
250
251
245
250
251
245
250
251
246
251
252
246
251
252
246
251
252
236
248
248
236
248
248
236
248
248
236
248
248
236
248
248
236
248
248
236
248
248
235
247
247
235
247
247
235
247
247
235
247
247
235
247
247
235
247
247
235
247
247
236
248
248
238
250
250
239
251
251
239
251
251
239
251
251
239
251
251
238
250
250
238
250
250
238
250
250
238
250
250
238
250
250
238
250
250
238
250
250
240
249
249
241
249
249
241
249
249
241
249
249
241
249
249
241
249
249
241
249
249
243
251
251
243
251
251
243
251
251
243
251
251
243
251
251
243
251
251
243
251
251
243
251
251
243
251
251
243
251
251
243
251
251
243
251
251
243
251
251
243
251
251
243
251
251
243
251
251
243
251
251
243
251
251
243
251
251
243
251
251
243
251
251
244
252
252
244
252
252
244
252
252
244
252
252
244
252
252
244
252
252
244
252
252
244
252
252
244
252
252
244
252
252
244
252
252
244
252
252
244
252
252
244
252
252
244
252
252
244
252
252
245
253
253
245
253
253
246
254
254
246
254
254
245
253
253
245
253
253
245
253
253
245
253
253
245
253
253
245
253
253
245
253
253
245
253
253
245
253
253
245
253
253
245
253
253
245
253
253
245
253
253
245
253
253
245
253
253
245
253
253
245
253
253
245
253
253
245
253
253
245
253
253
245
253
253
245
253
252
245
253
252
247
252
253
247
252
253
247
252
253
246
252
254
246
254
255
240
252
254
235
251
254
233
254
255
219
245
248
191
220
223
166
196
201
133
189
187
149
211
211
148
211
216
147
206
218
117
170
186
81
124
142
88
121
135
216
239
247
233
248
250
237
250
249
227
241
240
199
216
218
201
222
227
222
244
248
212
226
225
233
247
246
238
251
251
231
243
243
241
252
252
240
252
252
240
250
250
244
253
253
245
253
253
245
253
253
247
252
253
247
252
253
247
252
253
247
252
253
247
252
253
247
252
253
248
253
254
248
253
254
249
254
255
249
254
255
248
253
254
248
253
254
248
253
254
248
253
254
248
253
254
248
253
254
248
253
254
249
253
254
249
253
254
249
253
254
249
253
254
249
253
254
249
253
254
249
253
254
249
253
254
249
253
254
249
253
254
249
253
254
249
253
254
249
253
254
249
253
254
249
253
254
249
253
254
249
253
254
249
253
254
249
253
254
249
253
254
249
253
254
249
253
254
249
253
254
249
253
254
249
253
254
249
253
254
249
253
254
249
253
254
249
253
254
249
253
254
249
253
254
249
253
254
249
253
254
249
253
254
249
253
254
249
253
254
249
253
254
249
253
254
249
253
254
249
253
254
249
253
254
249
253
254
249
253
254
249
253
254
249
253
254
249
253
254
249
253
254
249
253
254
249
253
254
249
253
254
249
253
254
249
253
254
249
253
254
249
253
254
249
253
254
249
253
254
249
253
254
249
253
254
249
253
254
249
253
254
249
253
254
249
253
254
249
253
254
249
253
254
249
253
254
249
253
254
249
253
254
249
253
254
249
253
254
249
253
254
249
253
254
249
253
254
249
253
254
249
253
254
249
253
254
249
253
254
249
253
254
249
253
254
249
253
254
249
253
254
249
253
254
249
253
254
248
252
253
248
252
253
248
252
253
248
252
253
248
252
253
248
252
253
248
252
253
247
251
252
247
251
252
247
251
252
247
251
252
247
251
252
247
251
252
247
251
252
245
250
251
245
250
251
245
250
251
245
250
251
245
250
251
245
250
251
245
250
251
246
251
252
246
251
252
246
251
252
236
248
248
236
248
248
236
248
248
236
248
248
236
248
248
236
248
248
236
248
248
235
247
247
235
247
247
235
247
247
235
247
247
235
247
247
235
247
247
235
247
247
236
248
248
238
250
250
239
251
251
239
251
251
239
251
251
239
251
251
238
250
250
238
250
250
238
250
250
238
250
250
238
250
250
238
250
250
238
250
250
240
249
249
241
249
249
241
249
249
241
249
249
241
249
249
241
249
249
241
249
249
243
251
251
243
251
251
243
251
251
243
251
251
243
251
251
243
251
251
243
251
251
243
251
251
243
251
251
243
251
251
243
251
251
243
251
251
243
251
251
243
251
251
243
251
251
243
251
251
243
251
251
243
251
251
243
251
251
243
251
251
243
251
251
244
252
252
244
252
252
244
252
252
244
252
252
244
252
252
244
252
252
244
252
252
244
252
252
244
252
252
244
252
252
244
252
252
244
252
252
244
252
252
244
252
252
244
252
252
244
252
252
245
253
253
245
253
253
246
254
254
246
254
254
245
253
253
245
253
253
245
253
253
245
253
253
245
253
253
245
253
253
245
253
253
245
253
253
245
253
253
245
253
253
245
253
253
245
253
253
245
253
253
245
253
253
245
253
253
245
253
253
245
253
253
245
253
253
245
253
253
245
253
253
244
253
253
243
254
252
244
253
252
245
253
253
247
252
253
246
252
253
244
253
254
244
254
255
237
251
254
234
253
255
228
252
253
201
231
236
167
202
206
155
192
196
136
194
191
152
216
216
160
222
229
159
218
230
129
180
197
79
122
140
72
105
119
215
238
245
235
251
252
233
246
246
234
248
248
146
166
167
191
215
218
221
248
250
207
223
222
217
232
231
236
250
249
238
252
251
241
253
253
243
254
254
238
248
248
244
253
253
245
253
253
245
253
253
247
252
253
247
252
253
247
252
253
247
252
253
247
252
253
247
252
253
248
253
254
248
253
254
249
254
255
249
254
255
248
253
254
248
253
254
248
253
254
248
253
254
248
253
254
248
253
254
248
253
254
249
253
254
249
253
254
249
253
254
249
253
254
249
253
254
249
253
254
249
253
254
249
253
254
249
253
254
249
253
254
249
253
254
249
253
254
249
253
254
249
253
254
249
253
254
249
253
254
249
253
254
249
253
254
249
253
254
249
253
254
249
253
254
249
253
254
249
253
254
249
253
254
249
253
254
249
253
254
249
253
254
249
253
254
249
253
254
249
253
254
249
253
254
249
253
254
249
253
254
249
253
254
249
253
254
249
253
254
249
253
254
249
253
254
249
253
254
249
253
254
249
253
254
249
253
254
249
253
254
249
253
254
249
253
254
249
253
254
249
253
254
249
253
254
249
253
254
249
253
254
249
253
254
249
253
254
249
253
254
249
253
254
249
253
254
249
253
254
249
253
254
249
253
254
249
253
254
249
253
254
249
253
254
249
253
254
249
253
254
249
253
254
249
253
254
249
253
254
249
253
254
249
253
254
249
253
254
249
253
254
249
253
254
249
253
254
249
253
254
249
253
254
249
253
254
249
253
254
249
253
254
249
253
254
249
253
254
249
253
254
249
253
254
249
253
254
248
252
253
248
252
253
248
252
253
248
252
253
248
252
253
248
252
253
248
252
253
247
251
252
247
251
252
247
251
252
247
251
252
247
251
252
247
251
252
247
251
252
245
250
251
245
250
251
245
250
251
245
250
251
245
250
251
245
250
251
245
250
251
246
251
252
246
251
252
246
251
252
237
249
249
237
249
249
237
249
249
237
249
249
237
249
249
237
249
249
237
249
249
236
248
248
236
248
248
236
248
248
236
248
248
236
248
248
236
248
248
236
248
248
236
248
248
238
250
250
239
251
251
239
251
251
239
251
251
239
251
251
238
250
250
238
250
250
238
250
250
238
250
250
238
250
250
238
250
250
238
250
250
242
249
250
244
249
250
244
249
250
244
249
250
244
249
250
244
249
250
244
249
250
245
250
251
245
250
251
245
250
251
245
250
251
245
250
251
245
250
251
245
250
251
243
251
251
243
251
251
243
251
251
243
251
251
243
251
251
243
251
251
243
251
251
243
251
251
243
251
251
243
251
251
243
251
251
243
251
251
243
251
251
243
251
251
244
252
252
244
252
252
244
252
252
244
252
252
244
252
252
244
252
252
244
252
252
244
252
252
244
252
252
244
252
252
244
252
252
244
252
252
244
252
252
244
252
252
244
252
252
244
252
252
245
253
253
245
253
253
246
254
254
246
254
254
245
253
253
245
253
253
245
253
253
245
253
253
245
253
253
245
253
253
245
253
253
245
253
253
245
253
253
245
253
253
245
253
253
245
253
253
245
253
253
245
253
253
245
253
253
245
253
253
245
253
253
245
253
253
245
253
253
245
253
253
243
253
253
241
254
252
242
254
252
243
253
253
245
253
253
244
253
254
242
252
255
239
251
254
236
252
255
231
253
255
212
242
247
181
216
221
157
197
202
153
195
200
147
206
205
152
216
216
156
218
225
167
223
237
155
206
223
99
140
158
72
102
118
222
242
247
234
247
252
241
254
253
237
253
253
160
180
181
159
184
189
212
239
245
223
239
239
204
220
219
227
243
242
238
252
251
228
242
241
241
253
253
244
254
254
243
253
253
244
253
253
246
252
253
247
252
253
247
252
253
247
252
253
248
252
253
247
252
253
247
252
253
248
253
254
248
253
254
249
254
255
249
254
255
248
253
254
248
253
254
248
253
254
248
253
254
248
253
254
248
253
254
248
253
254
249
253
254
249
253
254
249
253
254
249
253
254
249
253
254
249
253
254
249
253
254
249
253
254
249
253
254
249
253
254
249
253
254
249
253
254
249
253
254
249
253
254
249
253
254
249
253
254
249
253
254
249
253
254
249
253
254
249
253
254
249
253
254
249
253
254
249
253
254
249
253
254
249
253
254
249
253
254
249
253
254
249
253
254
249
253
254
249
253
254
249
253
254
249
253
254
249
253
254
249
253
254
249
253
254
249
253
254
249
253
254
249
253
254
249
253
254
249
253
254
249
253
254
249
253
254
249
253
254
249
253
254
249
253
254
249
253
254
249
253
254
249
253
254
249
253
254
249
253
254
249
253
254
249
253
254
249
253
254
249
253
254
249
253
254
249
253
254
249
253
254
249
253
254
249
253
254
249
253
254
249
253
254
249
253
254
249
253
254
249
253
254
249
253
254
249
253
254
249
253
254
249
253
254
249
253
254
249
253
254
249
253
254
249
253
254
249
253
254
249
253
254
249
253
254
249
253
254
249
253
254
249
253
254
249
253
254
249
253
254
249
253
254
249
253
254
249
253
254
249
253
254
249
253
254
249
253
254
249
253
254
249
253
254
249
253
254
248
252
253
248
252
253
248
252
253
248
252
253
248
252
253
248
252
253
248
252
253
246
251
252
246
251
252
246
251
252
246
251
252
246
251
252
246
251
252
246
251
252
246
251
252
246
251
252
246
251
252
237
249
249
237
249
249
237
249
249
237
249
249
237
249
249
237
249
249
237
249
249
236
248
248
236
248
248
236
248
248
236
248
248
236
248
248
236
248
248
236
248
248
236
248
248
238
250
250
239
251
251
239
251
251
239
251
251
239
251
251
238
250
250
238
250
250
238
250
250
238
250
250
238
250
250
238
250
250
238
250
250
242
249
250
244
249
250
244
249
250
244
249
250
244
249
250
244
249
250
244
249
250
245
250
251
245
250
251
245
250
251
245
250
251
245
250
251
245
250
251
245
250
251
243
251
251
243
251
251
243
251
251
243
251
251
243
251
251
243
251
251
243
251
251
243
251
251
243
251
251
243
251
251
243
251
251
243
251
251
243
251
251
243
251
251
244
252
252
244
252
252
244
252
252
244
252
252
244
252
252
244
252
252
244
252
252
244
252
252
244
252
252
244
252
252
244
252
252
244
252
252
244
252
252
244
252
252
244
252
252
244
252
252
245
253
253
245
253
253
246
254
254
246
254
254
245
253
253
245
253
253
245
253
253
245
253
253
245
253
253
245
253
253
245
253
253
245
253
253
245
253
253
245
253
253
245
253
253
245
253
253
245
253
253
245
253
253
245
253
253
245
253
253
245
253
253
245
253
253
245
253
253
245
253
253
243
253
253
240
254
252
241
254
252
241
253
253
243
253
253
243
253
254
242
252
255
236
251
253
235
254
254
225
249
253
189
221
226
161
200
206
152
197
203
150
198
204
152
212
212
159
220
221
161
220
227
159
215
228
153
201
219
112
151
169
104
131
148
223
243
249
235
248
253
240
252
253
239
255
254
182
203
204
151
179
184
191
222
227
233
251
250
210
228
227
208
225
224
232
248
247
241
254
254
228
242
241
242
253
253
243
253
253
244
253
253
246
252
253
247
252
253
247
252
253
248
252
253
248
252
253
247
252
253
247
252
253
248
253
254
248
253
254
249
254
255
249
254
255
248
253
254
248
253
254
248
253
254
248
253
254
248
253
254
248
253
254
248
253
254
249
253
254
249
253
254
249
253
254
249
253
254
249
253
254
249
253
254
249
253
254
249
253
254
249
253
254
249
253
254
249
253
254
249
253
254
249
253
254
249
253
254
249
253
254
249
253
254
249
253
254
249
253
254
249
253
254
249
253
254
249
253
254
249
253
254
249
253
254
249
253
254
249
253
254
249
253
254
249
253
254
249
253
254
249
253
254
249
253
254
249
253
254
249
253
254
249
253
254
249
253
254
249
253
254
249
253
254
249
253
254
249
253
254
249
253
254
249
253
254
249
253
254
249
253
254
249
253
254
249
253
254
249
253
254
249
253
254
249
253
254
249
253
254
249
253
254
249
253
254
249
253
254
249
253
254
249
253
254
249
253
254
249
253
254
249
253
254
249
253
254
249
253
254
249
253
254
249
253
254
249
253
254
249
253
254
249
253
254
249
253
254
249
253
254
249
253
254
249
253
254
249
253
254
249
253
254
249
253
254
249
253
254
249
253
254
249
253
254
249
253
254
249
253
254
249
253
254
249
253
254
249
253
254
249
253
254
249
253
254
249
253
254
249
253
254
249
253
254
249
253
254
249
253
254
249
253
254
249
253
254
249
253
254
249
253
254
248
252
253
248
252
253
248
252
253
248
252
253
248
252
253
248
252
253
248
252
253
246
251
252
246
251
252
246
251
252
246
251
252
246
251
252
246
251
252
246
251
252
246
251
252
246
251
252
246
251
252
236
248
248
236
248
248
236
248
248
236
248
248
236
248
248
236
248
248
236
248
248
237
249
249
237
249
249
237
249
249
237
249
249
237
249
249
237
249
249
237
249
249
236
248
248
238
250
250
239
251
251
239
251
251
239
251
251
239
251
251
238
250
250
238
250
250
238
250
250
238
250
250
238
250
250
238
250
250
238
250
250
243
250
251
245
250
251
245
250
251
245
250
251
245
250
251
245
250
251
245
250
251
245
250
251
245
250
251
245
250
251
245
250
251
245
250
251
245
250
251
245
250
251
243
251
251
243
251
251
243
251
251
243
251
251
243
251
251
243
251
251
243
251
251
243
251
251
243
251
251
243
251
251
243
251
251
243
251
251
243
251
251
243
251
251
244
252
252
244
252
252
244
252
252
244
252
252
244
252
252
244
252
252
244
252
252
244
252
252
244
252
252
244
252
252
244
252
252
244
252
252
244
252
252
244
252
252
244
252
252
244
252
252
245
253
253
245
253
253
246
254
254
246
254
254
245
253
253
245
253
253
245
253
253
245
253
253
245
253
253
245
253
253
245
253
253
245
253
253
245
253
253
245
253
253
245
253
253
245
253
253
245
253
253
245
253
253
245
253
253
245
253
253
245
253
253
245
253
253
245
253
253
245
253
253
242
254
253
238
255
252
239
254
252
240
254
253
241
253
253
241
253
255
240
253
255
237
252
255
232
253
254
209
238
242
168
203
209
149
192
197
150
198
205
148
200
206
152
210
211
159
218
220
167
224
232
163
216
231
160
206
226
116
153
174
105
133
150
217
235
246
233
247
250
232
244
245
236
252
253
192
214
216
155
185
189
175
207
213
223
241
240
228
246
245
211
229
228
226
242
241
241
254
253
235
249
248
235
246
246
243
253
253
244
253
253
246
252
253
247
252
253
247
252
253
248
252
253
248
252
253
247
252
253
247
252
253
248
253
254
248
253
254
249
254
255
249
254
255
248
253
254
248
253
254
248
253
254
248
253
254
248
253
254
248
253
254
248
253
254
249
253
254
249
253
254
249
253
254
249
253
254
249
253
254
249
253
254
249
253
254
249
253
254
249
253
254
249
253
254
249
253
254
249
253
254
249
253
254
249
253
254
249
253
254
249
253
254
249
253
254
249
253
254
249
253
254
249
253
254
249
253
254
249
253
254
249
253
254
249
253
254
249
253
254
249
253
254
249
253
254
249
253
254
249
253
254
249
253
254
249
253
254
249
253
254
249
253
254
249
253
254
249
253
254
249
253
254
249
253
254
249
253
254
249
253
254
249
253
254
249
253
254
249
253
254
249
253
254
249
253
254
249
253
254
249
253
254
249
253
254
249
253
254
249
253
254
249
253
254
249
253
254
249
253
254
249
253
254
249
253
254
249
253
254
249
253
254
249
253
254
249
253
254
249
253
254
249
253
254
249
253
254
249
253
254
249
253
254
249
253
254
249
253
254
249
253
254
249
253
254
249
253
254
249
253
254
249
253
254
249
253
254
249
253
254
249
253
254
249
253
254
249
253
254
249
253
254
249
253
254
249
253
254
249
253
254
249
253
254
249
253
254
249
253
254
250
254
255
250
254
255
250
254
255
250
254
255
250
254
255
250
254
255
250
254
255
249
253
254
249
253
254
249
253
254
249
253
254
249
253
254
249
253
254
249
253
254
247
252
253
247
252
253
247
252
253
247
252
253
247
252
253
247
252
253
247
252
253
246
251
252
246
251
252
246
251
252
236
248
248
236
248
248
236
248
248
236
248
248
236
248
248
236
248
248
236
248
248
237
249
249
237
249
249
237
249
249
237
249
249
237
249
249
237
249
249
237
249
249
236
248
248
238
250
250
239
251
251
239
251
251
239
251
251
239
251
251
238
250
250
238
250
250
238
250
250
238
250
250
238
250
250
238
250
250
238
250
250
243
250
251
245
250
251
245
250
251
245
250
251
245
250
251
245
250
251
245
250
251
245
250
251
245
250
251
245
250
251
245
250
251
245
250
251
245
250
251
245
250
251
243
251
251
243
251
251
243
251
251
243
251
251
243
251
251
243
251
251
243
251
251
243
251
251
243
251
251
243
251
251
243
251
251
243
251
251
243
251
251
243
251
251
244
252
252
244
252
252
244
252
252
244
252
252
244
252
252
244
252
252
244
252
252
244
252
252
244
252
252
244
252
252
244
252
252
244
252
252
244
252
252
244
252
252
244
252
252
244
252
252
245
253
253
245
253
253
246
254
254
246
254
254
245
253
253
245
253
253
245
253
253
245
253
253
245
253
253
245
253
253
245
253
253
245
253
253
245
253
253
245
253
253
245
253
253
245
253
253
245
253
253
245
253
253
245
253
253
245
253
253
245
253
253
245
253
253
245
253
253
245
253
253
241
254
253
236
255
252
237
254
253
239
254
253
240
254
253
241
253
255
239
253
255
235
253
255
220
243
247
189
219
224
157
194
200
147
192
198
149
200
206
150
204
211
155
214
215
156
215
217
167
224
231
170
221
236
174
218
238
121
157
178
97
123
140
222
239
248
232
243
248
239
251
251
228
245
245
218
241
243
135
164
168
167
200
205
200
221
219
225
243
242
217
234
234
217
234
233
232
248
247
241
253
253
234
245
245
243
253
253
244
253
253
246
252
253
247
252
253
248
252
253
248
252
253
248
252
253
247
252
253
247
252
253
248
253
254
248
253
254
249
254
255
249
254
255
248
253
254
248
253
254
248
253
254
248
253
254
248
253
254
248
253
254
248
253
254
249
253
254
249
253
254
249
253
254
249
253
254
249
253
254
249
253
254
249
253
254
249
253
254
249
253
254
249
253
254
249
253
254
249
253
254
249
253
254
249
253
254
249
253
254
249
253
254
249
253
254
249
253
254
249
253
254
249
253
254
249
253
254
249
253
254
249
253
254
249
253
254
249
253
254
249
253
254
249
253
254
249
253
254
249
253
254
249
253
254
249
253
254
249
253
254
249
253
254
249
253
254
249
253
254
249
253
254
249
253
254
249
253
254
249
253
254
249
253
254
249
253
254
249
253
254
249
253
254
249
253
254
249
253
254
249
253
254
249
253
254
249
253
254
249
253
254
249
253
254
249
253
254
249
253
254
249
253
254
249
253
254
249
253
254
249
253
254
249
253
254
249
253
254
249
253
254
249
253
254
249
253
254
249
253
254
249
253
254
249
253
254
249
253
254
249
253
254
249
253
254
249
253
254
249
253
254
249
253
254
249
253
254
249
253
254
249
253
254
249
253
254
249
253
254
249
253
254
249
253
254
249
253
254
249
253
254
249
253
254
249
253
254
249
253
254
250
254
255
250
254
255
250
254
255
250
254
255
250
254
255
250
254
255
250
254
255
249
253
254
249
253
254
249
253
254
249
253
254
249
253
254
249
253
254
249
253
254
247
252
253
247
252
253
247
252
253
247
252
253
247
252
253
247
252
253
247
252
253
246
251
252
246
251
252
246
251
252
235
247
247
235
247
247
235
247
247
235
247
247
235
247
247
235
247
247
236
248
248
237
249
249
237
249
249
237
249
249
237
249
249
237
249
249
237
249
249
237
249
249
237
249
249
238
250
250
239
251
251
239
251
251
239
251
251
238
250
250
238
250
250
238
250
250
238
250
250
238
250
250
238
250
250
238
250
250
238
250
250
242
250
250
244
250
251
244
250
251
244
250
251
244
250
251
245
250
251
245
250
251
244
250
251
245
250
251
245
250
251
245
250
251
245
250
251
245
250
251
244
250
251
243
251
251
243
251
251
243
251
251
242
251
251
242
251
251
242
251
251
242
251
251
242
251
251
242
251
251
242
251
251
242
251
251
243
251
251
243
251
251
244
252
252
244
252
252
244
252
252
244
252
252
244
252
252
244
252
252
244
252
252
244
252
252
244
252
252
244
252
252
244
252
252
244
252
252
244
252
252
244
252
252
244
252
252
244
252
252
244
252
252
245
253
253
245
253
253
246
254
254
246
254
254
245
253
253
245
253
253
245
253
253
245
253
253
245
253
253
245
253
253
245
253
253
244
253
253
244
253
253
245
253
253
245
253
253
246
253
253
246
253
253
246
253
253
246
253
253
246
253
253
246
253
253
245
253
253
245
253
253
245
253
253
242
253
252
238
254
251
239
254
252
238
252
251
241
254
253
241
253
254
239
253
254
233
251
254
206
229
234
171
202
206
151
192
197
147
194
200
145
199
204
153
210
216
166
223
224
163
220
221
167
223
231
166
217
232
169
213
233
125
161
182
107
134
151
225
242
249
238
250
255
239
252
253
234
252
251
218
242
245
135
166
170
141
176
181
176
202
201
204
228
227
223
244
243
206
224
223
215
230
230
243
253
254
239
248
249
244
253
253
246
253
253
247
253
253
246
253
253
245
252
252
244
252
252
246
252
253
247
252
253
247
252
253
248
253
254
248
253
254
249
254
255
249
254
255
249
253
254
248
253
254
248
253
254
248
253
254
248
253
254
248
253
254
248
253
254
249
253
254
249
253
254
249
253
254
249
253
254
249
253
254
249
253
254
249
253
254
249
253
254
249
253
254
249
253
254
249
253
254
249
253
254
249
253
254
249
253
254
249
253
254
249
253
254
249
253
254
249
253
254
249
253
254
249
253
254
249
253
254
249
253
254
249
253
254
249
253
254
249
253
254
249
253
254
249
253
254
249
253
254
249
253
254
249
253
254
249
253
254
249
253
254
249
253
254
249
253
254
249
253
254
249
253
254
249
253
254
249
253
254
249
253
254
249
253
254
249
253
254
249
253
254
249
253
254
249
253
254
249
253
254
249
253
254
249
253
254
249
253
254
249
253
254
249
253
254
249
253
254
249
253
254
249
253
254
249
253
254
249
253
254
249
253
254
249
253
254
249
253
254
249
253
254
249
253
254
249
253
254
249
253
254
249
253
254
249
253
254
249
253
254
249
253
254
249
253
254
249
253
254
249
253
253
249
253
253
249
253
253
249
253
253
249
253
253
249
253
254
249
253
254
249
253
254
249
253
254
249
253
254
249
253
254
249
253
254
249
253
254
249
253
254
248
254
255
248
254
255
248
254
255
249
254
255
248
254
255
248
254
255
248
254
255
247
253
254
248
253
254
247
253
254
247
253
254
247
253
254
248
253
254
247
253
254
246
252
253
245
252
253
245
252
253
245
252
253
245
252
253
245
252
253
245
252
253
245
251
253
245
252
253
245
252
253
236
248
248
236
248
248
236
248
248
236
248
248
236
248
248
236
248
248
236
248
248
237
249
249
237
249
249
237
249
249
237
249
249
237
249
249
237
249
249
237
249
249
238
250
250
238
250
250
238
250
250
238
250
250
238
250
250
238
250
250
238
250
250
238
250
250
238
250
250
238
250
250
238
250
250
238
250
250
238
250
250
240
249
249
241
249
249
241
249
249
242
250
250
242
250
250
243
251
251
243
251
251
242
250
250
243
251
251
243
251
251
244
252
252
243
251
251
243
251
251
242
250
250
243
251
251
242
251
251
241
251
251
240
251
251
238
252
251
236
252
251
236
252
251
236
252
251
236
251
250
238
250
250
240
250
250
241
251
251
244
252
252
245
253
253
244
252
252
244
252
252
244
252
252
244
252
252
244
252
252
244
252
252
245
253
253
245
253
253
245
253
253
245
253
253
245
253
253
245
253
253
245
253
253
245
253
253
245
253
253
245
253
253
245
253
253
245
253
253
245
253
253
245
253
253
245
253
253
245
253
253
245
253
253
245
253
253
245
253
253
245
253
253
245
253
253
241
253
253
242
253
253
244
253
253
246
252
253
248
252
253
248
252
253
250
252
253
250
252
253
250
252
253
248
252
253
247
252
253
247
252
253
245
253
253
244
252
250
246
252
248
247
254
251
241
248
245
246
254
253
242
251
251
237
251
252
227
246
247
185
211
214
154
189
192
144
189
192
142
195
197
134
194
196
155
219
222
173
229
230
166
220
221
169
222
231
176
225
240
169
212
232
132
168
188
109
136
153
219
237
248
237
251
255
239
253
254
231
250
249
225
251
251
131
163
166
145
183
187
154
198
201
182
221
224
212
243
245
224
245
248
201
214
217
242
246
248
243
242
245
253
252
254
250
251
252
248
253
252
242
254
252
234
253
250
231
254
250
239
254
252
248
252
253
248
252
253
249
253
254
249
253
254
250
254
255
250
254
255
249
253
254
249
253
254
249
253
254
249
253
254
249
253
254
249
253
254
249
253
254
248
253
252
248
253
252
248
253
252
248
253
252
248
253
252
248
253
252
248
253
252
249
254
253
249
254
253
249
254
253
249
254
253
249
254
253
249
254
253
249
254
253
248
254
253
248
254
253
248
254
253
248
254
253
249
254
253
249
254
253
249
254
253
249
254
253
250
253
253
251
253
253
251
253
253
251
253
253
251
253
253
249
253
252
248
253
252
248
253
252
248
253
252
248
253
252
248
253
252
248
253
252
249
254
253
250
255
254
250
255
254
250
255
254
250
255
254
250
255
254
250
255
254
248
253
252
248
253
252
248
253
252
248
253
252
248
253
252
248
253
252
248
253
252
249
254
253
249
254
253
249
254
253
249
254
253
249
254
253
249
254
253
249
254
253
250
255
254
250
255
254
250
255
254
250
255
254
250
255
254
250
255
254
250
255
254
249
254
253
249
254
253
249
254
253
249
254
253
249
254
253
249
254
253
248
254
251
247
254
249
247
254
249
248
255
250
249
255
251
250
255
253
250
255
253
249
254
253
249
254
253
251
253
253
251
253
254
251
253
254
251
253
254
251
253
254
242
253
254
241
253
254
242
254
255
243
255
255
243
254
255
242
254
255
242
253
254
242
254
255
243
254
255
241
253
254
241
252
254
242
253
255
242
254
255
242
253
255
241
253
255
240
252
253
240
251
253
240
251
253
239
251
252
241
252
254
241
253
254
241
253
255
242
254
255
242
254
255
236
248
248
236
248
248
236
248
248
236
248
248
236
248
248
236
248
248
236
248
248
237
249
249
237
249
249
237
249
249
237
249
249
237
249
249
237
249
249
237
249
249
238
250
250
238
250
250
238
250
250
238
250
250
238
250
250
238
250
250
238
250
250
238
250
250
238
250
250
238
250
250
238
250
250
238
250
250
238
250
250
240
249
249
241
249
249
241
249
249
242
250
250
242
250
250
243
251
251
243
251
251
242
250
250
243
251
251
243
251
251
244
252
252
243
251
251
243
251
251
242
250
250
243
251
251
242
251
251
241
251
251
240
251
251
238
252
251
236
252
251
236
252
251
236
252
251
236
251
250
238
250
250
240
250
250
241
251
251
244
252
252
245
253
253
244
252
252
244
252
252
244
252
252
244
252
252
244
252
252
244
252
252
244
252
252
245
253
253
245
253
253
245
253
253
245
253
253
245
253
253
245
253
253
245
253
253
245
253
253
245
253
253
245
253
253
245
253
253
245
253
253
245
253
253
245
253
253
245
253
253
245
253
253
245
253
253
245
253
253
245
253
253
245
253
253
241
253
253
242
253
253
244
253
253
246
252
253
248
252
253
248
252
253
250
252
253
250
252
253
249
252
253
248
252
253
247
252
253
246
252
253
245
253
253
246
254
252
245
251
249
247
253
252
246
255
254
243
252
251
237
250
250
228
245
246
201
224
226
173
203
206
142
179
183
143
189
192
133
186
189
143
201
205
160
221
226
177
232
233
172
226
228
170
224
232
167
217
231
159
202
222
126
162
183
105
131
148
214
232
243
235
249
254
240
254
254
234
253
251
229
254
253
147
178
180
151
189
192
156
201
204
165
206
209
195
228
232
224
247
252
216
230
234
221
226
229
249
250
253
252
251
253
247
248
249
244
249
248
241
253
251
238
255
252
234
254
252
240
253
252
248
252
253
248
252
253
249
253
254
249
253
254
250
254
255
250
254
255
249
253
254
249
253
254
249
253
254
249
253
254
249
253
254
249
253
254
249
253
254
248
253
252
248
253
252
248
253
252
248
253
252
248
253
252
248
253
252
248
253
252
249
254
253
249
254
253
249
254
253
249
254
253
249
254
253
249
254
253
249
254
253
248
254
253
248
254
253
248
254
253
248
254
253
249
254
253
249
254
253
249
254
253
249
254
253
250
254
253
251
253
253
251
253
253
251
253
253
251
253
253
249
253
252
248
253
252
248
253
252
248
253
252
248
253
252
248
253
252
248
253
252
249
254
253
250
255
254
250
255
254
250
255
254
250
255
254
250
255
254
250
255
254
248
253
252
248
253
252
248
253
252
248
253
252
248
253
252
248
253
252
248
253
252
249
254
253
249
254
253
249
254
253
249
254
253
249
254
253
249
254
253
249
254
253
250
255
254
250
255
254
250
255
254
250
255
254
250
255
254
250
255
254
250
255
254
249
254
253
249
254
253
249
254
253
249
254
253
249
254
253
249
254
253
248
254
251
247
254
249
247
254
249
248
255
250
248
255
251
250
255
253
250
255
254
249
254
253
249
254
253
251
253
254
251
253
254
251
253
254
251
252
255
251
252
255
247
255
255
245
254
254
244
253
253
244
253
253
244
253
253
246
254
254
247
255
255
245
254
254
245
254
254
245
254
253
244
253
253
244
253
253
245
253
253
244
253
253
245
254
253
243
252
252
243
252
251
243
252
251
244
253
253
246
255
255
246
254
254
244
253
253
244
253
252
244
252
252
236
248
248
236
248
248
236
248
248
236
248
248
236
248
248
236
248
248
236
248
248
237
249
249
237
249
249
237
249
249
237
249
249
237
249
249
237
249
249
237
249
249
238
250
250
238
250
250
238
250
250
238
250
250
238
250
250
238
250
250
238
250
250
238
250
250
238
250
250
238
250
250
238
250
250
238
250
250
238
250
250
240
249
249
241
249
249
241
249
249
242
250
250
242
250
250
243
251
251
243
251
251
242
250
250
243
251
251
243
251
251
244
252
252
243
251
251
243
251
251
242
250
250
243
251
251
242
251
251
241
251
251
240
251
251
238
252
251
236
252
251
236
252
251
236
252
251
236
251
250
238
250
250
240
250
250
241
251
251
244
252
252
245
253
253
244
252
252
244
252
252
244
252
252
244
252
252
244
252
252
244
252
252
244
252
252
244
252
252
244
252
252
244
252
252
244
252
252
244
252
252
244
252
252
245
253
253
245
253
253
245
253
253
245
253
253
245
253
253
245
253
253
245
253
253
245
253
253
245
253
253
245
253
253
245
253
253
245
253
253
245
253
253
245
253
253
241
253
253
242
253
253
244
253
253
246
252
253
248
252
253
248
252
253
250
252
253
250
252
253
249
252
253
248
252
253
247
252
253
245
253
253
244
253
253
246
254
253
244
249
248
244
251
250
242
253
252
235
249
249
232
250
250
202
226
227
173
202
205
170
206
209
145
187
190
158
206
210
141
193
197
155
210
215
161
218
224
174
229
230
176
230
231
170
223
232
155
205
220
146
190
210
120
155
176
97
124
140
210
228
239
235
249
254
240
255
255
235
253
252
231
254
253
162
192
194
150
187
191
157
205
207
165
209
212
185
221
224
219
245
248
229
246
249
213
220
225
236
239
242
249
251
253
249
251
252
245
250
249
242
252
251
241
255
253
236
254
252
239
252
251
248
252
253
248
252
253
249
253
254
249
253
254
250
254
255
250
254
255
249
253
254
249
253
254
249
253
254
249
253
254
249
253
254
249
253
254
249
253
254
248
253
253
248
253
252
248
253
252
248
253
252
248
253
252
248
253
252
248
253
252
249
254
253
249
254
253
249
254
253
249
254
253
249
254
253
249
254
253
249
254
253
248
254
253
248
254
253
248
254
253
249
254
253
249
254
253
249
254
253
249
254
253
249
254
253
249
254
253
250
253
253
250
253
253
250
253
253
250
253
253
249
253
253
248
253
252
248
253
252
248
253
252
248
253
252
248
253
252
248
253
252
249
254
253
250
255
254
250
255
254
250
255
254
250
255
254
250
255
254
250
255
254
249
254
253
248
253
252
248
253
252
248
253
252
248
253
252
248
253
252
248
253
252
249
254
253
249
254
253
249
254
253
249
254
253
249
254
253
249
254
253
249
254
253
250
255
254
250
255
254
250
255
254
250
255
254
250
255
254
250
255
254
250
255
254
249
254
253
249
254
253
249
254
253
249
254
253
249
254
253
249
254
253
248
254
251
247
254
249
248
255
250
248
255
251
249
254
252
249
254
252
250
255
253
249
254
253
249
253
253
249
253
254
250
253
254
250
252
255
250
252
255
250
252
255
249
254
253
247
252
251
245
251
249
245
251
249
246
252
251
248
254
252
250
255
254
245
251
250
245
250
249
246
252
250
247
253
252
247
252
251
247
252
251
247
253
252
246
252
251
246
252
251
245
251
250
246
251
250
248
253
252
249
255
253
248
254
252
247
252
251
246
252
250
245
251
250
237
249
249
237
249
249
237
249
249
237
249
249
237
249
249
237
249
249
237
249
249
237
249
249
237
249
249
237
249
249
237
249
249
237
249
249
237
249
249
237
249
249
238
250
250
238
250
250
238
250
250
238
250
250
238
250
250
238
250
250
239
251
251
239
251
251
239
251
251
239
251
251
239
251
251
239
251
251
239
251
251
240
250
250
241
249
249
241
249
249
242
250
250
242
250
250
243
251
251
243
251
251
242
250
250
243
251
251
243
251
251
244
252
252
243
251
251
243
251
251
242
250
250
243
251
251
242
251
251
241
251
251
240
251
251
238
252
251
236
252
251
236
252
251
236
252
251
236
251
250
238
250
250
240
250
250
241
251
251
244
252
252
245
253
253
244
252
252
244
252
252
244
252
252
244
252
252
244
252
252
244
252
252
244
252
252
244
252
252
244
252
252
244
252
252
244
252
252
244
252
252
244
252
252
245
253
253
245
253
253
245
253
253
245
253
253
245
253
253
245
253
253
245
253
253
245
253
253
245
253
253
245
253
253
245
253
253
245
253
253
245
253
253
245
253
253
241
253
253
242
253
253
244
253
253
246
252
253
248
252
253
248
252
253
249
252
253
250
252
253
249
252
253
247
252
253
246
252
253
244
253
253
243
253
253
246
254
254
246
251
252
243
251
252
237
249
250
232
250
251
218
242
243
176
206
209
155
191
194
159
201
204
143
189
193
167
216
221
157
207
214
165
216
223
166
218
226
173
227
228
178
233
234
174
227
235
154
204
219
144
189
209
121
157
178
97
125
141
207
226
237
236
251
255
241
255
255
235
253
251
230
253
253
177
206
209
141
177
181
136
186
189
157
203
206
171
210
213
199
228
230
222
243
246
228
240
244
216
221
225
241
244
247
250
253
253
248
253
253
242
252
250
242
255
253
237
253
251
240
251
250
248
252
253
248
252
253
249
253
254
249
253
254
250
254
255
250
254
255
249
253
254
249
253
254
249
253
254
249
253
254
249
253
254
249
253
254
249
253
254
249
254
253
249
254
253
249
254
253
249
254
253
249
254
253
249
254
253
249
254
253
250
255
254
250
255
254
250
255
254
250
255
254
250
255
254
250
255
254
250
255
254
249
255
254
249
255
254
250
255
254
250
255
254
250
255
254
250
255
254
250
255
254
249
254
253
249
254
253
249
254
253
249
254
253
249
254
253
249
254
253
249
254
253
249
254
253
249
254
253
249
254
253
249
254
253
249
254
253
249
254
253
250
255
254
250
255
254
250
255
254
250
255
254
250
255
254
250
255
254
250
255
254
249
254
253
249
254
253
249
254
253
249
254
253
249
254
253
249
254
253
249
254
253
249
254
253
249
254
253
249
254
253
249
254
253
249
254
253
249
254
253
249
254
253
250
255
254
250
255
254
250
255
254
250
255
254
250
255
254
250
255
254
250
255
254
249
254
253
249
254
253
249
254
253
249
254
253
249
254
253
249
254
253
248
255
252
248
255
251
248
255
252
248
255
252
249
254
252
249
254
253
249
254
253
248
253
253
248
252
253
248
252
253
248
252
254
248
251
255
248
251
255
248
251
255
249
253
251
249
253
251
248
252
250
248
252
249
249
253
250
250
254
252
250
254
251
247
252
249
246
251
248
249
253
250
251
255
252
249
253
250
248
253
249
249
254
251
248
252
249
250
254
252
249
253
251
248
253
250
250
254
252
249
254
250
248
252
249
249
253
250
248
252
249
247
252
248
237
249
249
237
249
249
237
249
249
237
249
249
237
249
249
237
249
249
237
249
249
237
249
249
237
249
249
237
249
249
237
249
249
237
249
249
237
249
249
237
249
249
238
250
250
238
250
250
238
250
250
238
250
250
238
250
250
238
250
250
239
251
251
239
251
251
239
251
251
239
251
251
239
251
251
239
251
251
239
251
251
241
250
250
241
249
249
241
249
249
242
250
250
242
250
250
243
251
251
243
251
251
242
250
250
243
251
251
243
251
251
244
252
252
243
251
251
243
251
251
242
250
250
243
251
251
242
251
251
241
251
251
240
251
251
238
252
251
236
252
251
236
252
251
236
252
251
236
251
250
238
250
250
240
250
250
241
251
251
244
252
252
245
253
253
244
252
252
244
252
252
244
252
252
244
252
252
244
252
252
244
252
252
244
252
252
244
252
252
244
252
252
244
252
252
244
252
252
244
252
252
244
252
252
245
253
253
245
253
253
245
253
253
245
253
253
245
253
253
245
253
253
245
253
253
245
253
253
245
253
253
245
253
253
245
253
253
245
253
253
245
253
253
245
253
253
241
253
253
242
253
253
244
253
253
246
252
253
247
252
253
248
252
253
248
252
253
249
252
253
248
252
253
247
252
253
245
253
253
243
253
253
242
253
253
245
252
254
247
252
255
243
252
255
236
252
253
226
250
251
185
217
219
160
198
201
155
198
202
144
192
196
133
183
188
157
206
213
161
210
218
167
215
224
174
222
231
175
227
230
179
235
236
178
232
240
160
210
225
151
197
216
127
165
185
104
133
149
203
223
233
236
251
255
243
255
255
237
253
252
232
253
253
197
224
227
140
174
179
145
198
201
161
210
212
180
222
225
179
212
215
218
242
245
227
242
244
212
221
224
227
232
234
243
247
248
247
253
253
244
251
250
243
253
252
241
253
251
243
252
251
248
252
253
248
252
253
249
253
254
249
253
254
250
254
255
250
254
255
249
253
254
249
253
254
249
253
254
249
253
254
249
253
254
249
253
254
249
253
254
249
254
254
249
254
253
249
254
253
249
254
253
249
254
253
249
254
253
249
254
253
250
255
254
250
255
254
250
255
254
250
255
254
250
255
254
250
255
254
250
255
254
250
255
254
250
255
255
251
255
255
251
255
255
251
255
255
250
255
254
249
255
254
249
254
253
249
254
253
249
254
253
249
254
253
249
254
253
249
254
253
249
254
253
249
254
253
249
254
253
249
254
253
249
254
253
249
254
253
249
254
253
250
255
254
250
255
254
250
255
254
250
255
254
250
255
254
250
255
254
250
255
254
249
254
253
249
254
253
249
254
253
249
254
253
249
254
253
249
254
253
249
254
253
249
254
253
249
254
253
249
254
253
249
254
253
249
254
253
249
254
253
249
254
253
250
255
254
250
255
254
250
255
254
250
255
254
250
255
254
250
255
254
250
255
254
249
254
253
249
254
253
249
254
253
249
254
253
249
254
253
249
254
253
249
255
253
249
255
252
249
254
252
249
254
252
249
254
253
249
254
253
248
253
253
247
252
253
247
252
253
247
252
253
247
251
254
247
251
255
247
251
255
247
251
255
250
254
251
252
255
253
250
254
251
247
251
248
248
252
248
248
252
248
245
249
245
251
254
252
248
252
248
249
253
250
250
253
251
245
249
245
241
246
242
244
248
245
247
251
247
250
253
250
247
251
248
245
250
246
249
252
249
247
251
247
245
249
246
248
252
249
248
253
249
249
253
250
238
250
250
238
250
250
238
250
250
238
250
250
238
250
250
238
250
250
238
250
250
237
249
249
237
249
249
237
249
249
237
249
249
237
249
249
237
249
249
237
249
249
238
250
250
238
250
250
238
250
250
238
250
250
238
250
250
238
250
250
239
251
251
240
252
252
240
252
252
240
252
252
240
252
252
240
252
252
240
252
252
241
250
250
241
249
249
241
249
249
242
250
250
242
250
250
243
251
251
243
251
251
242
250
250
243
251
251
243
251
251
244
252
252
243
251
251
243
251
251
242
250
250
243
251
251
242
251
251
241
251
251
240
251
251
238
252
251
236
252
251
236
252
251
236
252
251
236
251
250
238
250
250
240
250
250
241
251
251
244
252
252
245
253
253
244
252
252
244
252
252
244
252
252
244
252
252
244
252
252
244
252
252
245
253
253
245
253
253
245
253
253
245
253
253
245
253
253
245
253
253
245
253
253
245
253
253
245
253
253
245
253
253
245
253
253
245
253
253
245
253
253
245
253
253
245
253
253
245
253
253
245
253
253
245
253
253
245
253
253
245
253
253
245
253
253
242
253
253
243
253
253
244
253
253
246
252
253
247
252
253
248
252
253
248
252
253
248
252
253
247
252
253
246
253
253
244
253
253
242
253
253
241
253
253
242
251
253
244
250
255
242
253
255
232
252
254
207
235
239
161
198
201
159
203
207
162
212
215
145
197
202
135
188
194
147
197
205
158
206
214
169
214
223
179
222
233
175
227
230
176
231
233
175
229
237
161
212
227
153
200
219
128
167
187
107
137
153
197
218
228
234
249
254
242
255
255
239
254
253
235
254
254
216
241
245
141
173
178
143
198
201
154
205
208
173
218
221
178
215
218
196
225
227
231
250
251
225
239
242
219
228
230
233
239
240
243
248
249
246
252
252
245
252
251
245
252
251
246
253
252
248
252
253
248
252
253
249
253
254
249
253
254
250
254
255
250
254
255
249
253
254
249
253
254
249
253
254
249
253
254
249
253
254
249
253
254
249
253
254
250
255
254
250
255
254
250
255
254
250
255
254
250
255
254
250
255
254
250
255
254
251
255
255
251
255
255
251
255
255
251
255
255
251
255
255
251
255
255
251
255
255
251
255
255
251
255
255
251
255
255
251
255
255
251
255
255
249
255
254
249
255
254
248
254
253
248
254
253
248
254
253
248
254
253
248
254
253
247
254
253
249
255
254
250
255
254
250
255
254
250
255
254
250
255
254
250
255
254
250
255
254
250
255
254
250
255
254
250
255
254
250
255
254
250
255
254
250
255
254
250
255
254
250
255
254
250
255
254
250
255
254
250
255
254
250
255
254
250
255
254
250
255
254
249
254
253
249
254
253
249
254
253
249
254
253
249
254
253
249
254
253
249
254
253
250
255
254
250
255
254
250
255
254
250
255
254
250
255
254
250
255
254
250
255
254
249
254
253
249
254
253
249
254
253
249
254
253
249
254
253
249
254
253
250
255
253
250
255
253
250
255
253
249
254
253
249
254
253
248
253
253
247
252
253
246
251
252
246
251
252
246
251
253
246
251
254
246
251
254
245
251
254
245
251
254
246
253
252
248
253
252
241
247
245
233
239
237
233
239
238
234
240
239
231
237
235
245
251
250
240
246
245
242
248
246
241
247
246
232
238
237
226
232
231
231
237
235
238
244
243
239
246
244
233
239
238
231
237
236
239
245
244
240
246
245
236
242
241
236
242
240
239
245
244
242
249
247
238
250
250
238
250
250
238
250
250
238
250
250
238
250
250
238
250
250
238
250
250
237
249
249
237
249
249
237
249
249
237
249
249
237
249
249
237
249
249
237
249
249
238
250
250
238
250
250
238
250
250
238
250
250
238
250
250
238
250
250
239
251
251
240
252
252
240
252
252
240
252
252
240
252
252
240
252
252
240
252
252
241
250
250
241
249
249
241
249
249
242
250
250
242
250
250
243
251
251
243
251
251
242
250
250
243
251
251
243
251
251
244
252
252
243
251
251
243
251
251
242
250
250
243
251
251
242
251
251
241
251
251
240
251
251
238
252
251
236
252
251
236
252
251
236
252
251
236
251
250
238
250
250
240
250
250
241
251
251
244
252
252
245
253
253
244
252
252
244
252
252
244
252
252
244
252
252
244
252
252
244
252
252
245
253
253
246
254
254
246
254
254
246
254
254
246
254
254
246
254
254
246
254
254
245
253
253
245
253
253
245
253
253
245
253
253
245
253
253
245
253
253
245
253
253
245
253
253
245
253
253
245
253
253
245
253
253
245
253
253
245
253
253
245
253
253
243
253
253
243
253
253
244
253
253
246
252
253
247
252
253
248
252
253
248
252
253
248
252
253
246
252
253
245
253
253
242
253
253
240
254
253
240
254
253
240
252
254
238
248
254
237
251
254
216
239
244
176
210
214
161
203
207
163
213
216
149
203
207
144
199
204
143
197
203
149
200
208
161
207
215
179
221
231
185
223
236
179
230
232
174
229
231
171
225
233
161
213
228
153
201
220
127
168
188
110
141
157
191
213
224
232
247
252
241
254
255
238
253
252
234
252
253
226
249
253
138
169
174
137
194
198
158
212
215
161
210
213
181
222
226
174
207
211
217
242
245
224
242
245
224
237
239
226
236
237
238
245
245
248
253
254
247
253
252
245
251
250
247
252
252
248
252
253
248
252
253
249
253
254
249
253
254
250
254
255
250
254
255
249
253
254
249
253
254
249
253
254
249
253
254
249
253
254
249
253
254
249
253
254
250
255
254
250
255
254
250
255
254
250
255
254
250
255
254
250
255
254
250
255
254
251
255
255
251
255
255
251
255
255
251
255
255
251
255
255
251
255
255
251
255
255
251
255
255
251
255
255
251
255
255
251
255
255
250
255
255
249
255
254
249
254
254
248
253
254
247
253
254
247
253
254
247
253
254
247
254
254
246
254
254
248
255
254
250
255
254
250
255
254
250
255
254
250
255
254
250
255
254
250
255
254
250
255
254
250
255
254
250
255
254
250
255
254
250
255
254
250
255
254
250
255
254
250
255
254
250
255
254
250
255
254
250
255
254
250
255
254
250
255
254
250
255
254
249
254
253
249
254
253
249
254
253
249
254
253
249
254
253
249
254
253
249
254
253
250
255
254
250
255
254
250
255
254
250
255
254
250
255
254
250
255
254
250
255
254
249
254
253
249
254
253
249
254
253
249
254
253
249
254
253
249
254
253
250
255
253
250
255
254
250
255
254
249
254
253
248
254
253
247
252
253
247
252
253
246
251
252
246
251
253
245
251
254
245
251
254
245
251
254
244
251
254
244
250
255
241
251
253
240
250
252
227
237
238
214
224
225
215
225
227
219
229
231
217
227
228
236
246
247
231
240
242
233
243
244
234
244
245
224
234
235
218
228
229
224
234
235
232
242
243
230
240
241
220
230
232
218
228
230
232
242
243
240
249
250
228
238
239
216
226
227
223
233
234
228
238
240
237
249
249
237
249
249
237
249
249
237
249
249
237
249
249
237
249
249
237
249
249
236
248
248
236
248
248
236
248
248
236
248
248
236
248
248
236
248
248
237
249
249
238
250
250
238
250
250
238
250
250
238
250
250
238
250
250
238
250
250
239
251
251
239
251
251
239
251
251
239
251
251
239
251
251
239
251
251
239
251
251
241
250
250
242
250
250
242
250
250
243
251
251
243
251
251
244
252
252
244
252
252
243
251
251
243
251
251
243
251
251
243
251
251
243
251
251
243
251
251
243
251
251
243
251
251
242
251
251
241
251
251
240
251
251
238
252
251
236
252
251
236
252
251
236
252
251
237
252
251
239
251
251
241
251
251
242
252
252
244
252
252
244
252
252
244
252
252
244
252
252
244
252
252
244
252
252
244
252
252
244
252
252
245
253
253
246
254
254
246
254
254
246
254
254
246
254
254
246
254
254
246
254
254
245
253
253
245
253
253
245
253
253
246
254
254
245
253
253
245
253
253
245
253
253
245
253
253
245
253
253
245
253
253
245
253
253
245
253
253
245
253
253
245
253
253
243
253
253
243
253
253
245
253
253
246
252
253
247
252
253
248
252
253
247
251
252
246
250
251
246
253
253
243
252
252
242
254
254
236
250
249
236
251
250
238
253
254
232
246
253
225
245
251
191
218
223
161
198
202
163
208
212
159
211
214
139
195
199
140
196
201
147
201
207
153
202
210
169
214
222
185
225
235
190
226
238
184
234
237
177
233
234
169
224
232
165
218
232
161
210
229
126
168
188
108
142
157
186
210
220
234
251
253
240
253
254
237
251
250
234
251
253
231
252
255
146
174
180
132
189
194
153
208
212
161
213
216
178
223
226
184
222
225
199
229
232
223
247
248
231
248
250
217
230
231
232
241
241
248
254
254
246
250
251
247
251
250
245
249
249
247
251
252
247
251
252
248
252
253
249
253
254
249
253
254
249
253
254
249
253
254
249
253
254
249
253
254
249
253
254
249
253
254
249
253
254
249
253
254
250
255
254
250
255
254
250
255
254
250
255
254
250
255
254
250
255
254
250
255
254
250
255
254
250
255
254
250
255
254
250
255
254
250
255
254
250
255
254
250
255
254
250
255
254
250
255
254
250
255
255
250
254
255
250
254
255
249
254
255
249
254
255
248
254
255
235
242
243
199
207
207
240
249
249
243
252
252
245
254
254
247
254
254
250
255
254
250
255
254
250
255
254
250
255
254
250
255
254
250
255
254
250
255
254
250
255
254
250
255
254
250
255
254
250
255
254
250
255
254
250
255
254
250
255
254
250
255
254
250
255
254
250
255
254
250
255
254
250
255
254
250
255
254
249
254
253
249
254
253
249
254
253
249
254
253
249
254
253
249
254
253
249
254
253
251
255
255
251
255
255
251
255
255
251
255
255
251
255
255
251
255
255
250
255
254
250
255
254
250
255
254
250
255
254
250
255
254
250
255
254
250
255
254
247
252
251
246
251
250
250
254
254
250
255
254
248
253
252
243
248
249
247
252
253
247
252
254
246
252
254
245
252
255
244
252
255
243
251
255
243
251
255
243
251
255
236
251
255
234
249
253
217
232
238
211
226
231
217
232
237
215
230
236
215
230
236
224
239
244
220
235
241
223
238
243
226
241
247
222
237
243
217
232
237
220
235
240
231
246
251
223
238
243
212
227
233
213
228
234
221
236
242
229
244
248
217
232
237
211
226
231
216
231
237
221
236
242
236
248
248
236
248
248
236
248
248
236
248
248
236
248
248
236
248
248
236
248
248
236
248
248
236
248
248
236
248
248
236
248
248
236
248
248
236
248
248
237
249
249
238
250
250
238
250
250
238
250
250
238
250
250
238
250
250
238
250
250
239
251
251
239
251
251
239
251
251
239
251
251
239
251
251
239
251
251
239
251
251
241
250
250
242
250
250
242
250
250
243
251
251
243
251
251
244
252
252
244
252
252
243
251
251
243
251
251
243
251
251
243
251
251
243
251
251
243
251
251
243
251
251
243
251
251
242
251
251
241
251
251
240
251
251
238
252
251
236
252
251
236
252
251
237
253
252
238
253
252
240
252
252
242
252
252
242
252
252
244
252
252
244
252
252
244
252
252
244
252
252
244
252
252
244
252
252
244
252
252
244
252
252
245
253
253
245
253
253
245
253
253
245
253
253
245
253
253
245
253
253
245
253
253
244
252
252
245
253
253
245
253
253
246
254
254
246
254
254
245
253
253
244
252
252
245
253
253
245
253
253
245
253
253
245
253
253
245
253
253
245
253
253
245
253
253
243
253
253
244
253
253
245
253
253
246
252
253
247
252
253
247
252
253
246
251
252
245
250
251
246
254
254
240
250
250
241
254
253
235
250
249
231
249
248
233
252
252
225
247
251
204
229
235
182
214
219
160
199
204
164
211
215
153
204
208
147
201
204
145
199
204
151
203
209
156
204
211
173
218
225
182
223
231
189
227
236
185
235
237
182
238
239
177
232
240
172
225
239
162
212
231
118
161
181
110
144
160
180
204
214
236
254
255
240
253
253
238
251
251
237
252
254
233
252
255
157
182
188
137
194
199
148
204
208
162
215
219
178
226
229
184
225
229
187
222
224
209
237
239
229
250
252
224
240
241
214
225
225
244
251
251
246
249
250
246
248
248
247
250
251
247
251
252
247
251
252
248
252
253
248
252
253
249
253
254
249
253
254
249
253
254
249
253
254
249
253
254
249
253
254
249
253
254
249
253
254
249
253
254
250
255
254
250
255
254
250
255
254
250
255
254
250
255
254
250
255
254
250
255
254
250
255
254
250
255
254
250
255
254
250
255
254
250
255
254
250
255
254
250
255
254
249
254
254
249
254
254
249
254
254
249
253
254
249
253
254
249
254
255
248
254
255
244
252
252
224
233
233
146
155
155
235
245
245
239
250
250
243
254
254
245
253
253
250
255
254
250
255
254
250
255
254
250
255
254
250
255
254
250
255
254
250
255
254
250
255
254
250
255
254
250
255
254
250
255
254
250
255
254
250
255
254
250
255
254
250
255
254
250
255
254
250
255
254
250
255
254
250
255
254
250
255
254
249
254
253
249
254
253
249
254
253
249
254
253
249
254
253
249
254
253
249
254
253
251
255
255
251
255
255
251
255
255
251
255
255
251
255
255
251
255
255
251
255
255
250
255
254
250
255
254
250
255
254
250
255
254
250
255
254
250
255
254
248
253
252
247
251
251
247
251
251
237
241
242
244
248
249
245
250
251
243
248
249
244
250
253
245
252
255
244
252
255
243
251
255
242
251
255
240
250
254
240
250
254
226
244
252
229
248
254
219
238
247
221
240
248
226
245
253
219
238
248
225
244
250
221
240
248
219
238
247
220
239
248
224
243
250
225
244
251
221
240
248
218
237
246
227
246
254
224
243
249
219
238
245
216
236
244
212
231
240
221
240
249
218
237
246
221
240
248
224
243
250
226
245
251
236
248
248
236
248
248
236
248
248
236
248
248
236
248
248
236
248
248
236
248
248
236
248
248
236
248
248
236
248
248
236
248
248
236
248
248
236
248
248
237
249
249
238
250
250
238
250
250
238
250
250
238
250
250
238
250
250
238
250
250
239
251
251
239
251
251
239
251
251
239
251
251
239
251
251
239
251
251
239
251
251
241
250
250
242
250
250
243
251
251
243
251
251
243
251
251
244
252
252
244
252
252
243
251
251
243
251
251
243
251
251
243
251
251
243
251
251
243
251
251
243
251
251
243
251
251
242
251
251
241
251
251
240
251
251
238
252
251
236
252
251
236
252
251
237
253
252
238
253
252
240
252
252
242
252
252
242
252
252
244
252
252
244
252
252
244
252
252
244
252
252
244
252
252
244
252
252
244
252
252
244
252
252
245
253
253
245
253
253
245
253
253
245
253
253
245
253
253
245
253
253
245
253
253
244
252
252
245
253
253
245
253
253
246
254
254
246
254
254
245
253
253
244
252
252
245
253
253
245
253
253
245
253
253
245
253
253
245
253
253
245
253
253
245
253
253
243
253
253
244
253
253
245
253
253
246
252
253
247
252
253
247
252
253
247
252
253
247
253
253
245
254
254
239
251
251
240
254
253
237
254
253
233
251
250
227
250
251
208
238
242
182
213
218
179
215
219
167
207
211
165
210
213
156
204
208
153
203
206
153
203
207
155
203
208
163
210
215
174
218
223
183
225
231
188
228
234
182
232
234
177
233
234
182
237
245
168
223
237
147
198
217
103
148
167
108
144
159
171
197
206
234
252
255
240
253
254
240
253
252
238
253
254
231
248
253
157
180
187
137
193
199
149
205
210
159
212
217
179
228
232
182
226
230
186
224
227
193
225
227
216
242
243
234
253
255
206
220
221
226
234
234
247
251
252
242
244
245
251
253
254
247
251
252
247
251
252
248
252
253
248
252
253
249
253
254
249
253
254
249
253
254
249
253
254
249
253
254
249
253
254
249
253
254
249
253
254
249
253
254
250
255
254
250
255
254
250
255
254
250
255
254
250
255
254
250
255
254
250
255
254
250
255
254
250
255
254
250
255
254
250
255
254
250
255
254
250
255
254
250
255
254
250
253
254
250
253
254
249
253
254
249
253
254
248
253
254
249
254
255
247
254
255
241
249
249
228
238
239
141
152
153
231
242
243
240
252
253
241
253
254
244
253
254
250
255
254
250
255
254
250
255
254
250
255
254
250
255
254
250
255
254
250
255
254
250
255
254
250
255
254
250
255
254
250
255
254
250
255
254
250
255
254
250
255
254
250
255
254
250
255
254
250
255
254
250
255
254
250
255
254
250
255
254
249
254
253
249
254
253
249
254
253
249
254
253
249
254
253
249
254
253
249
254
253
251
255
255
251
255
255
251
255
255
251
255
255
251
255
255
251
255
255
251
255
255
250
255
254
250
255
254
250
255
254
250
255
254
250
255
254
250
255
254
250
253
253
249
252
252
248
252
252
240
244
245
243
247
248
239
244
244
235
241
242
237
244
247
238
246
249
236
246
249
235
246
249
234
245
249
233
244
248
233
244
248
223
243
252
222
243
253
219
240
251
224
245
254
228
249
255
224
245
254
226
247
255
225
246
255
221
243
254
221
242
253
224
245
254
225
246
255
222
243
254
219
241
251
225
246
254
219
241
250
221
243
252
226
247
253
220
242
250
225
247
255
222
244
255
223
244
255
224
245
255
225
246
255
237
249
249
237
249
249
237
249
249
237
249
249
237
249
249
237
249
249
237
249
249
237
249
249
237
249
249
237
249
249
237
249
249
237
249
249
237
249
249
237
249
249
238
250
250
238
250
250
238
250
250
238
250
250
238
250
250
238
250
250
239
251
251
239
251
251
239
251
251
239
251
251
239
251
251
239
251
251
239
251
251
242
251
251
243
251
251
243
251
251
243
251
251
243
251
251
243
251
251
243
251
251
243
251
251
243
251
251
243
251
251
243
251
251
243
251
251
243
251
251
243
251
251
243
251
251
242
251
251
241
251
251
240
251
251
238
252
251
236
252
251
236
252
251
237
253
252
238
253
252
240
252
252
242
252
252
242
252
252
244
252
252
244
252
252
244
252
252
244
252
252
244
252
252
244
252
252
244
252
252
244
252
252
245
253
253
245
253
253
245
253
253
245
253
253
245
253
253
245
253
253
245
253
253
244
252
252
245
253
253
245
253
253
246
254
254
246
254
254
245
253
253
244
252
252
245
253
253
245
253
253
245
253
253
245
253
253
245
253
253
245
253
253
245
253
253
244
253
253
245
253
253
246
253
253
247
252
253
247
252
253
247
252
253
247
253
254
244
252
252
240
250
250
241
253
253
237
252
252
231
250
249
234
254
253
220
248
248
184
222
225
171
210
213
170
209
212
174
215
218
158
200
203
159
202
205
156
199
203
161
205
208
160
205
208
175
220
223
178
222
225
186
229
233
187
230
234
186
237
238
176
232
233
181
236
244
164
219
233
151
204
222
109
155
174
104
141
156
164
190
200
233
251
255
240
253
254
241
253
253
239
252
255
230
245
250
162
183
190
133
187
194
149
204
210
155
209
214
174
224
229
184
230
234
190
231
234
188
224
225
197
227
228
220
244
245
226
242
243
208
219
220
243
247
248
246
248
249
249
251
252
247
251
252
247
251
252
248
252
253
248
252
253
249
253
254
249
253
254
249
253
254
249
253
254
249
253
254
249
253
254
249
253
254
249
253
254
249
253
254
250
255
254
250
255
254
250
255
254
250
255
254
250
255
254
250
255
254
250
255
254
250
255
254
250
255
254
250
255
254
250
255
254
250
255
254
250
255
254
250
255
254
251
253
254
250
253
254
249
253
254
249
253
254
249
254
255
249
254
255
247
254
255
242
251
252
233
243
245
146
157
159
224
236
238
241
253
254
238
251
252
246
255
254
250
255
254
250
255
254
250
255
254
250
255
254
250
255
254
250
255
254
250
255
254
250
255
254
250
255
254
250
255
254
250
255
254
250
255
254
250
255
254
250
255
254
250
255
254
250
255
254
250
255
254
250
255
254
250
255
254
250
255
254
249
254
253
249
254
253
249
254
253
249
254
253
249
254
253
249
254
253
249
254
253
250
255
254
250
255
254
250
255
254
250
255
254
250
255
254
250
255
254
250
255
254
250
255
254
250
255
254
250
255
254
250
255
254
250
255
254
250
255
254
249
252
252
242
244
245
246
250
250
246
250
251
202
207
208
155
160
161
163
169
171
164
171
174
159
167
170
157
168
170
156
168
170
155
166
170
154
166
170
154
166
170
148
169
177
145
168
177
145
167
176
145
168
176
145
168
174
145
168
176
147
169
178
146
168
177
143
165
175
141
163
173
142
165
174
144
166
175
142
164
173
139
162
171
139
161
171
134
156
168
139
161
173
145
167
176
140
162
171
145
167
177
145
167
179
140
162
174
140
162
174
140
162
174
237
249
249
237
249
249
237
249
249
237
249
249
237
249
249
237
249
249
237
249
249
237
249
249
237
249
249
237
249
249
237
249
249
237
249
249
237
249
249
237
249
249
238
250
250
238
250
250
238
250
250
238
250
250
238
250
250
238
250
250
239
251
251
239
251
251
239
251
251
239
251
251
239
251
251
239
251
251
239
251
251
242
251
251
243
251
251
243
251
251
243
251
251
243
251
251
243
251
251
243
251
251
243
251
251
243
251
251
243
251
251
243
251
251
243
251
251
243
251
251
243
251
251
243
251
251
242
251
251
241
251
251
240
251
251
238
252
251
236
252
251
236
252
251
237
253
252
238
253
252
240
252
252
242
252
252
242
252
252
244
252
252
244
252
252
244
252
252
244
252
252
244
252
252
244
252
252
244
252
252
244
252
252
245
253
253
245
253
253
245
253
253
245
253
253
245
253
253
245
253
253
245
253
253
244
252
252
245
253
253
245
253
253
246
254
254
246
254
254
245
253
253
244
252
252
245
253
253
245
253
253
245
253
253
245
253
253
245
253
253
245
253
253
245
253
253
245
253
253
245
253
253
246
252
253
247
252
253
247
252
253
247
252
253
247
253
254
243
252
252
240
250
250
243
254
254
233
249
248
231
251
249
233
253
252
203
236
235
170
216
217
168
213
215
178
221
223
164
204
206
161
199
202
159
196
199
159
195
198
166
203
206
168
207
210
188
229
231
185
229
231
189
235
237
186
234
235
187
239
239
179
234
236
178
234
242
158
215
229
163
216
234
128
175
194
103
141
156
159
187
197
234
252
255
240
252
253
240
252
252
241
252
254
233
246
252
175
195
202
133
185
192
153
206
212
157
210
216
168
219
224
188
236
241
194
240
242
197
238
239
191
225
226
211
238
238
233
253
254
219
233
234
222
229
229
246
249
250
244
247
248
247
251
252
247
251
252
248
252
253
248
252
253
249
253
254
249
253
254
249
253
254
249
253
254
249
253
254
249
253
254
249
253
254
249
253
254
249
253
254
250
255
254
250
255
254
250
255
254
250
255
254
250
255
254
250
255
254
250
255
254
250
255
254
250
255
254
250
255
254
250
255
254
250
255
254
250
255
254
250
255
254
251
253
254
251
253
254
250
253
254
249
253
254
249
254
255
249
254
255
246
254
255
241
250
252
235
245
248
144
156
158
220
232
234
239
252
253
234
248
250
245
254
254
250
255
254
250
255
254
250
255
254
250
255
254
250
255
254
250
255
254
250
255
254
250
255
254
250
255
254
250
255
254
250
255
254
250
255
254
250
255
254
250
255
254
250
255
254
250
255
254
250
255
254
250
255
254
250
255
254
250
255
254
249
254
253
249
254
253
249
254
253
249
254
253
249
254
253
249
254
253
249
254
253
250
255
254
250
255
254
250
255
254
250
255
254
250
255
254
250
255
254
250
255
254
250
255
254
250
255
254
250
255
254
250
255
254
250
255
254
250
255
254
250
253
253
247
249
250
250
252
253
247
251
252
219
224
225
190
195
196
190
196
198
191
199
202
189
198
201
187
199
201
186
198
201
185
197
201
184
197
201
183
197
200
178
198
204
177
198
204
178
199
205
181
202
208
182
203
209
180
201
207
175
196
202
179
200
206
176
197
203
174
195
201
175
196
202
175
196
202
175
196
202
174
195
202
175
195
204
176
196
206
181
201
210
180
200
209
172
192
201
177
197
206
179
199
209
172
192
201
171
191
200
171
191
200
238
250
250
238
250
250
238
250
250
238
250
250
238
250
250
238
250
250
238
250
250
238
250
250
238
250
250
238
250
250
238
250
250
238
250
250
238
250
250
238
250
250
238
250
250
238
250
250
238
250
250
238
250
250
238
250
250
238
250
250
239
251
251
239
251
251
239
251
251
239
251
251
239
251
251
239
251
251
239
251
251
242
251
251
244
252
252
243
251
251
243
251
251
243
251
251
243
251
251
242
250
250
243
251
251
243
251
251
243
251
251
243
251
251
243
251
251
243
251
251
243
251
251
243
251
251
242
251
251
241
251
251
240
251
251
238
252
251
236
252
251
236
252
251
237
253
252
238
253
252
240
252
252
242
252
252
242
252
252
244
252
252
244
252
252
244
252
252
244
252
252
244
252
252
244
252
252
244
252
252
244
252
252
245
253
253
245
253
253
245
253
253
245
253
253
245
253
253
245
253
253
245
253
253
244
252
252
245
253
253
245
253
253
246
254
254
246
254
254
245
253
253
244
252
252
245
253
253
245
253
253
245
253
253
245
253
253
245
253
253
245
253
253
245
253
253
245
253
253
245
253
253
246
252
253
247
252
253
247
252
253
247
252
253
246
252
252
242
251
251
243
253
253
238
251
251
230
248
247
234
253
253
217
238
237
177
213
212
165
219
218
175
225
225
182
228
229
164
202
204
169
202
205
165
196
197
164
194
195
172
203
204
180
213
214
193
232
232
191
235
235
191
239
238
188
239
237
176
229
229
177
233
234
175
232
240
149
207
220
158
212
230
132
180
198
101
140
155
156
185
194
235
253
255
239
251
252
240
250
250
242
252
254
238
250
254
193
212
219
135
185
192
154
205
212
157
209
216
162
213
219
185
235
239
191
239
241
203
246
248
197
234
235
206
236
237
220
243
244
233
248
250
220
228
230
226
230
231
247
251
251
247
251
252
247
251
252
248
252
253
248
252
253
249
253
254
249
253
254
249
253
254
249
253
254
249
253
254
249
253
254
249
253
254
249
253
254
249
253
254
250
255
254
250
255
254
250
255
254
250
255
254
250
255
254
250
255
254
250
255
254
250
255
254
250
255
254
250
255
254
250
255
254
250
255
254
250
255
254
250
255
254
251
253
254
251
253
254
250
253
254
249
253
254
248
253
254
248
253
254
246
254
255
238
248
250
234
245
248
137
149
151
225
238
240
238
253
254
237
252
253
244
254
254
250
255
254
250
255
254
250
255
254
250
255
254
250
255
254
250
255
254
250
255
254
250
255
254
250
255
254
250
255
254
250
255
254
250
255
254
250
255
254
250
255
254
250
255
254
250
255
254
250
255
254
250
255
254
250
255
254
250
255
254
249
254
253
249
254
253
249
254
253
249
254
253
249
254
253
249
254
253
249
254
253
249
254
253
249
254
253
249
254
253
249
254
253
249
254
253
249
254
253
250
255
254
250
255
254
250
255
254
250
255
254
250
255
254
250
255
254
250
255
254
249
252
252
249
251
252
247
249
250
239
243
244
242
246
247
242
247
248
236
243
245
239
247
249
240
250
251
239
250
251
237
250
251
236
249
251
234
249
251
234
249
251
233
250
251
231
248
250
231
247
250
231
248
251
234
250
253
234
251
253
230
246
249
234
250
252
233
249
252
232
249
251
232
249
251
233
249
251
232
249
251
233
249
252
232
248
252
229
244
251
229
245
251
230
246
252
227
243
249
216
231
238
206
222
229
195
210
217
194
209
216
193
209
215
238
250
250
238
250
250
238
250
250
238
250
250
238
250
250
238
250
250
238
250
250
238
250
250
238
250
250
238
250
250
238
250
250
238
250
250
238
250
250
238
250
250
238
250
250
238
250
250
238
250
250
238
250
250
238
250
250
238
250
250
239
251
251
239
251
251
239
251
251
239
251
251
239
251
251
239
251
251
239
251
251
242
252
252
244
252
252
244
252
252
243
251
251
243
251
251
242
250
250
242
250
250
243
251
251
243
251
251
243
251
251
243
251
251
243
251
251
243
251
251
243
251
251
243
251
251
242
251
251
241
251
251
240
251
251
238
252
251
236
252
251
236
252
251
237
253
252
238
253
252
240
252
252
242
252
252
242
252
252
244
252
252
244
252
252
244
252
252
244
252
252
244
252
252
244
252
252
244
252
252
244
252
252
245
253
253
245
253
253
245
253
253
245
253
253
245
253
253
245
253
253
245
253
253
244
252
252
245
253
253
245
253
253
246
254
254
246
254
254
245
253
253
244
252
252
245
253
253
245
253
253
245
253
253
245
253
253
245
253
253
245
253
253
245
253
253
245
253
253
245
253
253
246
252
253
247
252
253
247
252
253
247
252
253
246
252
252
243
252
252
244
254
254
236
250
250
235
252
251
226
246
245
198
220
218
170
210
208
163
223
220
177
232
230
172
220
218
177
215
215
174
204
206
175
200
202
173
197
198
182
206
208
191
220
220
193
229
228
192
237
234
189
240
236
189
244
239
179
234
233
184
240
241
178
236
243
155
212
226
159
213
232
135
183
202
105
144
159
153
181
190
234
252
255
238
250
251
240
250
250
242
253
255
241
253
255
209
226
234
136
185
194
151
200
208
155
206
212
163
214
220
179
230
234
186
235
237
197
242
244
201
239
240
196
228
229
209
234
234
234
250
252
233
243
244
218
223
224
247
251
252
247
251
252
247
251
252
248
252
253
248
252
253
249
253
254
249
253
254
249
253
254
249
253
254
249
253
254
249
253
254
249
253
254
249
253
254
249
253
254
250
255
254
250
255
254
250
255
254
250
255
254
250
255
254
250
255
254
250
255
254
250
255
254
250
255
254
250
255
254
250
255
254
250
255
254
250
255
254
250
255
254
251
253
254
251
253
254
250
253
254
249
253
254
248
253
254
248
253
255
246
253
255
240
250
252
223
235
237
139
151
153
224
238
240
239
254
255
239
254
255
245
255
254
250
255
254
250
255
254
250
255
254
250
255
254
250
255
254
250
255
254
250
255
254
250
255
254
250
255
254
250
255
254
250
255
254
250
255
254
250
255
254
250
255
254
250
255
254
250
255
254
250
255
254
250
255
254
250
255
254
250
255
254
249
254
253
249
254
253
249
254
253
249
254
253
249
254
253
249
254
253
249
254
253
249
254
253
249
254
253
249
254
253
249
254
253
249
254
253
249
254
253
249
254
253
250
255
254
250
255
254
250
255
254
250
255
254
250
255
254
250
255
254
250
253
253
251
253
254
250
252
253
247
251
251
248
252
252
246
251
252
243
249
251
243
252
254
242
253
255
241
253
255
239
253
254
238
253
255
237
252
255
237
252
254
225
238
237
230
242
241
232
244
244
214
226
225
201
213
213
216
228
227
232
244
243
238
251
249
240
252
250
241
253
252
242
254
253
241
253
252
241
253
252
239
250
250
232
242
245
238
248
251
231
242
245
218
228
232
221
232
236
218
228
232
224
234
238
226
237
240
225
235
239
223
234
238
238
250
250
238
250
250
238
250
250
238
250
250
238
250
250
238
250
250
238
250
250
238
250
250
238
250
250
238
250
250
238
250
250
238
250
250
238
250
250
238
250
250
238
250
250
238
250
250
238
250
250
238
250
250
238
250
250
238
250
250
239
251
251
239
251
251
239
251
251
239
251
251
239
251
251
239
251
251
239
251
251
242
252
252
244
252
252
244
252
252
243
251
251
243
251
251
242
250
250
242
250
250
243
251
251
243
251
251
243
251
251
243
251
251
243
251
251
243
251
251
243
251
251
243
251
251
242
251
251
241
251
251
240
251
251
238
252
251
236
252
251
236
252
251
237
253
252
238
253
252
240
252
252
242
252
252
242
252
252
244
252
252
244
252
252
244
252
252
244
252
252
244
252
252
244
252
252
244
252
252
244
252
252
245
253
253
245
253
253
245
253
253
245
253
253
245
253
253
245
253
253
245
253
253
244
252
252
245
253
253
245
253
253
246
254
254
246
254
254
245
253
253
244
252
252
245
253
253
245
253
253
245
253
253
245
253
253
245
253
253
245
253
253
245
253
253
245
253
253
245
253
253
246
252
253
247
252
253
247
252
253
247
252
253
247
252
253
244
253
253
240
252
251
238
253
252
237
255
254
199
221
219
190
213
211
190
231
228
166
231
226
161
219
216
171
221
219
176
214
214
185
213
214
176
198
200
182
203
204
190
211
212
199
225
225
189
224
223
190
236
232
186
239
234
190
247
242
188
243
242
184
240
242
168
226
233
157
214
228
161
216
234
131
179
198
97
137
152
148
177
186
233
251
255
237
249
250
240
250
250
243
253
255
242
252
255
219
234
242
142
188
198
151
200
208
157
206
214
174
225
231
182
233
237
190
240
242
194
241
243
201
241
242
197
230
231
203
229
229
233
251
252
230
241
242
225
231
231
224
228
229
247
251
252
247
251
252
248
252
253
248
252
253
249
253
254
249
253
254
249
253
254
249
253
254
249
253
254
249
253
254
249
253
254
249
253
254
249
253
254
250
255
254
250
255
254
250
255
254
250
255
254
250
255
254
250
255
254
250
255
254
250
255
254
250
255
254
250
255
254
250
255
254
250
255
254
250
255
254
250
255
254
251
253
254
251
253
254
250
253
254
249
253
254
248
253
254
246
253
255
242
250
252
238
248
250
202
213
215
147
159
161
210
225
227
235
250
253
231
246
248
244
255
254
250
255
254
250
255
254
250
255
254
250
255
254
250
255
254
250
255
254
250
255
254
250
255
254
250
255
254
250
255
254
250
255
254
250
255
254
250
255
254
250
255
254
250
255
254
250
255
254
250
255
254
250
255
254
250
255
254
250
255
254
249
254
253
249
254
253
249
254
253
249
254
253
249
254
253
249
254
253
249
254
253
249
254
253
249
254
253
249
254
253
249
254
253
249
254
253
249
254
253
249
254
253
250
255
254
250
255
254
250
255
254
250
255
254
250
255
254
250
255
254
251
254
254
250
252
253
247
249
250
249
253
254
249
254
254
246
252
252
246
253
253
245
254
255
243
254
255
242
254
255
240
254
255
238
253
255
238
253
255
236
253
255
230
241
237
212
222
217
221
231
226
230
240
235
232
241
238
230
240
236
209
219
214
238
249
244
241
251
246
244
254
249
245
255
250
245
255
250
244
255
249
243
253
249
239
247
248
238
246
246
221
229
230
210
219
219
232
240
241
234
242
243
242
250
250
245
254
254
243
252
252
242
250
251
237
251
250
237
251
250
237
251
250
237
251
250
237
251
250
237
251
250
237
251
250
237
251
250
236
250
249
236
250
249
236
249
248
236
250
249
237
250
249
237
250
249
236
248
248
236
248
248
237
249
249
237
249
249
238
250
250
238
250
250
239
251
251
239
251
251
239
251
251
239
251
251
239
251
251
239
251
251
239
251
251
240
251
251
240
251
251
240
251
251
240
251
251
240
251
251
240
251
251
240
251
251
240
251
251
240
251
251
240
251
251
240
251
251
240
251
251
240
251
251
240
251
251
244
252
252
244
252
252
243
252
252
243
252
252
243
252
252
242
252
252
242
252
252
243
252
252
243
252
252
243
252
252
244
252
252
244
252
252
244
252
252
245
252
252
246
252
253
246
252
253
246
252
253
246
252
253
246
252
253
246
252
253
247
252
253
247
252
253
247
252
253
247
252
253
247
252
253
247
252
253
247
252
253
246
251
252
246
251
252
246
251
252
246
252
252
246
251
252
246
251
252
246
251
252
246
251
252
246
251
252
246
251
252
246
251
252
246
251
252
246
251
252
245
252
252
232
254
248
233
252
247
238
252
249
245
253
251
250
252
252
253
251
253
253
253
254
246
250
252
237
248
251
233
254
255
208
239
242
161
205
206
165
215
215
175
228
228
172
223
223
170
217
216
174
216
215
180
217
215
187
220
217
184
213
210
184
212
208
191
220
216
199
229
226
194
228
227
192
231
230
193
235
235
196
239
240
187
235
231
178
229
227
184
237
242
164
218
229
145
197
214
128
175
194
109
147
163
133
161
171
235
253
255
237
250
252
243
252
252
245
254
254
236
248
248
221
236
240
136
179
185
150
196
201
166
212
217
173
221
226
181
232
234
193
244
246
194
243
245
205
250
251
205
245
246
192
225
226
207
235
236
225
245
247
230
247
248
216
229
231
234
243
244
246
253
253
238
243
244
249
252
253
246
247
248
251
251
252
252
250
252
254
252
254
254
252
254
253
253
255
253
254
254
252
255
255
252
255
255
250
255
254
250
255
254
250
255
254
250
255
254
250
255
254
250
255
254
250
255
254
250
255
254
248
253
252
247
252
251
248
253
252
250
255
254
251
255
255
251
255
254
250
254
252
253
255
252
250
250
245
252
253
248
250
251
247
247
253
253
238
250
253
215
233
242
149
170
182
99
120
133
152
173
183
230
246
253
233
247
249
240
247
249
253
254
255
252
252
254
252
252
253
253
253
254
253
253
255
253
253
255
252
254
255
252
254
254
252
254
254
252
254
254
252
254
254
252
254
254
252
254
254
250
255
254
250
255
254
250
255
254
250
255
254
250
255
254
250
255
254
250
255
254
250
255
254
250
255
254
250
255
254
250
255
254
250
255
254
250
255
254
250
255
254
250
255
254
250
255
254
250
255
254
250
255
254
250
255
254
250
255
254
250
255
254
249
254
253
249
254
253
249
254
253
249
254
253
249
254
253
249
254
253
251
253
254
252
252
254
252
251
253
250
253
254
250
253
254
248
253
254
248
253
254
246
253
254
246
255
255
239
249
249
243
254
254
234
247
247
236
249
249
217
229
230
205
221
219
217
235
235
228
247
246
221
243
243
223
248
249
222
248
250
217
242
242
189
214
216
225
246
247
235
250
251
240
252
252
246
252
253
243
246
248
249
253
251
227
241
237
214
228
225
222
235
232
234
246
244
233
245
243
237
247
246
243
252
251
244
252
251
248
255
254
246
252
252
237
251
250
237
251
250
237
251
250
237
251
250
237
251
250
237
251
250
237
251
250
237
251
250
236
250
249
235
249
248
235
249
248
236
250
249
236
250
249
237
250
249
236
248
248
237
249
249
237
249
249
237
249
249
238
250
250
238
250
250
239
251
251
239
251
251
239
251
251
239
251
251
239
251
251
239
251
251
239
251
251
239
251
251
239
251
251
239
251
251
239
251
251
239
251
251
239
251
251
239
251
251
240
252
252
240
252
252
240
252
252
240
252
252
240
252
252
240
252
252
240
252
252
244
252
252
244
252
252
244
252
252
244
252
252
244
252
252
244
252
252
244
252
252
244
252
252
244
252
252
244
252
252
244
252
252
244
252
252
244
252
252
245
252
252
247
252
253
247
252
253
247
252
253
247
252
253
247
252
253
247
252
253
247
252
253
247
252
253
247
252
253
247
252
253
247
252
253
247
252
253
247
252
253
246
251
252
246
251
252
246
251
252
246
251
252
246
251
252
246
251
252
246
251
252
246
251
252
246
251
252
246
251
252
246
251
252
246
251
252
246
251
252
245
251
252
233
255
248
235
253
248
240
253
250
246
254
252
250
252
252
251
250
252
249
250
254
245
251
253
234
248
251
214
240
243
176
212
216
173
222
224
168
224
225
171
223
224
176
223
224
175
220
219
173
214
213
177
213
211
181
214
209
179
210
205
177
207
202
186
216
211
200
231
228
205
238
237
205
241
241
204
243
244
201
241
243
185
231
227
181
230
228
192
244
248
174
227
238
145
196
212
122
170
188
99
137
153
120
148
158
231
249
255
237
250
252
243
252
252
244
253
253
237
249
249
227
242
245
139
181
186
149
194
198
166
212
216
170
218
222
179
228
230
192
242
244
192
241
243
200
246
247
205
246
247
203
239
239
197
228
228
224
248
250
224
244
246
222
237
239
222
233
233
232
242
242
243
251
251
236
240
240
247
248
249
247
246
248
255
252
254
255
252
254
255
252
254
254
253
255
254
254
254
253
255
255
253
255
255
251
255
254
250
255
254
250
255
254
250
255
254
250
255
254
250
255
254
250
255
254
249
254
253
250
255
254
250
254
254
250
255
254
249
254
253
248
253
252
246
251
250
243
248
245
246
249
244
249
250
243
247
247
239
252
252
248
220
227
227
215
228
233
221
240
249
179
203
216
127
152
168
170
192
204
230
246
252
231
244
248
247
252
254
254
253
254
253
252
254
253
252
254
253
252
254
254
253
255
253
253
255
252
254
255
252
254
254
252
254
254
252
254
254
252
254
254
252
254
254
252
254
254
250
255
254
250
255
254
250
255
254
250
255
254
250
255
254
250
255
254
250
255
254
250
255
254
250
255
254
250
255
254
250
255
254
250
255
254
250
255
254
250
255
254
250
255
254
250
255
254
250
255
254
250
255
254
250
255
254
250
255
254
250
255
254
249
254
253
249
254
253
249
254
253
249
254
253
249
254
253
249
254
253
251
253
254
253
252
254
253
252
254
251
253
254
250
253
254
249
253
254
248
253
254
245
252
252
245
253
253
242
252
252
244
254
254
235
247
247
216
228
228
210
222
222
224
241
240
228
248
249
222
243
244
223
246
248
221
249
250
216
246
249
219
248
251
175
203
208
213
237
241
228
245
249
236
248
251
245
253
254
249
252
254
245
250
250
223
237
233
225
239
235
233
246
242
242
253
250
242
253
251
243
252
251
243
250
250
247
253
253
248
252
253
245
249
250
237
251
250
237
251
250
237
251
250
237
251
250
237
251
250
237
251
250
237
251
250
237
251
250
236
250
249
235
249
248
235
249
248
236
250
249
236
250
249
237
250
249
236
248
248
237
249
249
237
249
249
238
250
250
238
250
250
238
250
250
239
251
251
239
251
251
239
251
251
239
251
251
239
251
251
239
251
251
239
251
251
239
251
251
239
251
251
239
251
251
239
251
251
239
251
251
239
251
251
239
251
251
240
252
252
240
252
252
240
252
252
240
252
252
240
252
252
240
252
252
240
252
252
244
252
252
244
252
252
244
252
252
244
252
252
244
252
252
244
252
252
244
252
252
244
252
252
244
252
252
244
252
252
244
252
252
244
252
252
244
252
252
245
252
252
247
252
253
247
252
253
247
252
253
247
252
253
247
252
253
247
252
253
247
252
253
247
252
253
247
252
253
247
252
253
247
252
253
247
252
253
247
252
253
246
251
252
246
251
252
246
251
252
246
251
252
246
251
252
246
251
252
246
251
252
246
251
252
246
251
252
246
251
252
246
251
252
246
251
252
246
251
252
245
251
252
238
255
250
241
255
252
244
255
252
247
254
252
247
252
251
247
251
252
244
250
253
236
246
249
226
245
249
192
220
224
177
216
220
179
228
229
181
236
237
166
219
220
177
222
223
178
221
220
177
215
215
181
215
214
188
219
215
190
219
215
182
209
205
185
212
208
199
228
225
207
239
239
211
246
246
209
246
247
202
241
243
184
230
226
184
233
231
187
238
243
183
236
247
155
206
222
132
179
197
102
140
156
111
139
150
228
246
252
237
250
252
243
252
252
242
252
252
238
249
249
232
246
247
145
187
192
146
189
194
161
208
212
169
217
221
175
224
226
189
239
241
193
242
244
196
242
243
208
249
251
208
244
244
205
235
236
211
236
238
224
245
247
234
249
251
214
226
226
230
240
240
234
242
242
245
250
250
241
244
245
252
253
254
254
252
254
255
252
254
255
252
254
254
253
255
254
254
254
253
255
255
253
255
255
251
255
254
250
255
254
250
255
254
250
255
254
250
255
254
250
255
254
250
255
254
249
254
253
251
255
255
251
255
255
249
254
253
247
252
251
247
252
251
248
253
252
244
248
245
241
243
238
254
254
250
244
244
238
222
226
221
214
222
222
232
247
251
203
224
234
184
208
223
104
129
145
140
162
174
177
194
202
232
245
249
248
253
254
252
251
253
252
251
253
253
252
254
254
253
255
253
253
255
251
253
254
252
254
255
252
254
255
252
254
254
252
254
254
252
254
254
252
254
254
252
254
254
250
255
254
250
255
254
250
255
254
250
255
254
250
255
254
250
255
254
250
255
254
250
255
254
250
255
254
250
255
254
250
255
254
250
255
254
250
255
254
250
255
254
250
255
254
250
255
254
250
255
254
250
255
254
250
255
254
250
255
254
250
255
254
249
254
253
249
254
253
249
254
253
249
254
253
249
254
253
249
254
253
251
253
254
253
252
254
253
252
254
251
253
254
250
253
254
249
253
254
248
253
254
247
254
254
245
253
253
245
255
255
243
253
253
229
241
241
205
217
217
220
232
232
228
244
243
230
249
250
199
219
220
179
202
204
171
197
200
196
225
228
217
246
250
167
193
199
194
217
220
236
254
254
236
249
252
242
251
254
217
222
225
216
222
222
228
239
236
241
251
248
244
253
251
244
252
251
248
255
254
248
254
253
246
252
251
251
255
255
250
253
254
247
249
250
237
251
250
237
251
250
237
251
250
237
251
250
237
251
250
237
251
250
237
251
250
237
251
250
236
250
249
235
249
248
235
249
248
236
250
249
236
250
249
237
250
250
237
249
249
237
249
249
238
250
250
238
250
250
238
250
250
239
251
251
239
251
251
239
251
251
239
251
251
239
251
251
239
251
251
239
251
251
239
251
251
239
251
251
239
251
251
239
251
251
239
251
251
239
251
251
239
251
251
239
251
251
241
253
253
241
253
253
241
253
253
241
253
253
241
253
253
241
253
253
241
253
253
244
252
252
244
252
252
244
252
252
244
252
252
244
252
252
244
252
252
244
252
252
244
252
252
244
252
252
244
252
252
244
252
252
244
252
252
244
252
252
245
252
252
247
252
253
247
252
253
247
252
253
247
252
253
247
252
253
247
252
253
247
252
253
247
252
253
247
252
253
247
252
253
247
252
253
247
252
253
247
252
253
247
252
253
247
252
253
247
252
253
247
252
253
247
252
253
247
252
253
247
252
253
247
252
253
247
252
253
247
252
253
247
252
253
247
252
253
247
252
253
246
252
253
242
252
249
245
254
251
244
254
251
243
251
249
243
251
250
243
253
253
240
252
255
227
245
248
196
222
225
189
222
225
169
210
213
185
235
237
177
231
234
182
231
233
183
224
226
180
219
219
177
214
214
188
219
218
200
228
225
203
229
225
197
222
218
198
223
219
202
229
226
202
233
233
207
240
240
207
244
245
202
241
243
195
241
237
193
242
240
174
226
230
184
237
248
164
216
231
147
195
213
114
152
168
114
141
152
229
247
253
237
251
252
243
252
252
242
251
251
235
247
247
230
246
248
147
189
194
140
183
188
158
204
208
170
218
222
174
223
225
187
236
238
196
245
246
200
246
247
210
251
251
206
243
243
210
241
242
203
227
229
225
246
248
235
253
253
230
243
243
210
222
222
239
248
248
241
246
247
245
249
249
250
251
252
251
250
252
255
252
254
253
252
254
254
253
255
254
254
254
253
255
255
253
255
255
251
255
254
250
255
254
250
255
254
250
255
254
250
255
254
250
255
254
250
255
254
251
255
255
250
254
254
248
253
252
248
253
252
249
254
253
250
255
254
251
255
255
249
254
253
246
250
247
223
225
220
227
231
225
236
242
237
239
251
250
230
248
253
178
201
212
164
190
205
92
118
134
188
210
222
211
227
234
236
247
249
238
243
245
249
251
252
250
252
253
251
253
254
251
253
254
251
253
254
251
253
254
252
254
255
252
254
255
252
254
254
252
254
254
252
254
254
252
254
254
252
254
254
250
255
254
250
255
254
250
255
254
250
255
254
250
255
254
250
255
254
250
255
254
250
255
254
250
255
254
250
255
254
250
255
254
250
255
254
250
255
254
250
255
254
250
255
254
250
255
254
250
255
254
250
255
254
250
255
254
250
255
254
250
255
254
250
255
254
250
255
254
250
255
254
250
255
254
250
255
254
250
255
254
252
253
254
253
252
254
253
252
254
251
253
254
250
253
254
249
253
254
248
253
254
246
253
253
247
255
255
241
251
251
236
246
246
211
223
223
216
228
228
237
249
249
239
253
252
229
244
246
179
197
199
168
190
192
178
202
205
211
238
239
206
232
238
165
190
196
185
209
213
229
249
252
235
251
253
229
241
243
235
243
246
227
234
233
243
250
247
246
253
250
249
255
254
246
253
252
242
247
247
247
252
252
251
254
254
252
254
255
251
253
254
251
251
253
237
251
250
237
251
250
237
251
250
237
251
250
237
251
250
237
251
250
237
251
250
237
251
250
236
250
249
235
249
248
235
249
248
236
250
249
236
250
249
237
250
250
237
249
249
238
250
250
238
250
250
238
250
250
239
251
251
239
251
251
239
251
251
239
251
251
239
251
251
239
251
251
239
251
251
239
251
251
239
251
251
239
251
251
239
251
251
239
251
251
239
251
251
239
251
251
239
251
251
239
251
251
241
253
253
241
253
253
241
253
253
241
253
253
241
253
253
241
253
253
241
253
253
244
252
252
244
252
252
244
252
252
244
252
252
244
252
252
244
252
252
244
252
252
244
252
252
244
252
252
244
252
252
244
252
252
244
252
252
244
252
252
245
252
252
247
252
253
247
252
253
247
252
253
247
252
253
247
252
253
247
252
253
247
252
253
247
252
253
247
252
253
247
252
253
247
252
253
247
252
253
247
252
253
247
252
253
247
252
253
247
252
253
247
252
253
247
252
253
247
252
253
247
252
253
247
252
253
247
252
253
247
252
253
247
252
253
247
252
253
247
252
253
247
252
252
246
249
247
248
252
250
245
251
249
241
248
247
241
252
252
240
255
255
233
254
255
210
237
239
183
215
218
171
210
213
180
225
228
164
213
216
188
240
243
193
240
242
191
230
232
179
215
216
173
205
205
183
213
212
195
221
218
195
219
215
202
225
221
209
234
230
209
236
233
207
236
236
209
241
242
210
244
246
205
242
244
207
251
249
201
250
248
163
214
219
181
234
245
166
217
233
149
196
214
106
144
161
117
144
155
230
248
254
237
250
252
244
253
253
244
254
254
236
248
248
229
244
246
148
189
194
136
179
183
155
199
203
172
218
222
175
224
226
185
234
236
194
243
245
202
249
250
205
246
247
216
251
252
206
237
238
212
237
239
211
233
235
229
247
248
241
254
254
214
226
226
223
233
233
241
248
248
249
253
254
246
249
250
250
250
251
253
252
254
253
252
254
254
253
255
252
254
254
253
255
255
252
255
255
250
255
254
250
255
254
250
255
254
250
255
254
250
255
254
250
255
254
250
255
254
251
255
255
248
253
252
247
252
251
250
254
254
251
255
255
248
253
252
242
247
246
233
240
238
219
226
222
228
233
227
248
254
248
238
247
241
236
251
251
186
207
214
128
155
166
177
205
220
118
144
160
198
220
232
204
220
228
201
212
216
246
251
254
249
250
254
250
252
253
251
253
254
251
253
254
251
253
254
251
253
254
252
254
255
252
254
255
252
254
254
252
254
254
252
254
254
252
254
254
252
254
254
250
255
254
250
255
254
250
255
254
250
255
254
250
255
254
250
255
254
250
255
254
250
255
254
250
255
254
250
255
254
250
255
254
250
255
254
250
255
254
250
255
254
250
255
254
250
255
254
250
255
254
250
255
254
250
255
254
250
255
254
250
255
254
250
255
254
250
255
254
250
255
254
250
255
254
250
255
254
250
255
254
252
253
254
253
252
254
253
252
254
251
253
254
250
253
254
249
253
254
248
253
254
241
248
248
246
254
254
237
247
247
223
233
233
196
208
208
227
238
238
242
254
254
240
252
252
236
249
250
207
223
225
215
234
236
206
228
231
219
244
247
207
233
239
152
178
183
196
220
224
222
243
246
229
247
249
202
217
220
227
240
242
205
216
216
246
252
251
244
250
249
245
251
250
245
251
250
241
246
246
245
249
250
247
250
251
249
250
253
252
253
255
253
254
255
237
251
250
237
251
250
237
251
250
237
251
250
237
251
250
237
251
250
237
251
250
237
251
250
236
250
249
235
249
248
235
249
248
236
250
249
236
250
249
237
251
250
238
250
250
238
250
250
238
250
250
239
251
251
239
251
251
239
251
251
239
251
251
239
251
251
239
251
251
239
251
251
239
251
251
239
251
251
239
251
251
239
251
251
239
251
251
239
251
251
239
251
251
239
251
251
239
251
251
239
251
251
240
252
252
240
252
252
240
252
252
240
252
252
240
252
252
240
252
252
240
252
252
244
252
252
244
252
252
244
252
252
244
252
252
244
252
252
244
252
252
244
252
252
244
252
252
244
252
252
244
252
252
244
252
252
244
252
252
244
252
252
245
252
252
247
252
253
247
252
253
247
252
253
247
252
253
247
252
253
247
252
253
247
252
253
247
252
253
247
252
253
247
252
253
247
252
253
247
252
253
247
252
253
248
253
254
248
253
254
248
253
254
248
253
254
248
253
254
248
253
254
248
253
254
248
253
254
248
253
254
248
253
254
248
253
254
248
253
254
248
253
254
248
253
253
253
249
248
254
253
252
249
252
251
242
252
250
239
254
254
230
254
254
209
241
240
182
218
219
176
216
218
185
229
231
171
218
220
185
233
237
175
223
227
183
225
229
188
223
226
176
210
211
171
201
202
183
209
209
195
218
216
194
216
212
196
217
214
205
227
224
213
237
235
216
243
243
214
246
246
210
245
246
203
238
241
197
242
238
191
240
238
155
206
211
182
235
246
169
221
236
151
199
217
101
139
156
114
141
152
228
246
252
236
249
251
244
253
253
246
255
255
238
250
250
231
246
249
152
192
197
137
177
182
149
193
197
167
213
217
174
223
225
185
234
236
190
239
240
195
241
242
203
244
245
215
252
253
217
249
250
214
241
242
205
228
230
217
237
237
231
248
247
239
252
252
201
213
213
244
253
254
246
251
252
248
251
252
251
253
254
253
252
254
253
252
254
254
253
255
252
254
254
252
255
255
251
255
255
250
255
254
250
255
254
250
255
254
250
255
254
250
255
254
250
255
254
250
255
254
249
254
253
250
254
254
251
255
255
251
255
255
246
251
250
237
242
241
223
228
227
207
215
214
242
250
248
242
249
245
241
250
244
240
254
250
226
244
245
167
194
199
148
179
189
174
207
221
105
135
150
198
220
231
228
242
245
203
212
217
233
238
241
246
249
253
248
251
255
249
253
254
249
253
254
249
253
254
250
253
254
252
254
255
252
254
255
252
254
254
252
254
254
252
254
254
252
254
254
252
254
254
250
255
254
250
255
254
250
255
254
250
255
254
250
255
254
250
255
254
250
255
254
250
255
254
250
255
254
250
255
254
250
255
254
250
255
254
250
255
254
250
255
254
250
255
254
250
255
254
250
255
254
250
255
254
250
255
254
250
255
254
250
255
254
251
255
255
251
255
255
251
255
255
251
255
255
251
255
255
251
255
255
252
253
254
253
252
254
253
252
254
251
253
254
250
253
254
249
253
254
248
253
254
242
250
250
239
247
247
243
253
253
215
225
225
200
212
212
233
245
245
236
248
248
232
242
242
240
250
252
242
255
255
234
250
251
192
212
216
205
226
231
221
245
247
146
171
177
199
224
228
227
251
253
207
228
229
207
227
229
155
173
174
181
196
195
242
250
249
246
254
253
244
252
252
245
253
253
248
255
255
246
251
253
242
247
250
246
251
254
248
253
254
250
254
255
237
251
250
237
251
250
237
251
250
237
251
250
237
251
250
237
251
250
237
251
250
237
251
250
236
250
249
235
249
248
235
249
248
236
250
249
236
250
249
237
251
250
238
250
250
238
250
250
239
251
251
239
251
251
239
251
251
240
252
252
239
251
251
239
251
251
239
251
251
239
251
251
239
251
251
239
251
251
239
251
251
239
251
251
239
251
251
239
251
251
239
251
251
239
251
251
239
251
251
239
251
251
240
252
252
240
252
252
240
252
252
240
252
252
240
252
252
240
252
252
240
252
252
244
252
252
244
252
252
244
252
252
244
252
252
244
252
252
244
252
252
244
252
252
244
252
252
244
252
252
244
252
252
244
252
252
244
252
252
244
252
252
245
252
252
247
252
253
247
252
253
247
252
253
247
252
253
247
252
253
247
252
253
247
252
253
247
252
253
247
252
253
247
252
253
247
252
253
247
252
253
247
252
253
248
253
254
248
253
254
248
253
254
248
253
254
248
253
254
248
253
254
248
253
254
248
253
254
248
253
254
248
253
254
248
253
254
248
253
254
248
253
254
249
253
254
255
250
251
255
253
254
250
253
252
242
254
253
235
255
254
211
243
242
183
222
222
166
211
210
177
225
225
181
230
232
187
236
238
183
230
234
179
225
229
172
212
216
185
217
220
183
213
215
180
208
209
188
212
212
196
218
216
198
218
215
193
212
209
198
219
216
214
236
234
218
244
245
215
246
247
211
243
245
204
238
241
190
235
231
188
237
235
158
210
214
185
238
249
172
224
238
159
206
224
114
152
168
109
137
147
227
245
251
237
251
252
244
253
253
243
253
253
237
248
248
234
249
250
162
200
205
141
181
186
145
187
192
157
204
208
171
220
222
184
233
235
187
236
238
192
239
240
203
246
248
208
245
246
223
252
252
215
242
243
214
239
241
206
229
229
221
240
239
232
248
248
228
242
241
215
226
226
239
246
246
240
245
246
250
253
254
251
253
254
251
253
254
252
254
255
252
254
254
252
255
255
251
255
255
250
255
254
250
255
254
250
255
254
250
255
254
250
255
254
250
255
254
250
255
254
245
250
249
249
254
253
249
253
253
241
246
245
231
236
235
228
233
232
232
238
237
239
249
249
231
242
239
233
244
239
238
251
246
233
250
246
195
217
219
158
188
194
138
172
183
181
216
223
119
151
163
180
204
216
222
237
243
219
226
230
218
223
226
243
249
252
246
251
254
248
253
255
250
254
255
249
253
254
248
252
253
249
253
254
252
254
255
252
254
254
252
254
254
252
254
254
252
254
254
252
254
254
250
255
254
250
255
254
250
255
254
250
255
254
250
255
254
250
255
254
250
255
254
250
255
254
250
255
254
250
255
254
250
255
254
250
255
254
250
255
254
250
255
254
250
255
254
250
255
254
250
255
254
250
255
254
250
255
254
250
255
254
250
255
254
251
255
255
251
255
255
251
255
255
251
255
255
251
255
255
251
255
255
252
253
254
253
252
254
253
252
254
251
253
254
250
253
254
249
253
254
248
253
254
246
254
254
241
248
248
239
248
248
204
214
214
218
230
230
236
248
248
238
250
250
244
253
253
236
245
248
238
249
251
227
242
245
214
232
236
220
241
246
199
223
229
164
188
194
204
229
231
208
233
234
191
215
217
225
245
246
178
198
198
229
248
246
235
249
248
234
249
248
235
249
249
238
253
252
239
251
253
238
251
253
238
250
252
235
246
249
226
238
242
227
238
242
237
251
250
237
251
250
237
251
250
237
251
250
237
251
250
237
251
250
237
251
250
237
251
250
236
250
249
236
250
249
235
249
248
236
250
249
236
250
249
237
251
250
238
250
250
238
250
250
239
251
251
239
251
251
240
252
252
240
252
252
239
251
251
239
251
251
239
251
251
239
251
251
239
251
251
239
251
251
239
251
251
239
251
251
239
251
251
239
251
251
239
251
251
239
251
251
239
251
251
239
251
251
239
251
251
239
251
251
239
251
251
239
251
251
239
251
251
239
251
251
239
251
251
244
252
252
244
252
252
244
252
252
244
252
252
244
252
252
244
252
252
244
252
252
244
252
252
244
252
252
244
252
252
244
252
252
244
252
252
244
252
252
245
252
252
247
252
253
247
252
253
247
252
253
247
252
253
247
252
253
247
252
253
247
252
253
247
252
253
247
252
253
247
252
253
247
252
253
247
252
253
247
252
253
248
253
254
248
253
254
248
253
254
248
253
254
248
253
254
248
253
254
248
253
254
248
253
254
248
253
254
248
253
254
248
253
254
248
253
254
248
253
254
249
253
254
255
250
251
253
252
254
246
253
253
238
253
253
224
250
250
190
228
226
170
216
215
178
229
228
171
223
223
176
227
229
175
225
227
185
231
235
187
231
235
186
223
227
189
219
223
193
221
223
190
216
217
189
210
210
189
209
207
189
208
205
191
210
207
202
223
220
217
239
237
219
245
245
217
246
247
215
247
249
211
246
249
201
246
242
201
250
248
172
223
228
189
242
251
169
221
234
159
207
225
123
161
177
108
136
146
228
246
252
240
253
254
243
252
252
240
249
249
235
246
246
234
249
250
171
209
214
145
184
189
142
183
188
153
197
202
170
218
220
184
233
235
187
236
238
200
247
248
203
246
247
208
247
248
208
242
242
225
254
254
222
248
249
210
233
233
210
232
230
232
250
249
237
253
252
216
230
229
218
227
227
241
248
248
245
250
251
250
252
253
251
253
254
252
254
255
251
254
254
250
254
254
251
255
255
250
255
254
250
255
254
250
255
254
250
255
254
250
255
254
250
255
254
250
255
254
244
249
248
247
252
251
240
245
244
226
231
230
220
225
224
229
234
233
240
247
246
240
252
252
238
250
250
242
254
253
227
243
239
226
248
245
168
198
198
165
202
208
151
190
201
180
218
232
115
148
163
169
193
205
238
252
255
230
235
240
222
227
230
239
246
249
245
251
254
248
254
255
248
254
255
249
253
254
248
252
253
249
253
254
250
254
255
252
254
254
252
254
254
252
254
254
252
254
254
252
254
254
250
255
254
250
255
254
250
255
254
250
255
254
250
255
254
250
255
254
250
255
254
250
255
254
250
255
254
250
255
254
250
255
254
250
255
254
250
255
254
250
255
254
250
255
254
250
255
254
250
255
254
250
255
254
250
255
254
250
255
254
250
255
254
251
255
255
251
255
255
251
255
255
251
255
255
251
255
255
251
255
255
252
253
254
253
252
254
253
252
254
251
253
254
250
253
254
249
253
254
248
253
254
245
252
252
247
254
254
226
236
236
191
201
201
233
245
245
236
248
248
243
254
254
238
246
246
241
248
251
235
245
248
217
229
233
220
236
238
219
238
243
170
192
198
171
195
201
216
241
245
188
213
216
206
231
233
198
223
223
216
240
240
223
246
244
220
241
240
205
226
226
214
235
236
217
238
239
206
227
228
220
240
242
228
247
250
212
231
235
201
221
224
192
211
214
236
250
249
236
250
249
236
250
249
236
250
249
236
250
249
236
250
249
236
250
249
237
251
250
237
251
250
237
251
250
237
251
250
237
251
250
237
251
250
237
251
250
238
250
250
238
250
250
239
251
251
239
251
251
240
252
252
240
252
252
239
251
251
239
251
251
239
251
251
239
251
251
239
251
251
239
251
251
239
251
251
240
252
252
240
252
252
240
252
252
240
252
252
240
252
252
240
252
252
240
252
252
240
252
252
240
252
252
240
252
252
240
252
252
240
252
252
240
252
252
240
252
252
243
251
251
243
251
251
243
251
251
243
251
251
243
251
251
243
251
251
243
251
251
245
253
253
245
253
253
245
253
253
245
253
253
245
253
253
245
253
253
246
253
253
247
252
253
247
252
253
247
252
253
247
252
253
247
252
253
247
252
253
246
251
252
246
251
252
246
251
252
246
251
252
246
251
252
246
251
252
246
251
252
247
252
253
248
253
254
248
253
254
248
253
254
248
253
254
248
253
254
248
253
254
247
252
253
249
254
255
249
254
255
247
252
253
246
251
252
247
252
253
249
254
255
253
249
251
248
249
250
242
252
254
232
251
252
202
234
234
165
208
207
178
230
228
172
227
227
169
226
225
173
226
227
181
229
231
184
227
231
181
220
225
186
220
224
196
224
228
195
221
223
197
221
223
201
222
222
196
214
212
184
202
199
190
208
205
205
225
222
216
238
236
218
244
245
217
247
248
215
248
250
210
245
248
198
243
239
197
246
244
186
237
242
189
242
251
164
215
228
151
199
217
121
159
176
114
142
153
230
248
254
239
252
253
239
248
248
243
252
252
243
255
255
233
248
251
187
223
229
140
177
183
146
186
191
155
199
203
172
220
222
185
234
236
187
236
238
194
241
242
197
241
242
205
244
245
215
249
249
222
252
253
221
249
250
217
242
242
211
234
232
216
237
235
233
251
250
232
246
245
213
224
224
237
244
244
249
253
254
243
247
248
251
253
253
251
253
254
249
253
252
245
250
249
247
252
251
251
255
255
248
253
252
250
254
254
249
254
253
249
254
253
249
254
253
248
253
252
247
251
251
235
240
239
219
224
223
220
225
224
239
244
243
249
253
253
240
247
246
240
253
254
236
249
249
235
249
248
235
254
253
191
218
215
160
195
196
156
196
202
149
193
204
172
215
228
112
148
162
178
202
213
238
250
253
237
242
245
213
217
219
217
225
228
238
245
248
245
252
255
244
250
253
245
250
252
245
250
251
248
252
253
250
254
255
252
254
255
252
254
254
252
254
254
253
254
254
254
254
254
251
255
254
250
255
254
250
255
254
250
255
254
250
255
254
250
255
254
250
255
254
250
255
254
250
255
254
250
255
254
250
255
254
250
255
254
250
255
254
250
255
254
250
255
254
250
255
254
250
255
254
250
255
254
250
255
254
250
255
254
250
255
254
250
255
254
250
255
254
250
255
254
250
255
254
250
255
254
250
255
254
252
254
255
254
253
255
253
252
254
250
252
253
250
252
253
248
252
253
246
251
252
243
251
251
246
254
254
232
242
242
205
216
216
222
234
234
243
254
254
237
248
248
243
251
251
242
250
251
224
234
237
227
239
241
233
247
251
214
232
237
159
178
185
218
241
247
198
222
226
205
230
233
203
228
230
173
199
200
201
228
227
203
231
229
198
226
226
175
202
202
185
214
214
167
196
197
176
205
206
213
241
243
188
216
220
170
198
202
214
241
243
146
174
178
236
250
249
236
250
249
236
250
249
236
250
249
236
250
249
236
250
249
236
250
249
237
251
250
237
251
250
237
251
250
237
251
250
237
251
250
237
251
250
237
251
250
238
250
250
238
250
250
239
251
251
239
251
251
240
252
252
240
252
252
239
251
251
239
251
251
239
251
251
239
251
251
239
251
251
239
251
251
239
251
251
240
252
252
240
252
252
240
252
252
240
252
252
240
252
252
240
252
252
240
252
252
240
252
252
240
252
252
240
252
252
240
252
252
240
252
252
240
252
252
240
252
252
243
251
251
243
251
251
243
251
251
243
251
251
243
251
251
243
251
251
243
251
251
245
253
253
245
253
253
245
253
253
245
253
253
245
253
253
245
253
253
246
253
253
247
252
253
247
252
253
247
252
253
247
252
253
247
252
253
247
252
253
246
251
252
246
251
252
246
251
252
246
251
252
246
251
252
246
251
252
246
251
252
247
252
253
248
253
254
248
253
254
248
253
254
248
253
254
248
253
254
248
253
254
244
249
250
246
251
252
248
253
254
248
253
254
247
252
253
248
253
254
249
253
255
249
253
255
241
250
251
231
248
249
204
231
232
167
205
205
178
228
226
156
212
209
168
226
225
168
225
224
173
226
227
181
229
231
189
229
233
189
226
230
191
224
228
194
221
225
194
219
222
195
218
220
199
218
219
199
217
215
197
214
211
197
215
212
205
226
223
217
239
237
218
245
245
216
248
248
214
248
250
209
246
248
203
249
244
190
239
237
188
240
244
183
236
247
156
208
223
143
190
208
102
140
156
106
134
144
227
245
251
241
254
254
240
249
249
242
251
251
243
255
255
236
251
253
192
227
233
139
175
181
140
179
184
148
191
196
167
214
217
185
233
235
188
237
239
194
241
242
198
242
243
205
246
246
214
250
250
221
252
253
220
250
251
220
248
247
211
236
234
212
235
233
226
247
245
227
243
242
227
240
239
219
228
228
239
245
245
247
251
252
243
248
248
249
254
254
248
253
252
247
252
251
247
252
251
248
253
252
248
252
252
246
251
250
246
250
250
249
253
253
246
251
250
245
249
249
227
232
231
233
238
237
235
240
239
237
242
241
248
252
252
251
255
255
244
250
250
235
251
253
235
250
251
228
247
245
223
247
244
161
193
190
155
195
196
162
209
214
151
200
210
176
221
233
118
155
168
172
197
207
237
248
254
246
249
251
214
219
221
200
210
212
232
242
245
243
252
253
241
248
251
245
252
254
247
252
253
248
253
254
250
254
255
250
254
255
252
254
254
252
254
254
253
254
254
254
254
254
251
255
254
250
255
254
250
255
254
250
255
254
250
255
254
250
255
254
250
255
254
250
255
254
250
255
254
250
255
254
250
255
254
250
255
254
250
255
254
250
255
254
250
255
254
250
255
254
250
255
254
250
255
254
250
255
254
250
255
254
250
255
254
250
255
254
250
255
254
250
255
254
250
255
254
250
255
254
250
255
254
252
254
255
254
253
255
254
253
255
252
254
255
252
255
255
251
255
255
250
254
255
246
253
254
244
252
252
235
245
245
218
229
229
223
235
235
236
248
248
242
254
254
233
242
242
228
236
239
223
233
236
212
224
227
230
243
246
214
232
236
170
189
196
200
222
228
201
224
228
223
247
248
162
187
189
162
190
190
216
244
244
210
237
237
183
217
217
149
183
183
154
188
188
178
212
213
212
246
247
179
213
216
175
209
212
208
243
244
202
238
240
138
173
177
236
250
249
236
250
249
236
250
249
236
250
249
236
250
249
236
250
249
236
250
249
237
251
250
237
251
250
237
251
250
237
251
250
237
251
250
237
251
250
237
251
250
238
250
250
238
250
250
239
251
251
239
251
251
240
252
252
240
252
252
240
252
252
239
251
251
239
251
251
239
251
251
239
251
251
239
251
251
239
251
251
240
252
252
240
252
252
240
252
252
240
252
252
240
252
252
240
252
252
240
252
252
240
252
252
240
252
252
240
252
252
240
252
252
240
252
252
240
252
252
240
252
252
243
251
251
243
251
251
243
251
251
243
251
251
243
251
251
243
251
251
244
252
252
245
253
253
245
253
253
245
253
253
245
253
253
245
253
253
245
253
253
246
253
253
247
252
253
247
252
253
247
252
253
247
252
253
247
252
253
247
252
253
247
252
253
246
251
252
246
251
252
246
251
252
246
251
252
246
251
252
246
251
252
248
253
254
248
253
254
248
253
254
248
253
254
248
253
254
248
253
254
248
253
254
245
250
251
247
252
253
248
253
254
248
253
254
247
252
253
247
252
253
246
252
253
238
251
254
231
247
251
213
239
240
178
213
214
176
219
219
175
226
226
166
223
222
166
224
223
169
224
224
174
225
226
183
226
229
192
229
233
199
232
236
199
229
233
195
222
226
193
219
221
191
215
217
192
212
213
194
213
211
198
216
213
198
217
214
205
226
223
215
239
237
216
245
245
213
246
247
210
248
249
207
246
248
198
244
240
169
218
216
191
243
247
190
243
254
176
227
243
172
220
238
124
162
178
104
132
143
226
244
249
241
254
254
242
251
251
243
252
252
244
255
255
239
254
255
198
232
236
139
173
179
135
173
178
142
183
188
164
208
211
183
231
233
189
237
239
194
241
242
198
243
244
206
247
247
214
250
250
220
252
253
221
251
252
220
249
248
217
245
242
204
229
227
216
238
236
229
247
246
232
247
246
218
228
228
229
235
236
247
253
253
244
248
249
250
254
255
248
253
252
248
252
252
246
251
250
246
251
250
239
244
243
247
251
251
247
251
251
244
249
248
241
246
245
222
227
226
218
223
222
237
241
241
247
252
251
248
253
252
249
254
253
251
255
255
246
253
253
234
251
254
232
251
253
222
244
243
190
219
216
160
197
195
149
194
196
168
219
225
138
191
202
149
198
212
101
140
154
162
189
199
238
250
254
250
252
253
213
218
220
176
188
191
216
228
230
235
245
247
236
245
248
244
252
254
247
253
254
249
254
255
250
254
255
250
254
255
252
254
254
253
254
254
254
254
254
254
254
254
251
255
254
250
255
254
250
255
254
250
255
254
250
255
254
250
255
254
250
255
254
250
255
254
250
255
254
250
255
254
250
255
254
250
255
254
250
255
254
250
255
254
250
255
254
250
255
254
250
255
254
250
255
254
250
255
254
250
255
254
250
255
254
250
255
254
250
255
254
250
255
254
250
255
254
250
255
254
250
255
254
252
254
255
254
253
255
255
254
255
253
255
255
252
255
255
250
254
255
249
254
254
244
251
251
240
248
248
240
250
250
234
245
245
222
234
234
219
231
231
228
240
240
232
242
242
207
217
220
216
228
230
238
250
253
226
240
245
173
189
194
202
220
227
195
215
221
221
243
247
187
211
213
151
176
178
212
239
239
201
229
229
186
217
215
189
225
225
157
193
194
147
182
184
187
222
225
180
217
220
154
192
194
193
230
233
209
246
248
164
202
205
127
165
169
237
251
250
237
251
250
237
251
250
237
251
250
237
251
250
237
251
250
237
251
250
237
251
250
237
251
250
237
251
250
237
251
250
237
251
250
237
251
250
237
251
250
238
250
250
238
250
250
239
251
251
239
251
251
240
252
252
240
252
252
240
252
252
240
252
252
240
252
252
240
252
252
240
252
252
240
252
252
240
252
252
240
252
252
240
252
252
240
252
252
240
252
252
240
252
252
240
252
252
240
252
252
240
252
252
240
252
252
240
252
252
240
252
252
240
252
252
240
252
252
240
252
252
244
252
252
244
252
252
244
252
252
244
252
252
244
252
252
244
252
252
244
252
252
245
253
253
245
253
253
245
253
253
245
253
253
245
253
253
245
253
253
246
253
253
247
252
253
247
252
253
247
252
253
247
252
253
247
252
253
247
252
253
247
252
253
247
252
253
247
252
253
247
252
253
247
252
253
247
252
253
247
252
253
248
253
254
248
253
254
248
253
254
248
253
254
248
253
254
248
253
254
248
253
254
249
254
254
249
254
255
248
253
254
247
252
253
247
252
253
247
252
253
245
252
253
226
249
254
217
244
248
183
218
221
173
214
216
183
231
232
167
220
220
175
232
231
167
224
223
171
224
224
176
224
225
183
225
227
194
228
231
202
233
236
203
231
235
197
224
228
191
217
219
188
211
213
188
209
210
189
210
208
189
208
205
191
212
209
202
225
221
213
240
237
213
244
244
209
245
245
206
245
246
203
244
246
199
246
241
159
208
206
191
243
247
187
240
251
177
228
244
177
225
243
117
155
171
111
138
149
226
244
250
238
251
253
241
250
250
243
253
253
244
255
255
239
253
255
202
234
236
138
173
179
134
171
176
141
181
186
160
204
208
180
228
230
187
236
238
194
241
242
199
244
245
206
247
247
213
250
250
218
252
252
221
251
252
219
250
249
218
248
245
211
239
236
203
228
225
228
248
247
234
250
249
230
241
241
226
235
235
241
246
247
250
254
255
249
253
253
248
252
252
248
253
252
247
252
251
244
249
248
247
252
251
242
246
246
239
243
243
234
239
238
224
229
228
227
232
231
230
235
234
244
249
248
250
255
254
248
253
252
247
252
251
250
255
254
248
254
255
235
252
255
230
250
251
204
229
228
164
196
193
165
205
204
158
208
210
164
221
227
126
183
194
124
176
190
84
125
139
155
182
192
236
247
251
246
246
248
237
240
243
198
210
214
221
233
236
238
249
250
242
253
255
242
250
253
242
250
251
248
254
254
250
254
255
250
254
255
252
254
254
253
254
254
254
254
254
254
254
254
251
255
254
250
255
254
250
255
254
250
255
254
250
255
254
250
255
254
250
255
254
250
255
254
250
255
254
250
255
254
250
255
254
250
255
254
250
255
254
250
255
254
250
255
254
250
255
254
250
255
254
250
255
254
250
255
254
250
255
254
250
255
254
250
255
254
250
255
254
250
255
254
250
255
254
250
255
254
250
255
254
252
254
254
254
253
255
254
253
255
252
254
255
251
254
255
249
253
254
247
252
253
244
251
252
244
252
252
242
252
252
235
245
245
215
227
227
201
213
213
199
211
211
213
225
225
232
244
246
235
247
249
232
246
249
202
216
221
214
230
234
185
203
210
226
245
251
225
246
249
171
194
198
174
198
200
219
245
245
197
225
224
210
240
239
162
196
199
178
212
214
177
211
214
193
227
230
158
194
198
157
193
197
207
242
246
171
208
213
147
184
189
168
205
210
237
251
250
237
251
250
237
251
250
237
251
250
237
251
250
237
251
250
237
251
250
237
251
250
237
251
250
237
251
250
237
251
250
237
251
250
237
251
250
237
251
250
238
250
250
238
250
250
239
251
251
239
251
251
240
252
252
240
252
252
240
252
252
240
252
252
240
252
252
240
252
252
240
252
252
240
252
252
240
252
252
240
252
252
240
252
252
240
252
252
240
252
252
240
252
252
240
252
252
240
252
252
240
252
252
240
252
252
240
252
252
240
252
252
240
252
252
240
252
252
240
252
252
244
252
252
244
252
252
244
252
252
244
252
252
244
252
252
244
252
252
244
252
252
245
253
253
245
253
253
245
253
253
245
253
253
245
253
253
245
253
253
246
253
253
247
252
253
247
252
253
247
252
253
247
252
253
247
252
253
247
252
253
247
252
253
247
252
253
247
252
253
247
252
253
247
252
253
247
252
253
247
252
253
248
253
254
248
253
254
248
253
254
248
253
254
248
253
254
248
253
254
248
253
254
249
254
255
249
254
254
247
252
253
246
251
252
248
253
254
249
254
255
246
253
255
211
246
250
192
230
232
166
208
211
173
220
223
168
220
220
171
225
226
162
218
217
170
224
224
175
224
225
181
225
226
187
225
227
194
226
229
200
228
232
198
226
230
191
218
222
186
211
214
187
210
212
193
214
215
194
215
213
188
208
205
189
210
207
200
224
220
212
239
236
210
243
242
204
242
242
202
243
244
199
243
244
201
248
244
163
212
210
193
244
249
188
241
252
179
231
246
183
230
247
114
152
168
121
148
159
228
246
252
235
248
250
240
249
249
243
253
253
242
254
254
237
251
253
201
234
237
140
174
180
137
174
179
142
183
188
156
201
204
175
223
225
185
233
235
192
240
241
198
244
245
205
248
247
211
249
249
217
250
250
219
250
251
221
252
251
216
248
244
221
250
248
204
229
227
214
236
234
233
249
248
236
249
249
228
238
238
226
232
233
247
252
252
243
248
248
246
250
250
245
250
249
246
251
250
248
253
252
243
248
247
242
246
246
228
233
232
220
225
224
238
243
242
247
252
251
244
249
248
250
254
254
250
255
254
248
253
252
248
253
252
249
254
253
246
254
253
233
252
255
227
249
251
188
215
215
154
188
187
156
199
198
173
226
228
168
228
234
150
210
220
153
208
221
107
149
163
168
195
205
243
253
255
253
252
252
241
245
247
184
197
200
195
207
211
220
233
235
242
254
255
239
249
251
241
250
251
248
254
255
249
254
255
250
254
255
252
254
254
253
254
254
254
254
254
254
254
254
251
255
254
250
255
254
250
255
254
250
255
254
250
255
254
250
255
254
250
255
254
250
255
254
250
255
254
250
255
254
250
255
254
250
255
254
250
255
254
250
255
254
250
255
254
250
255
254
250
255
254
250
255
254
250
255
254
250
255
254
250
255
254
250
255
254
250
255
254
250
255
254
250
255
254
250
255
254
250
255
254
252
253
254
254
253
255
254
253
255
252
254
255
252
254
255
250
254
255
249
254
255
243
250
250
245
252
252
244
254
254
243
253
253
242
253
253
241
253
253
237
249
249
235
249
249
233
246
248
231
245
246
219
234
237
199
214
219
194
210
216
224
241
248
223
241
247
222
241
246
189
211
214
197
220
222
214
239
239
216
242
242
200
228
226
168
197
201
209
238
241
222
251
254
217
246
251
193
223
229
171
202
208
197
228
234
144
176
183
141
174
181
187
221
228
238
252
251
238
252
251
238
252
251
238
252
251
238
252
251
238
252
251
238
252
251
237
251
250
237
251
250
237
251
250
237
251
250
237
251
250
237
251
250
237
251
250
238
250
250
238
250
250
239
251
251
239
251
251
240
252
252
240
252
252
241
253
253
241
253
253
241
253
253
241
253
253
241
253
253
241
253
253
241
253
253
240
252
252
240
252
252
240
252
252
240
252
252
240
252
252
240
252
252
240
252
252
240
252
252
240
252
252
240
252
252
240
252
252
240
252
252
240
252
252
240
252
252
245
253
253
245
253
253
245
253
253
245
253
253
245
253
253
245
253
253
245
253
253
245
253
253
245
253
253
245
253
253
245
253
253
245
253
253
245
253
253
246
253
253
247
252
253
247
252
253
247
252
253
247
252
253
247
252
253
247
252
253
248
253
254
248
253
254
248
253
254
248
253
254
248
253
254
248
253
254
248
253
254
248
253
254
248
253
254
248
253
254
248
253
254
248
253
254
248
253
254
248
253
254
248
253
254
246
251
252
245
250
251
247
252
253
249
254
254
248
253
253
242
250
251
190
236
239
165
213
216
171
221
223
166
218
220
171
225
226
172
228
229
163
217
218
173
225
225
178
225
226
186
226
228
193
228
231
197
227
230
198
224
228
192
219
222
183
211
215
182
208
210
187
211
213
198
219
220
199
220
218
193
214
211
190
213
209
200
225
221
211
241
238
210
244
243
203
242
242
200
243
243
198
244
245
201
249
244
175
224
222
193
244
248
192
245
254
183
235
250
190
237
251
118
156
171
127
155
165
230
248
254
236
249
251
242
251
251
245
254
254
243
254
254
237
251
253
201
232
237
142
175
181
140
177
182
143
183
188
151
196
199
169
217
219
182
230
232
191
239
240
198
243
244
204
247
246
209
247
247
214
248
249
218
249
250
217
250
248
220
253
249
215
245
242
217
244
242
206
228
226
220
238
236
234
248
247
231
241
241
222
231
231
239
244
245
242
247
248
247
252
252
244
249
249
244
250
249
241
246
245
234
239
238
226
231
230
232
237
236
245
250
249
246
251
250
243
248
247
248
253
252
250
255
254
251
255
255
251
255
255
250
255
254
249
254
253
243
251
251
229
249
254
210
232
234
179
207
208
149
186
184
153
200
198
175
231
232
168
230
236
151
214
224
168
225
235
111
156
168
168
195
205
240
249
254
251
250
252
245
250
253
194
209
212
196
209
213
208
221
223
240
251
252
236
247
250
242
250
252
248
254
255
249
254
255
250
254
255
252
254
254
253
254
254
254
254
254
254
254
254
251
255
254
250
255
254
250
255
254
250
255
254
250
255
254
250
255
254
250
255
254
250
255
254
250
255
254
250
255
254
250
255
254
250
255
254
250
255
254
250
255
254
250
255
254
250
255
254
250
255
254
250
255
254
250
255
254
250
255
254
250
255
254
250
255
254
250
255
254
250
255
254
250
255
254
250
255
254
250
255
254
252
253
254
254
253
255
255
254
255
251
253
254
251
253
254
249
253
253
248
252
253
247
254
254
247
254
254
242
252
252
239
250
250
240
252
252
242
254
254
238
250
250
238
253
252
234
249
250
222
238
240
196
211
214
197
213
218
217
233
239
234
250
254
232
250
255
229
248
252
200
220
222
196
219
221
213
237
238
223
249
248
204
230
229
203
226
231
218
240
247
225
249
253
225
249
253
204
228
235
188
214
222
191
217
225
147
174
182
159
187
196
192
221
230
238
252
251
238
252
251
238
252
251
238
252
251
238
252
251
238
252
251
238
252
251
237
251
250
237
251
250
237
251
250
237
251
250
237
251
250
237
251
250
237
251
250
238
250
250
238
250
250
239
251
251
239
251
251
240
252
252
240
252
252
241
253
253
241
253
253
241
253
253
241
253
253
241
253
253
241
253
253
241
253
253
240
252
252
240
252
252
240
252
252
240
252
252
240
252
252
240
252
252
240
252
252
240
252
252
240
252
252
240
252
252
240
252
252
240
252
252
240
252
252
240
252
252
245
253
253
245
253
253
245
253
253
245
253
253
245
253
253
245
253
253
245
253
253
245
253
253
245
253
253
245
253
253
245
253
253
245
253
253
245
253
253
246
253
253
247
252
253
247
252
253
247
252
253
247
252
253
247
252
253
247
252
253
248
253
254
248
253
254
248
253
254
248
253
254
248
253
254
248
253
254
248
253
254
248
253
254
248
253
254
248
253
254
248
253
254
248
253
254
248
253
254
248
253
254
248
253
254
247
252
253
247
252
253
248
253
254
247
252
253
241
246
247
228
237
238
161
213
216
164
217
220
171
226
229
164
220
222
170
226
227
168
224
225
173
226
227
175
224
225
180
225
226
189
229
231
200
233
236
203
231
234
199
224
226
189
215
218
180
209
213
182
210
212
187
213
215
193
216
216
193
215
213
189
212
208
190
213
209
201
227
223
213
243
240
211
246
245
204
244
243
200
244
244
198
245
246
201
249
244
186
235
233
188
240
244
189
242
253
177
228
243
183
230
247
109
147
163
124
152
163
231
249
255
240
252
254
245
253
253
245
254
254
242
254
254
238
252
254
201
231
236
142
175
181
140
176
182
140
180
185
146
190
193
165
213
215
181
229
231
189
237
238
196
243
244
204
246
246
207
246
246
212
247
247
217
249
249
217
249
248
217
249
246
213
243
241
224
251
249
214
238
236
211
230
228
230
244
243
238
249
249
233
241
241
226
231
232
243
248
248
248
253
253
242
248
247
236
242
241
231
236
235
224
229
228
236
241
240
247
252
251
249
254
253
249
254
253
240
245
244
249
254
253
250
255
254
250
255
254
250
254
254
249
253
253
247
252
251
243
251
251
224
243
249
179
202
206
161
190
191
158
195
193
157
205
203
179
237
238
168
232
237
158
222
231
174
232
241
110
155
166
172
199
209
242
251
254
251
250
252
244
250
252
201
216
219
191
206
209
187
199
203
236
248
250
240
251
253
242
251
252
245
253
253
249
254
255
250
254
255
252
254
254
253
254
254
254
254
254
254
254
254
251
255
254
250
255
254
250
255
254
250
255
254
250
255
254
250
255
254
250
255
254
250
255
254
250
255
254
250
255
254
250
255
254
250
255
254
250
255
254
250
255
254
250
255
254
250
255
254
250
255
254
250
255
254
250
255
254
250
255
254
250
255
254
250
255
254
250
255
254
250
255
254
250
255
254
250
255
254
250
255
254
252
254
254
254
253
255
254
253
255
249
251
252
245
248
249
241
245
246
238
243
244
240
247
247
238
246
246
237
247
247
238
249
249
236
248
248
235
247
247
237
249
249
226
244
243
228
245
246
219
235
237
203
220
223
218
235
239
222
238
243
228
244
246
230
246
250
228
246
250
226
245
247
220
242
244
218
242
242
221
245
245
219
243
242
228
246
251
224
242
249
224
243
249
224
243
246
217
237
245
195
215
223
159
181
190
148
170
180
192
216
226
219
243
252
238
252
251
238
252
251
238
252
251
238
252
251
238
252
251
238
252
251
238
252
251
237
251
250
237
251
250
237
251
250
237
251
250
237
251
250
237
251
250
238
251
250
238
250
250
238
250
250
239
251
251
239
251
251
240
252
252
240
252
252
240
252
252
241
253
253
241
253
253
241
253
253
241
253
253
241
253
253
241
253
253
240
252
252
240
252
252
240
252
252
240
252
252
240
252
252
240
252
252
240
252
252
240
252
252
240
252
252
240
252
252
240
252
252
240
252
252
240
252
252
240
252
252
245
252
252
245
252
252
245
252
252
245
253
252
246
253
253
246
253
253
246
253
253
246
253
252
246
253
252
246
253
252
246
253
252
246
253
252
246
253
252
247
253
252
248
252
252
248
252
252
248
252
253
248
252
253
248
252
253
248
252
253
249
253
254
247
251
252
247
251
253
249
253
254
248
252
254
249
253
254
249
253
254
248
251
254
248
252
254
249
254
254
247
254
254
247
253
253
246
251
251
247
251
250
250
252
252
248
252
252
248
254
255
243
253
255
233
250
252
217
238
240
189
215
218
152
208
212
169
225
229
160
217
220
163
219
222
163
219
221
171
225
226
174
225
227
176
222
223
183
227
227
192
232
232
201
236
237
203
235
234
196
226
225
187
216
216
180
209
210
185
212
212
193
219
219
191
215
214
183
206
204
184
207
204
187
211
209
197
224
221
210
240
238
209
244
243
205
244
243
204
246
246
203
247
247
189
239
237
187
238
238
182
234
238
189
241
250
181
231
243
187
232
245
120
157
171
119
148
159
228
248
255
240
254
255
245
254
255
246
254
255
245
254
252
243
253
252
205
231
236
147
177
183
141
177
182
137
179
183
139
186
188
162
212
213
176
225
226
190
236
238
198
242
243
206
246
246
209
247
247
210
247
247
211
248
248
216
251
250
213
245
244
220
250
250
221
251
250
224
250
249
214
237
237
218
238
238
234
250
250
233
246
246
224
233
234
230
237
238
237
243
243
230
235
235
232
235
235
229
234
235
241
246
246
249
253
254
250
254
254
249
252
252
249
252
252
252
254
255
250
251
251
252
254
254
251
254
254
249
253
252
246
251
251
243
249
248
244
253
253
203
229
234
152
181
185
154
188
190
163
204
206
162
210
212
186
240
245
174
231
239
165
221
231
177
228
238
105
145
156
165
192
200
237
251
254
242
247
250
240
248
251
224
238
240
187
204
206
186
202
205
216
234
234
234
250
250
236
248
248
242
251
250
249
254
254
252
254
254
253
254
254
253
254
254
251
254
254
250
254
254
250
255
254
250
255
254
250
255
254
250
255
254
250
255
254
250
255
254
250
255
254
250
255
254
250
255
254
250
255
254
250
255
254
250
255
254
250
255
254
250
255
254
250
255
254
250
255
254
250
255
254
250
255
254
250
255
254
250
255
254
250
255
254
250
255
254
250
255
254
250
255
254
250
255
254
250
255
254
250
255
254
250
254
255
247
252
253
247
252
253
241
249
248
217
225
225
191
200
200
184
194
194
188
199
199
186
198
198
187
200
200
187
202
202
183
198
199
180
195
196
183
198
199
174
193
197
180
200
205
174
192
198
181
199
205
179
195
203
184
199
207
172
187
196
175
190
199
177
195
203
176
194
201
168
187
193
179
201
206
177
200
204
166
190
194
170
196
201
171
197
202
170
197
202
150
175
182
171
196
203
129
154
161
102
126
133
133
157
165
163
188
196
170
195
203
238
252
251
238
252
251
238
252
251
238
252
251
238
252
251
238
252
251
238
252
251
238
252
251
238
252
251
238
252
251
238
252
251
238
252
251
238
252
251
238
252
251
239
251
251
239
251
251
239
251
251
239
251
251
239
251
251
239
251
251
240
252
252
240
252
252
240
252
252
240
252
252
240
252
252
240
252
252
240
252
252
240
252
252
240
252
252
240
252
252
240
252
252
240
252
252
240
252
252
240
252
252
240
252
252
240
252
252
240
252
252
240
252
252
240
252
252
240
252
252
240
252
252
245
250
251
245
250
251
245
251
251
246
252
251
247
253
252
247
253
252
247
253
252
247
254
251
247
254
251
247
254
251
247
254
251
247
254
251
247
254
251
248
254
251
249
253
251
249
253
251
249
253
251
249
252
252
249
252
252
249
252
252
250
252
253
247
250
251
248
251
253
249
251
254
249
252
255
245
249
251
245
249
251
249
250
255
243
246
251
244
249
251
246
253
253
244
252
250
246
252
250
248
250
248
249
249
247
248
250
250
241
249
250
230
250
252
209
243
246
176
221
225
156
210
215
164
222
228
162
219
225
158
213
219
159
214
219
168
222
225
176
225
229
177
224
226
183
229
229
188
231
230
189
230
228
189
228
226
193
230
226
193
229
225
189
222
217
184
213
208
185
212
208
191
218
214
190
214
212
184
208
206
189
213
211
189
215
214
194
221
221
203
234
233
204
239
238
206
242
242
209
248
247
208
249
248
170
224
224
186
242
243
184
238
242
186
237
243
170
217
225
171
212
224
117
153
166
114
144
155
221
244
253
234
251
255
240
251
255
248
253
254
250
254
250
249
252
249
211
231
237
155
180
186
143
177
181
134
179
182
132
183
185
156
210
211
169
219
221
190
234
235
201
240
242
209
246
246
211
248
248
209
249
248
206
249
248
211
250
250
218
249
252
218
249
251
221
252
253
222
253
253
215
245
246
206
234
234
221
245
245
226
246
247
232
247
248
205
216
216
220
227
227
227
230
231
239
240
241
245
249
251
245
249
253
247
250
253
251
253
254
253
253
255
254
253
255
255
253
255
250
249
249
252
253
253
251
253
253
249
253
253
246
252
251
240
248
247
234
247
247
167
204
208
142
181
185
158
200
204
155
201
207
174
223
230
187
237
247
185
234
244
176
222
231
189
230
236
114
149
155
155
181
187
230
250
254
233
249
253
235
248
250
234
248
250
161
180
181
189
212
212
184
210
208
219
242
240
233
250
249
241
252
250
250
254
252
255
254
253
255
255
255
253
255
255
248
255
254
244
255
254
249
255
254
250
255
254
250
255
254
250
255
254
250
255
254
250
255
254
250
255
254
250
255
254
250
255
254
250
255
254
250
255
254
250
255
254
250
255
254
250
255
254
250
255
254
250
255
254
250
255
254
250
255
254
250
255
254
250
255
254
250
255
254
250
255
254
250
255
254
250
255
254
250
255
254
250
255
254
250
255
254
245
254
253
238
251
249
240
253
252
238
252
250
207
222
220
171
187
185
167
183
182
173
189
188
174
191
190
174
190
192
172
190
191
171
189
191
171
189
192
170
188
191
164
185
194
164
185
194
165
184
193
165
183
192
166
181
192
167
180
191
167
180
190
166
179
189
168
182
192
165
180
190
162
179
189
164
183
193
164
184
194
154
180
188
144
183
186
148
187
190
127
164
168
129
165
168
154
188
190
117
150
153
115
146
150
152
181
185
156
184
187
156
183
187
238
252
251
238
252
251
238
252
251
238
252
251
238
252
251
238
252
251
238
252
251
238
252
251
238
252
251
238
252
251
238
252
251
238
252
251
238
252
251
238
252
251
239
251
251
239
251
251
239
251
251
239
251
251
239
251
251
239
251
251
240
252
252
240
252
252
240
252
252
240
252
252
240
252
252
240
252
252
240
252
252
240
252
252
240
252
252
240
252
252
240
252
252
240
252
252
240
252
252
240
252
252
240
252
252
240
252
252
240
252
252
240
252
252
240
252
252
240
252
252
240
252
252
245
250
251
245
250
251
245
251
251
246
252
251
247
253
252
247
253
252
247
253
252
247
253
252
247
254
251
247
254
251
247
254
251
247
254
251
247
254
251
247
254
251
247
253
251
247
253
251
247
253
251
247
253
252
247
253
252
247
253
252
247
252
252
247
252
253
249
255
255
238
244
245
249
254
255
240
246
248
241
247
249
249
251
254
244
247
250
241
247
249
242
250
250
243
251
250
244
251
249
246
251
249
249
251
249
248
252
252
238
248
249
220
242
244
186
221
225
155
202
207
160
215
220
165
221
228
161
217
224
165
220
226
169
223
229
168
220
224
172
220
223
181
228
230
193
238
238
194
236
235
187
227
226
181
220
218
185
221
217
189
224
220
191
224
219
191
219
215
183
210
206
176
203
199
184
208
206
193
217
215
193
218
217
196
223
222
200
228
228
201
233
232
204
238
238
205
242
241
205
245
244
204
246
245
159
212
213
184
241
242
195
249
253
188
239
245
164
211
221
167
209
220
112
148
161
114
144
155
218
242
251
230
247
254
237
249
253
245
252
252
249
253
249
249
252
249
214
233
237
153
179
184
139
174
178
132
177
180
128
179
181
150
203
205
168
217
219
185
229
230
197
236
238
207
243
244
209
247
247
209
250
249
208
251
249
213
252
252
220
251
254
218
249
251
219
250
251
220
251
252
215
245
246
207
236
236
210
235
235
224
244
245
220
235
237
204
215
215
213
220
220
239
242
243
243
245
246
245
249
252
247
250
253
248
251
254
252
253
254
253
253
255
254
253
255
254
253
255
253
253
253
249
250
250
250
254
253
247
253
253
242
250
250
239
248
248
207
223
223
151
190
193
154
195
198
148
192
196
161
209
214
176
227
234
188
239
249
185
235
245
175
223
232
186
228
234
119
154
160
152
178
184
231
250
254
236
251
254
240
253
254
235
249
251
170
189
190
190
214
214
170
198
195
202
228
225
225
245
242
240
251
249
250
254
253
255
254
254
255
255
255
253
255
254
249
255
254
245
255
253
249
255
254
250
255
254
250
255
254
250
255
254
250
255
254
250
255
254
250
255
254
250
255
254
250
255
254
250
255
254
250
255
254
250
255
254
250
255
254
250
255
254
250
255
254
250
255
254
250
255
254
250
255
254
250
255
254
250
255
254
250
255
254
250
255
254
250
255
254
250
255
254
250
255
254
250
255
254
250
255
254
246
254
253
243
253
252
244
254
253
242
251
251
240
250
249
236
247
246
237
249
248
238
250
250
237
250
250
236
250
252
236
249
251
235
249
252
235
249
253
235
249
253
232
250
255
232
250
255
233
249
255
234
249
255
236
248
255
237
248
255
238
248
254
238
248
254
238
250
255
236
248
255
233
248
254
233
249
255
232
249
255
224
247
252
213
246
249
202
236
239
180
213
216
211
242
244
207
236
238
159
186
190
189
215
219
226
250
254
230
253
255
229
251
255
238
252
251
238
252
251
238
252
251
238
252
251
238
252
251
238
252
251
238
252
251
238
252
251
238
252
251
238
252
251
238
252
251
238
252
251
238
252
251
238
252
251
239
251
251
239
251
251
239
251
251
239
251
251
239
251
251
239
251
251
240
252
252
240
252
252
240
252
252
240
252
252
240
252
252
240
252
252
240
252
252
240
252
252
240
252
252
240
252
252
240
252
252
240
252
252
240
252
252
240
252
252
240
252
252
240
252
252
240
252
252
240
252
252
240
252
252
240
252
252
240
252
252
245
251
250
245
251
250
245
251
250
246
252
251
247
253
252
247
253
252
247
253
252
247
253
252
247
253
252
247
253
252
247
254
251
247
254
251
247
254
251
245
254
251
243
255
251
243
255
251
243
255
251
243
254
252
243
254
252
243
254
252
243
254
252
243
254
252
245
254
253
235
245
244
243
252
251
242
250
251
241
250
250
240
244
248
246
249
251
246
253
254
241
251
250
243
254
252
242
250
247
243
249
246
246
250
249
241
247
247
236
249
251
200
224
228
165
201
206
157
206
212
147
204
209
162
217
224
161
216
223
169
223
229
174
227
233
170
221
225
174
221
225
183
229
231
188
232
232
198
239
238
198
237
236
193
230
228
187
223
219
183
217
213
186
218
214
187
216
211
176
203
200
179
206
203
187
212
209
187
211
209
187
213
212
196
222
222
197
227
226
199
230
230
204
239
239
202
240
240
198
239
238
197
239
238
161
215
216
181
238
239
189
244
247
194
245
250
188
235
243
191
233
245
112
148
161
121
151
162
222
246
253
232
249
254
238
249
253
244
251
251
247
252
247
249
252
249
216
235
238
153
178
184
138
172
177
133
178
181
128
178
180
142
195
196
165
215
217
181
225
227
194
233
235
205
242
242
209
247
247
210
250
249
209
252
250
214
252
252
219
250
253
218
249
251
219
250
251
221
252
253
220
250
251
216
245
246
195
220
220
207
228
229
214
230
232
230
241
241
220
228
228
233
238
239
242
246
246
246
248
251
249
251
253
250
253
254
253
253
255
254
253
255
254
253
255
254
253
255
251
252
253
247
251
251
247
254
254
241
250
250
241
252
252
230
244
244
175
193
193
151
194
197
162
206
209
151
199
202
173
224
229
175
228
235
184
237
247
188
239
249
167
214
223
168
209
217
110
144
150
142
168
174
234
253
255
237
252
253
234
247
250
236
251
252
182
202
203
175
201
200
169
199
196
202
230
227
222
243
241
237
251
250
248
254
253
254
254
254
255
254
254
253
254
254
249
254
253
246
253
252
249
255
254
250
255
254
250
255
254
250
255
254
250
255
254
250
255
254
250
255
254
250
255
254
250
255
254
250
255
254
250
255
254
250
255
254
250
255
254
250
255
254
250
255
254
250
255
254
250
255
254
250
255
254
250
255
254
250
255
254
250
255
254
250
255
254
250
255
254
250
255
254
250
255
254
250
255
254
250
255
254
249
254
253
250
254
254
249
254
254
243
248
247
244
251
250
248
254
254
243
249
250
243
250
250
244
251
252
243
251
253
243
251
253
243
251
253
243
251
254
243
251
254
239
253
254
239
253
254
240
253
254
242
253
255
244
253
255
245
253
254
246
253
254
245
253
254
245
253
254
244
253
255
242
253
255
241
254
255
240
254
255
236
252
254
210
236
238
193
220
222
210
235
237
221
245
247
184
206
210
188
209
212
228
247
251
235
252
255
238
253
255
237
252
255
238
252
251
238
252
251
238
252
251
238
252
251
238
252
251
238
252
251
238
252
251
238
252
251
238
252
251
238
252
251
238
252
251
238
252
251
238
252
251
238
252
251
239
251
251
239
251
251
239
251
251
239
251
251
239
251
251
239
251
251
240
252
252
240
252
252
240
252
252
240
252
252
240
252
252
240
252
252
240
252
252
240
252
252
240
252
252
240
252
252
240
252
252
240
252
252
240
252
252
240
252
252
240
252
252
240
252
252
240
252
252
240
252
252
240
252
252
240
252
252
240
252
252
244
251
250
244
251
250
244
251
250
245
252
251
246
253
252
246
253
252
246
253
252
246
253
252
246
253
252
246
253
252
246
253
252
246
253
252
246
253
252
243
254
252
239
255
252
239
255
252
239
255
252
239
255
252
240
254
252
240
254
252
241
254
253
241
254
252
239
251
249
242
253
252
233
245
243
233
243
243
239
249
248
241
246
247
239
244
244
240
249
248
240
253
251
241
254
251
243
254
252
243
253
250
242
250
249
238
246
247
213
229
232
179
206
211
161
201
207
156
208
214
150
209
215
156
211
218
162
216
223
167
220
227
169
221
227
172
222
226
179
226
229
184
228
231
189
231
232
198
237
237
198
236
234
194
229
228
191
225
221
187
220
216
190
221
217
187
215
212
176
203
200
181
208
205
177
204
201
171
197
195
186
213
212
195
222
222
191
221
221
195
228
228
200
237
236
197
237
237
193
235
234
194
238
238
171
225
226
185
242
243
189
243
247
192
244
249
190
237
245
193
236
247
99
136
149
128
158
169
227
250
255
234
251
255
241
252
255
246
253
253
247
252
248
250
253
250
216
235
239
156
182
187
141
175
180
138
183
186
133
184
186
136
189
190
163
212
214
180
224
226
193
232
234
204
241
241
208
246
246
209
250
249
208
251
249
213
251
251
218
249
252
218
249
250
220
251
252
223
254
255
223
254
255
224
253
253
207
233
233
190
212
212
226
243
244
238
251
251
230
239
239
225
231
231
241
245
246
248
250
251
250
251
253
252
252
254
253
253
255
254
253
255
254
253
255
253
253
255
250
254
254
248
254
254
243
252
252
238
251
251
235
250
249
207
224
224
159
182
183
150
196
198
155
203
206
157
209
211
172
226
230
178
232
239
184
238
247
193
246
254
170
218
227
170
212
220
110
144
150
128
155
160
228
246
251
237
251
254
235
249
251
235
252
253
182
204
204
161
188
188
178
210
208
185
215
214
208
232
230
236
252
251
247
253
253
253
253
254
255
254
254
254
254
254
250
253
252
248
253
252
250
255
254
250
255
254
250
255
254
250
255
254
250
255
254
250
255
254
250
255
254
250
255
254
250
255
254
250
255
254
250
255
254
250
255
254
250
255
254
250
255
254
250
255
254
250
255
254
250
255
254
250
255
254
250
255
254
250
255
254
250
255
254
250
255
254
250
255
254
250
255
254
250
255
254
250
255
254
250
255
254
249
251
251
251
251
251
254
254
254
250
251
251
251
253
253
253
254
255
249
251
252
249
251
252
249
252
253
249
252
254
249
252
254
248
252
255
247
252
255
247
252
255
241
253
251
242
253
251
243
253
251
246
253
251
248
254
251
249
254
251
249
254
251
251
255
253
250
255
252
248
255
252
246
254
252
243
252
251
240
252
250
237
251
250
210
229
231
202
222
224
224
242
245
204
221
224
193
208
212
231
245
247
236
249
252
240
251
253
243
253
255
242
251
254
238
252
251
238
252
251
238
252
251
238
252
251
238
252
251
238
252
251
238
252
251
238
252
251
238
252
251
238
252
251
238
252
251
238
252
251
238
252
251
238
252
251
239
251
251
239
251
251
239
251
251
239
251
251
239
251
251
239
251
251
240
252
252
240
252
252
240
252
252
240
252
252
240
252
252
240
252
252
240
252
252
240
252
252
240
252
252
240
252
252
240
252
252
240
252
252
240
252
252
240
252
252
240
252
252
240
252
252
240
252
252
240
252
252
240
252
252
240
252
252
240
252
252
243
251
250
243
251
250
243
251
250
244
252
251
245
253
252
245
253
252
245
253
252
245
253
252
245
253
252
245
253
252
245
253
252
245
253
253
245
253
253
242
254
252
237
255
252
237
255
252
238
255
252
238
255
252
239
254
252
240
254
252
240
253
251
241
254
251
234
246
244
244
254
254
237
248
246
238
247
245
223
233
230
217
224
222
240
246
246
238
248
247
231
245
242
239
254
251
232
248
245
239
252
250
242
253
253
213
225
227
181
200
205
172
202
207
161
203
210
142
197
203
147
207
214
160
214
221
168
222
229
168
220
226
167
217
223
177
225
229
185
230
234
185
229
231
194
234
235
195
234
233
191
227
226
188
222
221
190
223
219
190
222
219
187
218
215
185
214
211
186
213
210
182
209
206
170
196
195
169
196
195
185
212
212
192
221
221
192
222
223
192
226
227
191
229
229
191
233
232
193
237
237
194
240
241
175
231
232
186
243
244
191
247
249
192
246
252
187
236
245
195
238
248
100
138
149
127
159
170
224
249
255
232
250
255
241
253
255
247
254
254
248
253
249
250
254
252
216
235
241
162
188
193
144
179
183
142
187
189
141
192
194
134
187
188
161
210
212
179
222
224
191
230
232
202
239
239
207
244
244
208
248
247
207
250
248
212
250
250
218
249
252
218
249
250
218
250
251
220
251
252
221
252
253
222
252
252
222
249
249
198
221
221
220
238
239
231
246
245
232
244
243
227
235
235
227
234
234
245
246
248
249
249
251
251
250
252
253
252
254
254
253
255
253
253
255
251
254
255
249
254
255
242
251
251
235
249
249
237
254
254
214
234
234
169
193
193
163
191
191
146
196
198
153
204
206
161
214
217
161
216
221
184
241
247
186
242
251
192
246
252
184
233
239
185
227
235
114
148
154
123
148
154
228
245
250
237
250
255
237
250
253
235
252
253
187
210
210
149
179
178
187
221
220
180
212
211
197
224
223
231
250
250
244
252
253
252
252
253
255
253
254
255
254
254
253
253
253
250
253
252
250
255
254
250
255
254
250
255
254
250
255
254
250
255
254
250
255
254
250
255
254
250
255
254
250
255
254
250
255
254
250
255
254
250
255
254
250
255
254
250
255
254
250
255
254
250
255
254
250
255
254
250
255
254
250
255
254
250
255
254
250
255
254
250
255
254
250
255
254
250
255
254
250
255
254
250
255
254
250
255
254
251
253
253
253
252
252
255
254
254
254
254
254
252
251
251
249
248
248
251
250
251
252
252
253
251
253
254
250
251
255
250
251
255
249
250
255
248
250
255
247
250
255
243
253
249
244
254
249
245
254
249
247
254
249
248
254
248
249
254
248
251
254
248
253
255
250
251
254
249
249
255
249
247
254
249
245
253
249
243
253
248
241
252
249
213
227
229
186
200
203
212
226
228
211
225
227
227
238
241
237
247
249
237
246
248
244
251
253
247
253
255
247
253
254
238
252
251
238
252
251
238
252
251
238
252
251
238
252
251
238
252
251
238
252
251
238
252
251
238
252
251
238
252
251
238
252
251
238
252
251
238
252
251
238
252
251
239
251
251
239
251
251
239
251
251
239
251
251
239
251
251
239
251
251
240
252
252
240
252
252
240
252
252
240
252
252
240
252
252
240
252
252
240
252
252
240
252
252
240
252
252
240
252
252
240
252
252
240
252
252
240
252
252
240
252
252
240
252
252
240
252
252
240
252
252
240
252
252
240
252
252
240
252
252
240
252
252
243
251
250
243
251
250
243
251
250
244
252
251
245
253
252
245
253
252
245
253
253
245
253
253
245
253
253
245
253
253
245
253
253
245
253
253
245
253
253
242
254
253
237
254
253
237
254
253
238
254
253
239
254
252
240
254
252
241
254
252
240
252
249
243
254
251
243
251
249
238
246
243
247
254
250
237
243
240
188
195
190
160
167
164
221
230
228
238
251
248
224
240
237
237
254
252
226
244
242
236
251
250
226
240
241
160
176
179
147
169
175
162
194
201
156
201
208
148
204
211
143
205
213
163
217
224
167
220
227
167
218
225
170
219
225
178
226
230
184
229
233
184
227
229
190
230
231
192
230
229
192
227
226
193
226
225
194
227
223
188
219
216
178
208
205
177
206
203
188
215
213
186
213
212
177
203
203
177
203
203
179
206
207
186
216
217
193
225
225
190
226
226
185
224
226
190
233
234
192
239
240
183
231
232
181
239
239
183
242
243
184
240
243
190
244
250
184
234
243
190
234
244
87
125
137
125
157
168
220
246
254
229
249
254
240
254
255
246
255
254
246
253
248
249
254
252
218
237
244
169
194
200
145
179
184
141
186
188
148
198
200
135
188
189
159
208
210
173
217
218
186
225
227
199
235
236
204
242
242
206
247
246
206
249
248
211
249
249
217
248
251
217
249
250
217
251
251
218
250
251
219
250
251
220
251
251
215
243
243
218
243
243
199
220
220
230
246
245
233
247
246
233
243
243
214
223
223
239
240
241
247
246
248
249
248
250
251
250
252
252
252
254
251
254
255
250
254
255
245
254
254
236
248
248
233
250
250
227
248
248
187
213
213
150
178
179
166
199
200
149
202
204
158
212
213
163
219
220
165
222
226
185
244
250
184
242
251
188
243
250
189
238
245
190
231
239
109
142
149
124
148
154
235
251
254
237
249
254
236
249
252
237
253
253
211
233
233
145
176
176
181
217
216
186
222
222
183
213
214
218
240
242
239
250
253
249
251
254
254
253
254
255
254
254
255
254
253
253
254
253
250
255
254
250
255
254
250
255
254
250
255
254
250
255
254
250
255
254
250
255
254
250
255
254
250
255
254
250
255
254
250
255
254
250
255
254
250
255
254
250
255
254
250
255
254
250
255
254
250
255
254
250
255
254
250
255
254
250
255
254
250
255
254
250
255
254
250
255
254
250
255
254
250
255
254
250
255
254
250
255
254
252
254
254
253
253
253
254
253
253
255
255
255
253
252
252
249
249
249
250
251
252
252
252
254
250
253
254
248
251
254
248
250
254
247
249
253
246
248
253
244
247
252
244
254
250
244
255
250
244
255
249
246
254
248
247
252
247
246
252
246
248
252
246
248
252
246
245
250
245
246
252
246
246
254
248
242
253
247
242
253
248
243
254
250
226
239
241
212
225
226
221
233
234
231
243
245
237
246
247
236
245
246
240
248
249
242
248
249
245
250
251
244
249
250
238
252
251
238
252
251
238
252
251
238
252
251
238
252
251
238
252
251
238
252
251
238
252
251
238
252
251
238
252
251
238
252
251
238
252
251
238
252
251
238
252
251
239
251
251
239
251
251
239
251
251
239
251
251
239
251
251
239
251
251
240
252
252
240
252
252
240
252
252
240
252
252
240
252
252
240
252
252
240
252
252
240
252
252
240
252
252
240
252
252
240
252
252
240
252
252
240
252
252
240
252
252
240
252
252
240
252
252
240
252
252
240
252
252
240
252
252
240
252
252
240
252
252
243
251
250
243
251
250
243
251
250
244
252
251
245
253
252
245
253
253
245
253
253
245
253
253
245
253
253
245
253
254
245
252
254
245
252
254
245
252
254
243
253
254
239
253
254
240
253
254
240
253
254
242
253
253
243
253
252
245
253
252
246
253
251
242
247
245
249
252
249
246
249
245
240
242
237
177
178
173
142
142
137
177
183
180
173
185
181
218
233
229
230
248
246
222
244
241
226
246
244
220
238
239
225
242
244
159
177
182
118
141
148
132
165
172
147
191
199
143
199
205
146
208
214
153
206
213
151
203
210
157
208
215
168
216
222
170
217
222
173
218
222
180
222
225
188
228
229
189
226
226
191
225
225
196
229
228
200
232
229
193
224
221
183
213
211
174
203
202
171
198
198
181
207
207
181
207
207
174
202
202
179
207
208
184
214
215
188
223
223
189
226
227
185
226
228
194
240
241
190
238
239
161
212
212
178
236
236
182
242
242
186
242
245
194
248
253
185
235
243
188
233
244
86
125
137
128
159
170
221
247
255
230
250
254
241
254
255
245
254
254
245
251
247
247
253
250
219
238
245
173
198
204
143
177
182
137
182
184
151
202
204
137
190
191
158
208
209
167
211
212
181
220
222
194
231
231
201
239
239
205
246
245
206
249
248
210
249
248
215
246
249
217
250
251
218
252
252
219
252
252
220
252
253
222
253
254
214
244
244
223
249
249
206
229
229
220
239
238
233
248
247
235
247
246
229
240
240
240
241
243
245
244
246
247
247
249
249
250
251
250
252
254
249
254
255
248
255
255
242
254
254
233
248
250
233
252
253
204
230
231
165
195
196
156
189
190
157
194
196
148
202
203
151
207
208
159
216
218
183
241
243
179
239
244
181
240
248
191
246
251
190
239
247
200
242
249
113
145
151
124
147
152
236
251
254
236
246
251
241
252
254
230
246
247
225
247
248
165
196
197
178
216
216
189
227
229
182
216
218
213
237
240
234
249
252
245
250
253
252
252
255
255
254
255
255
255
254
255
255
254
251
255
254
250
255
254
250
255
254
250
255
254
250
255
254
250
255
254
250
255
254
250
255
254
250
255
254
250
255
254
250
255
254
250
255
254
250
255
254
250
255
254
250
255
254
250
255
254
250
255
254
250
255
254
250
255
254
250
255
254
250
255
254
250
255
254
250
255
254
250
255
254
250
255
254
250
255
254
250
255
254
251
255
254
251
254
254
251
254
254
251
254
254
251
255
254
249
253
253
246
250
251
236
240
241
230
236
237
229
234
238
227
233
236
226
231
235
223
229
234
222
229
234
223
237
234
223
236
233
222
236
231
222
233
229
222
231
227
221
229
225
222
229
225
230
236
232
223
231
228
222
231
227
219
231
226
210
224
219
207
220
217
210
225
222
211
226
226
214
228
227
222
235
235
211
225
225
227
239
239
228
239
239
230
240
240
219
228
228
221
229
230
218
226
226
237
251
250
237
251
250
237
251
250
237
251
250
237
251
250
237
251
250
237
251
250
238
252
251
238
252
251
238
252
251
238
252
251
238
252
251
238
252
251
238
252
251
239
251
251
239
251
251
239
251
251
239
251
251
239
251
251
239
251
251
240
252
252
240
252
252
240
252
252
240
252
252
240
252
252
240
252
252
240
252
252
240
252
252
240
252
252
240
252
252
240
252
252
240
252
252
240
252
252
240
252
252
240
252
252
240
252
252
240
252
252
240
252
252
240
252
252
240
252
252
240
252
252
242
252
250
242
252
251
243
253
251
243
253
252
244
254
252
244
254
254
244
253
253
241
250
251
242
251
253
239
248
251
243
252
254
244
252
255
241
249
253
244
253
255
237
247
250
240
250
252
245
253
255
241
246
250
247
251
252
243
246
247
249
250
250
249
248
247
244
241
238
222
218
214
136
131
127
113
106
101
147
139
135
214
221
217
179
193
191
158
176
173
221
242
240
218
241
239
222
245
244
224
245
246
230
249
253
206
225
229
147
171
178
139
171
179
141
185
192
138
193
198
135
196
201
142
196
203
158
211
218
164
216
223
159
209
215
155
203
207
161
206
210
167
209
212
168
209
210
175
214
213
185
222
221
188
222
221
194
227
223
193
225
221
180
210
208
182
210
210
176
204
204
181
208
208
176
204
205
170
198
199
180
210
211
190
222
223
188
223
225
186
224
226
182
226
227
183
231
233
192
242
244
161
214
215
171
231
231
178
238
238
186
243
246
193
248
253
189
240
249
182
228
239
88
129
141
125
158
169
206
233
240
233
253
255
239
253
254
244
254
254
247
254
250
245
252
248
223
242
248
177
202
208
143
178
182
135
180
183
141
192
194
147
201
202
149
198
200
162
206
207
180
219
221
196
232
233
201
239
239
202
243
242
204
247
246
211
249
249
218
249
252
217
250
251
217
251
251
217
251
251
218
252
252
220
253
253
210
241
240
217
246
245
220
245
245
210
231
229
217
236
235
232
247
247
238
251
251
229
233
233
239
240
241
243
245
245
247
250
250
244
248
249
247
254
254
243
251
253
240
253
255
235
253
253
218
242
243
175
204
206
160
193
196
154
191
192
162
202
204
153
207
208
152
208
209
166
223
225
187
245
248
183
242
248
185
242
251
194
248
254
196
244
251
202
243
251
114
145
152
118
140
146
231
246
251
240
250
254
243
254
255
236
251
251
231
253
253
164
195
196
173
212
214
189
229
231
176
213
216
182
210
215
218
237
242
242
250
253
245
246
250
254
253
255
253
252
251
254
252
251
251
255
254
250
255
254
250
255
254
250
255
254
250
255
254
250
255
254
250
255
254
250
255
254
250
255
254
250
255
254
250
255
254
250
255
254
250
255
254
250
255
254
250
255
254
250
255
254
250
255
254
250
255
254
250
255
254
250
255
254
250
255
254
250
255
254
250
255
254
250
255
254
250
255
254
250
255
254
250
255
254
248
254
253
247
254
253
247
255
255
246
255
254
245
254
252
243
252
251
240
249
250
210
219
220
207
217
217
226
237
239
215
226
229
213
224
227
211
221
225
211
222
226
208
226
226
203
221
220
210
226
224
215
230
228
214
227
226
215
226
225
218
229
228
220
231
230
217
229
228
217
230
229
225
240
238
225
241
240
211
229
229
216
235
234
196
215
213
212
229
228
212
229
228
198
215
214
225
240
239
221
236
235
220
235
234
217
231
230
209
222
221
205
218
217
237
251
250
237
251
250
237
251
250
237
251
250
237
251
250
237
251
250
237
251
250
238
252
251
238
252
251
238
252
251
238
252
251
238
252
251
238
252
251
238
252
251
239
251
251
239
251
251
239
251
251
239
251
251
239
251
251
239
251
251
240
252
252
240
252
252
240
252
252
240
252
252
240
252
252
240
252
252
240
252
252
240
252
252
240
252
252
240
252
252
240
252
252
240
252
252
240
252
252
240
252
252
240
252
252
240
252
252
240
252
252
240
252
252
240
252
252
240
252
252
240
252
252
242
253
250
242
253
251
242
253
251
243
254
252
244
255
253
244
254
254
244
254
254
238
248
249
234
243
246
240
249
252
241
250
253
223
232
236
242
250
254
239
247
254
239
245
251
239
245
251
237
240
248
244
246
252
243
244
248
252
250
252
252
248
250
247
240
241
196
188
187
120
109
107
91
79
76
95
81
78
170
156
153
238
244
242
217
233
231
152
173
170
208
232
231
211
237
237
226
251
252
229
251
254
232
252
255
221
241
247
193
217
223
153
186
192
148
191
197
147
200
204
148
206
209
147
201
208
156
210
217
159
212
218
157
208
214
161
209
214
166
213
216
168
213
215
170
212
212
174
213
212
180
217
215
177
211
210
184
218
214
189
222
218
173
203
201
176
204
204
181
209
209
187
215
216
180
208
209
172
200
201
175
205
207
184
217
220
185
221
224
183
224
226
180
226
228
182
232
234
193
247
248
173
228
229
172
232
233
173
234
234
178
237
239
181
236
242
176
228
237
161
208
219
69
110
121
120
155
165
198
226
233
232
254
255
236
252
254
242
253
253
249
255
252
246
253
249
226
245
250
181
206
212
145
180
184
135
180
183
135
185
187
147
200
202
143
193
195
164
207
209
178
217
219
192
228
229
198
236
235
200
241
240
201
244
243
210
248
248
218
250
253
216
250
251
216
250
250
216
251
251
216
251
251
218
252
252
211
243
242
215
246
245
222
250
250
216
240
238
214
235
233
224
243
242
236
252
251
235
242
241
221
225
224
243
247
247
238
242
243
246
252
253
242
251
251
242
253
253
235
250
252
226
247
248
198
224
226
164
196
199
154
189
193
163
202
205
160
202
205
160
212
214
160
213
215
175
230
232
189
245
250
188
246
252
186
243
252
192
245
254
194
240
249
204
243
251
119
149
156
119
141
147
230
244
250
242
251
255
246
254
255
240
252
253
231
250
251
149
181
182
158
198
200
182
224
227
183
222
227
170
201
207
203
224
230
238
248
253
246
249
252
254
255
255
253
252
252
254
253
251
251
255
254
250
255
254
250
255
254
250
255
254
250
255
254
250
255
254
250
255
254
250
255
254
250
255
254
250
255
254
250
255
254
250
255
254
250
255
254
250
255
254
250
255
254
250
255
254
250
255
254
250
255
254
250
255
254
250
255
254
250
255
254
250
255
254
250
255
254
250
255
254
250
255
254
250
255
254
250
255
254
245
254
252
241
253
251
240
253
251
239
252
250
238
251
249
237
250
249
235
249
249
213
228
227
206
221
221
220
236
238
206
222
224
203
219
221
200
215
219
201
216
220
205
226
230
198
219
223
204
225
226
211
230
231
210
227
229
210
224
227
213
227
230
218
232
234
214
229
231
208
225
227
212
231
233
218
238
240
209
231
234
217
239
241
201
222
220
210
231
230
210
230
231
189
210
210
221
240
241
214
233
234
214
233
234
206
224
225
201
220
220
204
223
223
237
251
250
237
251
250
237
251
250
237
251
250
237
251
250
237
251
250
237
251
250
238
252
251
238
252
251
238
252
251
238
252
251
238
252
251
238
252
251
238
252
251
239
251
251
239
251
251
239
251
251
239
251
251
239
251
251
239
251
251
240
252
252
240
252
252
240
252
252
240
252
252
240
252
252
240
252
252
240
252
252
240
252
252
240
252
252
240
252
252
240
252
252
240
252
252
240
252
252
240
252
252
240
252
252
240
252
252
240
252
252
240
252
252
240
252
252
240
252
252
240
252
252
242
253
250
242
253
250
242
253
251
243
254
252
244
255
253
244
254
254
243
253
254
238
247
249
238
247
249
235
244
247
238
246
252
237
245
249
235
243
249
228
235
243
207
212
223
170
174
187
201
204
217
248
248
254
244
242
251
248
243
250
248
242
247
197
187
190
129
117
119
88
74
74
103
88
85
121
104
101
163
145
142
222
229
227
219
236
235
195
217
217
166
193
193
200
229
231
211
238
241
224
249
252
232
251
255
228
248
253
219
243
246
172
203
208
155
196
199
147
196
198
156
211
213
157
212
219
155
210
217
156
211
217
161
213
219
163
213
217
164
211
215
165
212
214
173
217
217
179
220
219
185
224
223
184
221
219
183
220
216
185
220
216
167
198
196
169
197
198
180
208
209
188
216
217
182
211
212
173
202
204
170
200
203
172
206
209
177
214
218
177
220
223
176
223
226
180
232
234
181
237
238
176
233
235
178
239
240
176
238
238
181
240
242
183
239
245
178
231
239
164
211
222
72
113
125
120
155
165
197
224
232
231
253
255
235
251
253
241
253
252
248
255
251
247
254
250
226
245
250
181
207
212
142
177
181
131
176
179
128
179
181
137
191
192
139
188
190
161
205
207
171
210
212
184
220
221
194
232
232
201
241
240
200
243
242
208
246
246
217
249
252
216
250
250
216
250
250
215
251
251
215
251
251
217
252
252
215
248
247
213
245
244
220
250
249
227
251
250
218
240
238
214
235
233
229
247
246
241
249
248
226
232
231
224
231
230
238
245
245
246
255
255
242
253
254
241
254
255
233
252
253
210
233
236
178
206
210
170
203
207
154
191
195
164
206
210
165
208
212
167
216
218
171
220
222
184
236
238
194
249
252
191
246
253
189
242
252
190
242
252
185
232
241
191
230
238
114
144
151
128
150
156
239
252
254
238
247
251
240
245
248
238
246
248
233
251
252
156
187
188
161
201
204
179
224
228
190
232
238
163
198
205
179
203
211
220
235
241
242
249
252
249
252
252
249
250
249
251
251
248
250
255
253
250
255
254
250
255
254
250
255
254
250
255
254
250
255
254
250
255
254
250
255
254
250
255
254
250
255
254
250
255
254
250
255
254
250
255
254
250
255
254
250
255
254
250
255
254
250
255
254
250
255
254
250
255
254
250
255
254
250
255
254
250
255
254
250
255
254
250
255
254
250
255
254
250
255
254
250
255
254
246
255
254
241
255
254
237
253
251
235
251
248
237
253
250
239
254
253
237
254
253
234
250
250
226
244
243
230
249
250
225
245
246
226
245
246
220
239
241
219
237
240
225
248
249
219
243
248
220
242
246
227
248
250
228
247
249
226
242
247
227
243
248
233
249
251
230
247
250
225
244
249
216
237
241
221
242
248
222
245
250
224
248
252
222
246
245
224
247
247
227
250
250
211
232
233
228
249
250
226
247
247
228
248
248
220
240
241
220
241
242
225
246
247
237
251
250
237
251
250
237
251
250
237
251
250
237
251
250
237
251
250
237
251
250
238
252
251
238
252
251
238
252
251
238
252
251
238
252
251
238
252
251
239
252
251
240
252
252
240
252
252
240
252
252
240
252
252
240
252
252
240
252
252
240
252
252
240
252
252
240
252
252
240
252
252
240
252
252
240
252
252
240
252
252
240
252
252
240
252
252
240
252
252
240
252
252
240
252
252
240
252
252
240
252
252
240
252
252
240
252
252
240
252
252
240
252
252
240
252
252
240
252
252
240
252
252
242
253
250
242
253
250
242
253
251
243
254
252
244
255
253
244
254
254
242
252
253
239
248
250
241
250
253
240
249
252
244
252
254
218
225
233
239
246
251
180
187
198
121
128
145
142
148
165
104
108
125
149
151
164
234
234
246
242
240
247
209
203
209
127
118
124
92
81
84
100
87
88
76
59
59
141
123
122
195
177
175
218
225
226
226
246
248
213
238
240
157
186
190
144
174
178
190
219
223
225
250
254
229
248
255
230
249
255
225
246
252
201
229
233
160
197
198
156
202
201
145
196
195
152
210
217
157
214
221
165
222
227
165
220
225
154
207
210
151
201
204
158
206
208
165
211
212
177
219
218
186
226
224
189
228
226
186
225
220
186
223
219
173
206
204
176
204
205
180
208
209
179
207
208
174
202
203
171
200
204
171
202
205
168
203
207
173
213
216
173
218
221
169
219
220
173
227
229
161
218
221
169
227
229
174
235
235
171
233
233
177
237
239
182
239
245
181
234
243
170
218
229
80
122
134
124
160
170
196
225
233
231
253
255
235
252
254
241
253
252
248
255
251
246
254
251
225
244
251
183
209
214
140
174
179
128
173
175
124
174
176
133
187
188
137
187
188
153
197
198
164
203
205
179
215
216
191
229
229
201
242
241
204
247
245
210
248
248
216
248
251
215
249
250
216
250
250
215
251
251
215
251
251
216
252
252
214
249
248
210
243
242
217
248
247
229
255
254
221
246
243
210
233
231
217
238
236
236
249
247
239
247
247
209
218
218
232
243
243
238
249
250
240
252
254
235
251
254
231
251
251
186
212
216
166
196
201
176
210
215
155
194
199
151
193
200
174
218
224
172
216
219
179
224
227
192
239
243
200
250
254
196
248
255
193
244
254
197
245
254
187
231
239
164
202
211
69
99
106
94
114
121
228
241
246
238
247
253
242
245
248
239
243
244
239
252
252
173
201
205
170
209
213
177
222
227
185
229
236
175
213
221
182
211
218
215
233
239
243
253
254
249
254
254
251
254
253
250
254
250
250
255
253
250
255
254
250
255
254
250
255
254
250
255
254
250
255
254
250
255
254
250
255
254
250
255
254
250
255
254
250
255
254
250
255
254
250
255
254
250
255
254
250
255
254
250
255
254
250
255
254
250
255
254
250
255
254
250
255
254
250
255
254
250
255
254
250
255
254
250
255
254
250
255
254
250
255
254
250
255
254
243
252
251
232
246
244
223
237
235
217
232
229
216
233
230
219
235
233
218
234
233
210
227
226
210
228
227
218
236
237
217
235
236
222
241
243
218
237
240
208
227
230
213
236
241
211
233
239
208
230
236
217
236
242
222
239
245
220
236
242
220
236
242
212
228
233
218
234
240
222
240
246
208
227
234
208
230
236
212
234
240
199
223
228
202
225
226
213
234
236
212
234
235
215
236
238
201
222
224
209
230
232
201
222
224
205
226
228
209
230
232
215
236
238
237
251
250
237
251
250
237
251
250
237
251
250
237
251
250
237
251
250
237
251
250
238
252
251
238
252
251
238
252
251
238
252
251
238
252
251
238
252
251
239
252
251
240
252
252
240
252
252
240
252
252
240
252
252
240
252
252
240
252
252
240
252
252
240
252
252
240
252
252
240
252
252
240
252
252
240
252
252
240
252
252
240
252
252
240
252
252
240
252
252
240
252
252
240
252
252
240
252
252
240
252
252
240
252
252
240
252
252
240
252
252
240
252
252
240
252
252
240
252
252
240
252
252
240
254
250
240
254
250
241
254
251
241
254
252
242
254
253
242
254
254
241
253
254
228
239
242
227
237
240
241
251
255
236
245
252
236
244
248
195
203
212
170
181
195
182
195
216
197
209
229
186
198
216
100
108
124
115
120
135
112
113
125
125
124
133
129
125
131
84
77
82
127
118
119
138
125
126
134
120
119
182
167
165
214
224
227
217
238
243
205
231
236
115
145
151
116
148
154
134
164
171
204
230
237
228
248
255
230
248
254
227
246
251
224
249
250
186
219
219
175
215
212
149
196
192
141
202
208
149
208
214
161
219
225
164
220
225
154
209
212
153
206
209
162
212
214
166
214
214
168
213
211
166
209
206
170
211
209
173
214
209
184
224
219
184
218
216
185
213
214
181
209
210
173
200
203
165
194
198
167
197
200
171
204
207
170
206
210
174
214
217
175
220
223
164
216
219
169
224
227
149
208
210
162
222
224
173
236
236
170
232
232
175
235
238
180
237
243
179
232
241
169
217
228
78
121
133
133
169
179
199
228
236
230
253
255
236
253
255
242
254
253
246
255
251
245
253
249
230
249
253
190
215
221
142
177
181
131
176
178
127
177
179
138
191
192
142
192
194
145
188
190
163
202
204
180
217
217
190
228
227
199
239
238
204
247
246
209
249
249
213
246
249
215
248
249
214
250
250
215
251
251
215
252
252
214
252
251
210
247
245
209
243
242
216
248
247
225
255
252
225
251
249
217
240
238
210
233
231
233
248
246
236
249
247
227
241
240
215
229
228
233
247
248
232
249
250
234
253
254
211
232
236
166
192
197
164
194
199
169
203
210
153
191
199
149
190
198
173
215
223
177
215
219
186
226
230
198
242
245
202
249
254
200
247
255
197
246
255
195
241
251
187
230
239
198
234
242
119
148
156
130
149
156
239
252
253
239
248
253
246
247
251
244
245
246
239
250
251
177
203
206
160
199
204
170
215
222
185
231
239
183
224
233
178
210
219
194
214
221
223
236
240
239
247
248
245
250
249
243
249
245
249
254
252
250
255
254
250
255
254
250
255
254
250
255
254
250
255
254
250
255
254
250
255
254
250
255
254
250
255
254
250
255
254
250
255
254
250
255
254
250
255
254
250
255
254
250
255
254
250
255
254
250
255
254
250
255
254
250
255
254
250
255
254
250
255
254
250
255
254
250
255
254
250
255
254
250
255
254
250
255
254
247
255
254
241
252
250
231
242
240
222
235
233
223
237
234
225
238
237
225
237
237
209
223
222
221
236
235
225
239
241
211
225
227
218
233
236
225
241
244
208
223
226
218
238
242
217
237
242
214
233
238
223
238
244
229
243
249
228
241
247
228
240
246
214
226
232
223
236
243
230
245
251
217
233
239
215
234
240
218
238
243
199
219
223
204
223
226
221
240
241
217
236
238
222
242
245
205
224
228
213
232
237
199
219
223
212
232
236
214
234
238
215
235
239
237
251
250
237
251
250
237
251
250
237
251
250
237
251
250
237
251
250
237
251
250
238
252
251
238
252
251
238
252
251
238
252
251
238
252
251
238
252
251
239
252
252
241
253
253
241
253
253
241
253
253
241
253
253
241
253
253
241
253
253
240
252
252
240
252
252
240
252
252
240
252
252
240
252
252
240
252
252
240
252
252
240
252
252
240
252
252
240
252
252
240
252
252
240
252
252
240
252
252
240
252
252
240
252
252
240
252
252
240
252
252
240
252
252
240
252
252
240
252
252
240
252
252
240
254
250
240
254
250
240
254
250
241
254
252
242
254
254
242
254
254
242
254
255
239
250
253
238
248
253
227
237
244
224
233
242
238
247
253
202
211
221
123
136
152
91
112
135
95
116
137
189
206
227
182
196
214
201
213
229
156
165
178
114
119
130
122
124
132
129
128
132
120
116
118
103
95
96
135
126
126
172
162
160
202
214
218
223
246
250
184
210
217
120
150
158
159
191
199
133
162
171
162
188
198
228
247
251
230
246
254
230
248
252
226
248
248
214
243
241
176
213
208
163
208
200
147
211
216
142
204
210
146
207
212
156
214
219
160
217
220
160
215
218
161
214
215
164
214
214
165
213
211
160
205
203
165
208
205
161
205
199
170
211
206
179
214
212
183
211
212
177
205
208
176
203
207
169
198
202
165
194
198
169
201
205
168
205
209
167
208
212
171
218
220
160
212
215
166
222
225
148
208
210
160
222
224
177
241
241
175
239
239
180
241
243
185
242
248
184
238
246
173
223
233
84
128
139
139
175
185
200
230
237
229
253
255
237
254
255
242
255
254
245
255
250
244
252
248
231
250
255
195
220
226
145
179
184
133
178
181
127
177
179
134
188
189
142
192
194
143
187
188
163
202
204
180
216
217
187
225
225
193
233
232
199
242
241
207
246
246
212
245
248
214
247
248
215
251
251
216
252
252
214
252
252
213
251
251
204
242
240
206
241
240
216
248
247
222
252
249
228
255
253
225
249
248
212
236
234
218
236
233
238
254
252
232
248
247
215
231
230
224
241
241
231
248
251
231
251
253
186
208
213
169
196
202
167
198
205
155
190
197
164
202
211
158
199
208
170
211
220
181
214
219
193
229
233
203
242
247
204
247
253
200
246
254
201
246
255
204
248
255
203
244
250
204
239
248
115
143
150
116
136
143
229
242
248
239
249
255
248
252
255
249
248
249
239
247
250
190
213
218
158
196
202
169
216
223
187
234
244
198
242
249
193
228
236
190
214
221
214
231
235
240
250
251
248
254
252
248
254
250
250
255
253
250
255
254
250
255
254
250
255
254
250
255
254
250
255
254
250
255
254
250
255
254
250
255
254
250
255
254
250
255
254
250
255
254
250
255
254
250
255
254
250
255
254
250
255
254
250
255
254
250
255
254
250
255
254
250
255
254
250
255
254
250
255
254
250
255
254
250
255
254
250
255
254
250
255
254
250
255
254
245
251
250
238
244
243
231
238
237
228
234
233
230
237
236
232
240
239
232
241
241
222
231
231
237
245
245
232
241
244
218
228
231
222
232
235
233
243
247
223
233
237
229
244
247
228
243
246
226
239
243
229
240
245
233
243
247
233
243
246
236
244
247
233
241
245
236
245
249
234
245
248
225
237
242
226
238
243
230
245
249
216
231
235
222
237
242
230
245
250
229
243
249
218
232
238
225
240
245
224
239
245
217
231
237
228
243
249
227
242
248
221
237
243
237
251
250
237
251
250
237
251
250
237
251
250
237
251
250
237
251
250
237
251
250
238
252
251
238
252
251
238
252
251
238
252
251
238
252
251
238
252
251
239
252
252
241
253
253
241
253
253
241
253
253
241
253
253
241
253
253
241
253
253
240
252
252
240
252
252
240
252
252
240
252
252
240
252
252
240
252
252
240
252
252
240
252
252
240
252
252
240
252
252
240
252
252
240
252
252
240
252
252
240
252
252
240
252
252
240
252
252
240
252
252
240
252
252
240
252
252
240
252
252
240
252
252
240
254
250
240
254
250
240
254
250
241
254
252
242
254
254
242
254
254
242
253
255
238
249
253
235
246
251
197
206
214
143
152
161
146
155
165
132
141
151
185
201
217
188
215
238
122
148
171
63
87
109
101
122
142
113
131
149
135
149
164
191
202
210
200
208
215
185
189
194
204
204
208
222
220
221
152
149
149
162
158
156
192
206
212
200
223
231
157
185
195
146
177
187
154
186
197
168
197
208
129
154
164
183
201
212
213
228
235
232
246
248
224
243
243
221
246
243
191
224
217
168
210
201
151
215
220
147
211
216
143
206
211
146
207
211
153
212
215
155
212
214
150
205
206
152
203
202
161
211
209
163
210
207
172
217
214
161
205
199
159
202
196
169
206
204
174
201
205
168
195
199
177
204
208
174
203
207
164
194
199
168
202
206
171
207
211
162
203
207
168
215
219
159
211
214
166
224
226
155
216
218
162
225
226
169
233
233
165
229
229
172
232
235
178
235
241
178
232
241
169
219
229
81
125
136
140
176
186
199
229
237
227
250
255
236
253
255
241
255
254
244
255
250
244
252
249
228
248
254
198
223
228
147
182
186
135
180
182
122
173
175
122
175
176
134
184
185
142
186
188
158
197
199
173
210
210
183
220
220
191
231
230
197
240
238
204
244
243
211
244
247
213
247
248
215
251
251
216
252
252
214
252
252
213
251
250
197
234
232
196
233
231
211
245
244
220
252
248
226
255
253
226
253
251
220
245
242
206
226
223
232
250
249
220
237
236
226
244
244
215
233
234
222
241
243
206
227
229
181
204
209
180
207
213
169
199
207
157
191
201
168
206
215
163
203
214
171
211
222
187
218
223
200
233
238
207
244
249
206
245
252
201
244
253
203
245
255
207
249
255
207
245
252
207
240
249
122
149
157
131
150
157
240
253
254
238
247
251
244
246
249
253
250
252
244
251
253
215
238
243
165
202
208
171
218
227
187
236
246
195
239
250
195
231
241
183
210
217
203
221
225
234
246
247
241
252
247
243
253
247
249
255
253
250
255
254
250
255
254
250
255
254
250
255
254
250
255
254
250
255
254
250
255
254
250
255
254
250
255
254
250
255
254
250
255
254
250
255
254
250
255
254
250
255
254
250
255
254
250
255
254
250
255
254
250
255
254
250
255
254
250
255
254
250
255
254
250
255
254
250
255
254
250
255
254
250
255
254
250
255
254
252
255
254
254
254
254
253
254
254
250
253
253
251
253
253
252
254
254
251
254
254
244
248
249
248
252
253
242
246
249
244
249
252
243
248
251
246
250
253
248
253
254
244
254
254
241
253
254
243
252
252
242
250
250
242
248
249
246
250
251
249
253
254
250
254
254
249
254
255
238
244
245
238
246
246
238
248
248
242
254
254
237
248
252
236
246
251
232
242
247
236
247
250
223
232
240
233
243
252
234
244
252
226
235
244
227
236
245
231
241
249
229
240
248
237
251
250
237
251
250
237
251
250
237
251
250
237
251
250
237
251
250
237
251
250
238
252
251
238
252
251
238
252
251
238
252
251
238
252
251
238
252
251
239
252
252
241
253
253
241
253
253
241
253
253
241
253
253
241
253
253
241
253
253
240
252
252
240
252
252
240
252
252
240
252
252
240
252
252
240
252
252
240
252
252
240
252
252
240
252
252
240
252
252
240
252
252
240
252
252
240
252
252
240
252
252
240
252
252
240
252
252
240
252
252
240
252
252
240
252
252
240
252
252
240
252
252
240
254
250
240
254
250
241
254
250
241
254
252
242
254
253
242
254
254
240
252
254
229
240
245
231
241
246
225
234
242
142
151
160
137
146
156
90
99
109
84
101
117
102
132
157
182
212
231
202
230
250
179
203
223
137
158
176
176
194
210
134
150
161
99
111
120
130
140
144
103
108
110
150
152
153
194
195
194
170
169
168
180
194
202
217
242
248
149
176
186
136
167
178
178
210
221
155
185
196
185
210
222
114
133
144
204
216
225
227
240
244
232
250
250
226
251
247
218
250
241
177
216
207
135
200
205
151
215
220
152
215
219
142
204
208
142
201
204
148
205
207
146
201
202
142
195
194
150
199
197
148
196
193
162
207
204
155
201
195
164
208
202
173
210
208
166
193
197
159
186
190
174
201
205
175
204
208
164
195
199
174
207
212
179
216
220
165
207
211
174
221
225
162
216
219
172
230
232
166
228
230
167
231
232
174
238
239
170
234
234
175
235
238
179
238
243
178
232
240
167
218
228
79
123
134
138
174
184
196
226
234
224
248
253
235
253
255
241
255
254
244
255
250
245
253
249
229
248
253
204
228
230
154
188
193
140
185
188
122
172
174
113
167
168
127
176
178
139
183
184
150
189
191
165
201
202
180
218
218
194
234
233
199
242
240
204
244
243
210
243
246
213
247
248
215
251
251
216
252
252
214
252
252
213
251
250
189
228
226
187
224
222
206
240
239
220
252
249
223
253
250
225
253
250
227
254
251
220
242
239
204
224
222
232
253
251
226
247
246
218
239
240
206
225
227
181
201
205
190
215
219
174
201
208
163
194
202
170
204
213
149
187
196
161
201
212
168
208
218
194
223
228
207
238
243
212
246
252
206
244
251
201
242
251
202
244
255
202
243
253
198
236
247
208
241
250
123
151
158
124
143
150
234
247
252
243
252
255
250
252
254
255
253
254
247
252
255
225
246
249
156
193
199
163
210
219
187
236
246
198
245
253
208
246
255
196
224
231
208
227
231
236
250
251
240
252
248
244
253
249
250
255
254
250
255
254
250
255
254
250
255
254
250
255
254
250
255
254
250
255
254
250
255
254
250
255
254
250
255
254
250
255
254
250
255
254
250
255
254
250
255
254
250
255
254
250
255
254
250
255
254
250
255
254
250
255
254
250
255
254
250
255
254
250
255
254
250
255
254
250
255
254
250
255
254
250
255
254
250
255
254
251
252
251
253
251
251
255
255
255
255
255
255
254
254
254
253
252
253
252
251
253
252
251
253
250
252
253
242
243
247
251
253
255
247
249
252
244
247
252
245
248
253
244
253
254
243
251
251
245
252
252
244
250
249
244
247
247
250
252
252
254
254
254
242
243
243
241
243
243
229
233
232
238
244
243
235
243
243
236
244
244
236
245
247
230
236
244
224
230
238
232
237
246
233
238
247
220
225
234
230
236
245
216
223
232
212
219
228
216
223
232
211
219
228
238
252
251
238
252
251
238
252
251
238
252
251
238
252
251
238
252
251
238
252
251
239
253
252
239
253
252
239
253
252
239
253
252
239
253
252
239
253
252
239
253
252
240
252
252
240
252
252
240
252
252
240
252
252
240
252
252
240
252
252
240
252
252
240
252
252
240
252
252
240
252
252
240
252
252
240
252
252
240
252
252
243
252
252
244
252
252
244
252
252
244
252
252
244
252
252
244
252
252
244
252
252
245
253
253
245
253
253
245
253
253
245
253
253
245
253
253
245
253
253
245
253
253
247
254
251
247
254
250
246
254
249
245
255
248
243
255
247
240
255
247
238
254
248
234
251
250
231
247
253
192
206
221
200
214
236
158
169
199
185
195
230
151
164
201
90
107
145
65
83
119
117
136
169
125
145
175
121
143
169
113
135
159
166
190
211
205
229
246
204
226
246
216
236
246
143
162
183
116
135
157
189
206
229
209
233
245
211
240
247
123
156
162
147
186
194
153
197
204
167
215
223
148
197
205
155
202
210
88
131
142
168
204
216
140
168
184
140
160
177
190
205
222
218
229
247
166
191
201
169
196
206
169
202
211
166
204
212
167
209
218
141
188
197
150
199
207
142
192
200
150
199
206
167
212
218
158
198
205
156
191
197
164
195
202
161
193
198
163
198
201
152
187
190
157
195
197
161
199
201
156
195
197
161
204
205
157
202
203
143
190
191
160
210
210
173
225
225
157
209
209
162
216
216
171
225
225
163
229
229
170
228
232
185
227
234
203
236
245
189
225
233
163
210
217
75
132
135
142
193
197
195
226
231
239
249
254
253
250
254
253
251
254
237
245
245
233
249
249
212
230
233
190
214
215
147
179
180
143
183
182
127
173
171
120
167
165
117
160
159
135
173
173
145
180
180
165
199
199
166
203
203
171
214
213
187
235
233
201
247
245
208
251
248
205
245
243
207
247
245
218
255
254
215
251
249
215
248
247
193
225
224
189
220
219
210
241
240
221
252
251
222
253
252
220
251
250
221
252
251
232
249
247
209
225
224
218
239
241
222
249
251
217
250
253
176
214
222
152
195
202
176
221
229
165
208
215
161
201
207
169
205
210
166
198
202
182
212
213
201
227
230
214
234
246
214
239
246
210
243
245
207
249
246
207
253
251
200
250
251
191
240
248
191
234
249
193
229
248
121
149
169
126
148
163
229
245
253
230
242
246
237
246
246
238
245
244
234
247
246
227
249
249
165
198
199
170
211
213
178
226
228
191
241
244
192
240
244
200
242
245
153
186
190
187
211
215
225
240
245
238
250
251
250
252
252
253
253
253
254
255
255
253
255
255
250
254
253
249
254
253
249
255
254
249
255
254
249
255
254
249
255
254
250
255
254
250
255
254
250
255
254
250
255
254
250
255
254
250
255
254
250
255
254
250
255
254
250
255
254
250
255
254
250
255
254
250
255
254
250
255
254
250
255
254
250
255
254
250
255
254
250
255
254
250
255
254
250
255
254
250
255
254
250
255
254
250
255
254
250
255
254
250
255
254
250
255
254
250
255
254
250
255
254
250
255
254
250
255
254
250
255
254
250
255
254
250
255
254
250
255
254
250
255
254
250
255
254
250
255
254
250
255
254
250
255
254
248
253
252
247
252
251
242
247
246
234
239
238
230
235
234
233
238
237
233
238
238
222
229
232
229
236
239
222
229
232
230
237
240
225
232
235
223
230
233
229
236
239
224
231
234
223
230
233
213
220
223
238
252
251
238
252
251
238
252
251
238
252
251
238
252
251
238
252
251
238
252
251
239
253
252
239
253
252
239
253
252
239
253
252
239
253
252
239
253
252
239
253
252
240
252
252
240
252
252
240
252
252
240
252
252
240
252
252
240
252
252
240
252
252
240
252
252
240
252
252
240
252
252
240
252
252
240
252
252
240
252
252
243
252
252
244
252
252
244
252
252
244
252
252
244
252
252
244
252
252
244
252
252
245
253
253
245
253
253
245
253
253
245
253
253
245
253
253
245
253
253
245
253
253
247
253
252
247
254
251
246
254
250
245
255
248
243
255
248
240
255
247
238
253
250
236
251
251
231
245
250
175
189
204
97
110
133
136
147
177
109
119
154
165
177
212
197
213
247
139
156
189
104
122
152
108
129
157
135
156
182
160
184
205
98
120
140
97
119
138
54
76
94
136
155
174
201
220
241
144
161
183
112
128
151
199
224
235
159
189
195
119
153
160
150
189
197
150
194
201
166
214
222
158
207
215
145
194
202
91
135
146
155
191
199
178
207
215
105
126
142
153
168
186
182
195
213
129
152
162
123
149
159
149
180
189
165
202
210
167
209
218
152
199
207
147
196
204
139
188
196
137
186
192
145
190
197
145
185
193
160
196
203
173
207
213
167
201
206
167
202
205
157
192
195
153
191
193
152
191
193
153
193
195
159
201
203
160
205
206
146
193
194
163
213
213
163
213
213
151
204
204
155
209
209
168
222
222
174
238
238
166
222
225
202
243
250
193
225
234
178
213
222
139
186
193
78
135
140
133
185
188
180
212
216
238
248
253
248
245
251
252
249
252
240
248
249
217
234
234
216
234
237
193
217
218
146
179
179
138
178
178
123
170
168
120
167
165
120
163
162
140
178
178
147
182
182
167
201
201
172
210
210
174
216
215
178
225
224
188
233
232
199
242
239
200
241
239
204
243
241
214
250
248
213
247
246
215
248
247
192
223
222
187
218
217
206
236
236
216
247
246
218
249
248
219
250
249
222
253
252
236
255
254
219
238
237
202
224
225
218
246
248
190
224
228
170
208
215
166
209
216
175
219
226
165
208
215
161
201
207
168
204
209
165
197
200
183
211
212
201
225
229
212
232
243
214
240
246
212
245
247
208
249
247
204
253
250
200
250
251
196
245
252
199
242
255
193
230
248
116
145
165
124
145
160
232
248
255
238
250
254
244
252
253
245
250
249
240
251
250
226
247
248
164
196
198
167
209
211
175
222
224
190
240
243
196
245
249
204
246
249
189
222
226
190
215
219
227
243
246
238
250
253
249
251
251
253
253
253
253
255
255
252
255
255
250
254
253
249
254
253
250
255
254
249
255
254
249
255
254
249
255
254
250
255
254
250
255
254
250
255
254
250
255
254
250
255
254
250
255
254
250
255
254
250
255
254
250
255
254
250
255
254
250
255
254
250
255
254
250
255
254
250
255
254
250
255
254
250
255
254
250
255
254
250
255
254
250
255
254
250
255
254
250
255
254
250
255
254
250
255
254
250
255
254
250
255
254
250
255
254
250
255
254
250
255
254
250
255
254
250
255
254
250
255
254
250
255
254
250
255
254
250
255
254
250
255
254
250
255
254
250
255
254
250
255
254
248
253
252
249
254
253
245
250
249
239
244
243
235
240
239
238
243
242
239
244
244
236
243
246
243
250
253
236
243
246
243
250
253
239
246
249
236
243
246
243
250
252
242
249
252
242
249
251
233
240
243
238
252
251
238
252
251
238
252
251
238
252
251
238
252
251
238
252
251
238
252
251
239
253
252
239
253
252
239
253
252
239
253
252
239
253
252
239
253
252
239
253
252
240
252
252
240
252
252
240
252
252
240
252
252
240
252
252
240
252
252
240
252
252
240
252
252
240
252
252
240
252
252
240
252
252
240
252
252
240
252
252
243
252
252
244
252
252
244
252
252
244
252
252
244
252
252
244
252
252
244
252
252
245
253
253
245
253
253
245
253
253
245
253
253
245
253
253
245
253
253
245
253
253
247
253
252
247
253
252
246
254
250
245
255
249
243
255
249
241
255
249
239
253
250
233
247
248
232
246
252
209
223
237
163
176
199
112
123
152
145
155
189
109
120
155
132
147
178
184
200
228
201
219
241
162
181
206
127
148
169
170
191
210
184
205
223
204
224
242
161
180
198
86
105
123
125
141
162
202
218
239
137
153
175
183
209
219
115
147
153
127
164
170
156
197
205
145
191
198
162
211
217
163
215
221
139
189
197
116
161
172
88
126
138
133
164
177
210
233
244
209
226
240
202
216
233
167
189
196
143
168
176
120
149
158
124
158
167
114
154
162
100
146
154
117
166
174
144
193
200
146
195
201
153
198
205
152
195
202
159
196
204
149
184
190
140
174
179
152
188
191
151
188
190
151
189
191
149
188
190
153
192
194
159
201
203
164
209
210
152
200
201
166
216
216
155
206
206
152
204
204
158
211
211
174
228
228
165
227
228
165
220
223
187
226
234
180
211
220
172
207
215
144
191
197
79
136
141
133
185
188
192
226
230
239
251
254
247
246
251
233
233
237
208
218
219
209
229
228
226
246
249
203
227
229
152
185
186
139
179
179
127
173
172
125
172
170
128
171
170
145
183
183
146
180
181
160
195
196
168
206
208
170
212
213
167
214
215
177
223
222
198
239
237
204
244
242
207
245
243
209
245
244
214
247
246
218
249
248
192
222
222
187
216
216
205
233
233
216
244
244
218
248
248
221
252
251
225
255
254
233
255
255
223
245
244
202
227
228
200
232
234
179
213
218
172
211
216
176
218
225
172
215
222
168
209
215
166
203
209
173
206
211
169
198
202
187
212
215
205
227
231
208
228
240
215
241
248
215
248
250
209
250
248
203
252
249
200
250
251
200
248
254
201
245
255
186
224
242
104
133
153
115
136
151
231
247
255
241
253
255
248
254
254
250
253
253
244
254
254
223
243
244
162
194
195
165
205
207
170
217
220
188
238
241
192
241
245
191
234
237
204
238
242
180
206
211
209
228
232
222
238
241
243
247
248
250
252
252
252
254
254
251
255
254
249
254
253
249
254
253
251
255
255
249
255
254
249
255
254
249
255
254
250
255
254
250
255
254
250
255
254
250
255
254
250
255
254
250
255
254
250
255
254
250
255
254
250
255
254
250
255
254
250
255
254
250
255
254
250
255
254
250
255
254
250
255
254
250
255
254
250
255
254
250
255
254
250
255
254
250
255
254
250
255
254
250
255
254
250
255
254
250
255
254
250
255
254
250
255
254
250
255
254
250
255
254
250
255
254
250
255
254
250
255
254
250
255
254
250
255
254
250
255
254
250
255
254
250
255
254
250
255
254
250
255
254
249
254
253
250
255
254
250
254
254
245
250
249
242
247
246
244
249
248
244
250
250
241
248
250
246
253
255
242
249
252
247
254
254
244
251
254
241
248
250
246
253
254
246
253
254
247
254
255
241
248
250
238
252
251
238
252
251
238
252
251
238
252
251
238
252
251
238
252
251
238
252
251
238
252
251
238
252
251
238
252
251
238
252
251
238
252
251
238
252
251
239
252
251
240
252
252
240
252
252
240
252
252
240
252
252
240
252
252
240
252
252
240
252
252
240
252
252
240
252
252
240
252
252
240
252
252
240
252
252
240
252
252
243
252
252
244
252
252
244
252
252
244
252
252
244
252
252
244
252
252
244
252
252
245
253
253
245
253
253
245
253
253
245
253
253
245
253
253
245
253
253
245
253
253
247
252
253
246
253
252
245
253
252
244
254
251
243
255
250
241
255
251
239
252
251
235
248
250
230
244
250
171
183
199
156
168
191
196
207
235
198
207
239
178
190
219
109
124
150
82
97
122
112
128
151
141
157
178
160
177
195
94
112
129
85
103
119
152
170
186
191
208
225
177
194
210
92
107
126
138
152
174
187
201
224
185
213
223
107
142
148
144
182
188
158
201
208
142
190
197
156
207
213
163
215
222
160
211
218
167
213
222
144
184
196
95
127
140
150
176
190
214
234
243
226
243
254
230
249
255
195
217
221
121
149
157
133
166
174
123
161
169
122
166
173
123
172
178
134
184
190
114
163
169
91
138
145
90
135
142
123
162
170
143
181
189
147
184
188
146
183
185
139
177
179
138
176
178
135
175
177
141
182
184
161
204
205
157
202
203
144
192
193
158
206
207
158
208
208
151
203
203
154
206
206
159
212
212
156
215
216
187
239
242
172
207
215
177
205
214
200
232
237
189
235
240
77
134
139
156
210
215
166
201
206
221
235
242
216
217
223
214
216
220
237
249
249
232
252
252
231
251
254
208
234
236
157
190
191
140
181
180
132
178
176
126
173
171
129
172
172
144
182
183
143
178
181
154
188
191
159
197
199
162
204
205
160
207
208
172
216
216
195
234
232
206
245
243
210
247
245
208
241
240
215
246
245
216
246
245
185
213
213
180
207
207
200
227
227
212
240
240
216
245
245
218
249
248
222
253
252
227
253
253
216
242
243
209
239
240
183
216
219
187
224
229
181
221
226
174
216
222
169
210
217
171
208
215
172
206
211
180
210
215
178
204
208
197
219
222
211
231
235
206
227
238
215
243
249
217
251
253
209
251
248
201
251
247
199
251
252
199
249
255
197
242
253
178
216
235
94
123
143
106
129
144
227
243
251
239
252
255
248
253
253
252
253
253
247
255
255
223
241
242
164
193
195
164
202
205
169
215
218
193
241
243
201
249
252
195
239
242
214
249
250
195
224
227
205
228
231
230
249
252
244
249
249
249
252
251
250
255
254
250
255
254
249
254
253
250
255
254
251
255
255
250
255
254
250
255
254
250
255
254
249
255
254
250
255
254
250
255
254
250
255
254
250
255
254
250
255
254
250
255
254
250
255
254
250
255
254
250
255
254
250
255
254
250
255
254
250
255
254
250
255
254
250
255
254
250
255
254
250
255
254
250
255
254
250
255
254
250
255
254
250
255
254
250
255
254
250
255
254
250
255
254
250
255
254
250
255
254
250
255
254
250
255
254
250
255
254
250
255
254
250
255
254
250
255
254
250
255
254
250
255
254
250
255
254
250
255
254
250
255
254
250
255
254
248
253
252
250
255
254
251
255
255
249
254
253
248
253
252
247
252
251
247
252
252
244
249
250
247
252
253
244
249
250
247
252
253
245
250
251
243
248
249
245
250
251
245
250
251
246
251
252
241
246
247
238
252
251
238
252
251
238
252
251
238
252
251
238
252
251
238
252
251
238
252
251
238
252
251
238
252
251
238
252
251
238
252
251
238
252
251
238
252
251
239
252
251
240
252
252
240
252
252
240
252
252
240
252
252
240
252
252
240
252
252
240
252
252
240
252
252
240
252
252
240
252
252
240
252
252
240
252
252
240
252
252
243
252
252
244
252
252
244
252
252
244
252
252
244
252
252
244
252
252
244
252
252
245
253
253
245
253
253
245
253
253
245
253
253
245
253
253
245
253
253
245
253
253
247
252
253
246
252
253
245
253
252
244
254
252
243
254
251
241
254
252
239
252
252
230
243
246
229
242
249
189
201
215
121
132
154
106
117
145
127
137
167
189
200
228
196
210
229
142
158
175
159
175
191
103
119
134
109
124
138
112
127
139
111
127
139
89
105
117
122
137
152
216
230
238
163
177
196
90
105
125
124
138
160
143
173
184
115
153
159
147
188
196
149
195
202
139
189
195
153
207
212
159
214
220
172
225
231
183
231
239
162
206
214
153
189
200
93
123
136
151
175
190
215
237
250
231
248
253
217
237
242
165
190
197
136
166
172
106
142
149
125
167
174
115
161
168
137
185
191
136
185
191
127
175
181
124
171
177
125
169
176
122
164
171
110
149
155
97
135
137
119
157
160
150
189
191
148
187
190
125
166
169
122
165
167
139
184
185
147
194
196
138
186
187
141
191
191
137
187
188
154
205
206
161
213
213
174
229
231
170
217
221
192
225
233
216
241
251
165
196
205
111
155
164
92
148
155
142
196
201
171
207
213
213
229
235
231
235
241
247
251
253
240
254
254
215
239
236
228
248
251
206
232
234
154
188
189
135
177
177
132
179
177
121
170
168
122
165
166
135
174
176
143
180
182
159
194
197
160
198
200
159
202
203
157
204
205
165
209
209
184
222
221
201
238
236
209
242
242
206
238
237
216
245
245
209
236
236
174
199
200
171
197
197
193
219
220
209
236
236
213
242
242
214
245
245
217
248
247
223
254
254
207
240
241
194
230
231
181
217
220
188
228
231
182
222
227
170
210
215
168
207
212
172
207
213
175
206
212
185
213
217
187
209
214
205
224
227
213
232
236
205
229
239
217
245
250
217
252
254
207
251
248
200
250
246
198
250
252
198
249
255
196
242
253
179
217
236
95
126
145
108
131
146
228
245
252
239
253
255
249
253
253
254
253
253
249
253
254
227
242
244
170
196
199
164
199
202
171
215
218
179
227
230
192
240
243
194
239
241
204
244
246
199
232
235
185
212
215
213
236
238
241
248
248
247
252
251
249
254
253
249
254
253
249
254
253
250
255
254
251
255
255
250
255
254
250
255
254
250
255
254
249
255
254
249
255
254
249
255
254
249
255
254
250
255
254
250
255
254
250
255
254
250
255
254
250
255
254
250
255
254
250
255
254
250
255
254
250
255
254
250
255
254
250
255
254
250
255
254
250
255
254
250
255
254
250
255
254
250
255
254
250
255
254
250
255
254
250
255
254
250
255
254
250
255
254
250
255
254
250
255
254
250
255
254
250
255
254
250
255
254
250
255
254
250
255
254
250
255
254
250
255
254
250
255
254
250
255
254
250
255
254
250
255
254
248
253
252
249
254
253
251
255
255
250
255
254
250
255
254
249
254
253
249
254
253
247
252
253
248
253
254
247
252
253
248
253
254
248
253
254
247
252
253
247
252
253
246
251
252
248
253
253
245
250
251
238
252
251
238
252
251
238
252
251
238
252
251
238
252
251
238
252
251
238
252
251
237
251
250
237
251
250
237
251
250
237
251
250
237
251
250
237
251
250
238
251
251
240
252
252
240
252
252
240
252
252
240
252
252
240
252
252
240
252
252
240
252
252
240
252
252
240
252
252
240
252
252
240
252
252
240
252
252
240
252
252
243
252
252
244
252
252
244
252
252
244
252
252
244
252
252
244
252
252
244
252
252
245
253
253
245
253
253
245
253
253
245
253
253
245
253
253
245
253
253
245
253
253
245
252
255
245
252
254
245
253
253
244
253
253
243
254
252
242
253
253
240
252
253
237
249
253
227
239
248
157
167
182
153
163
182
128
136
163
99
107
133
93
103
126
148
164
176
118
134
146
121
135
144
200
215
223
232
247
252
236
251
254
225
239
247
157
170
180
108
121
134
145
158
174
191
205
222
164
178
197
103
116
136
117
149
160
121
161
169
140
185
192
138
185
192
138
189
195
155
210
215
160
216
221
186
241
246
177
228
234
173
218
225
158
197
206
120
152
163
80
108
119
186
210
219
223
238
245
219
237
242
214
236
240
152
180
187
136
170
176
145
184
191
132
176
183
123
169
176
121
169
175
115
163
169
120
168
174
124
170
177
133
178
184
145
187
192
138
175
179
138
176
180
140
178
182
125
164
168
107
149
152
107
150
153
118
163
166
127
172
175
112
159
162
121
170
172
125
174
176
144
194
196
145
195
197
158
210
213
160
203
208
213
242
250
226
248
255
186
216
223
127
171
182
119
174
184
147
202
209
154
191
199
220
238
245
240
246
252
238
244
247
232
248
248
220
246
243
229
249
252
204
229
232
150
184
187
133
175
176
135
183
184
122
170
171
118
162
164
129
169
171
147
183
186
166
201
204
165
204
206
161
205
206
156
205
205
162
206
206
178
215
215
196
232
232
210
241
242
210
239
240
220
246
248
201
224
226
166
189
191
169
191
193
191
216
218
208
234
236
213
242
243
215
246
247
218
249
250
215
252
252
197
237
239
172
212
214
188
229
231
180
221
224
177
218
222
174
212
217
172
208
213
176
207
213
179
207
212
192
215
220
195
214
218
210
227
230
214
230
234
209
232
243
218
246
251
216
251
253
207
250
248
200
250
246
198
250
251
198
248
255
198
243
255
184
222
241
103
134
153
114
137
152
230
248
255
240
253
255
249
253
254
255
252
253
250
252
253
233
246
248
177
202
204
161
195
198
172
213
217
179
226
230
199
247
249
206
253
254
207
249
251
211
247
248
184
215
217
189
217
218
234
245
244
244
251
250
247
253
252
248
254
253
248
254
253
250
255
254
251
255
255
250
255
254
250
255
254
250
255
254
249
255
254
249
255
254
249
255
254
249
255
254
250
255
254
250
255
254
250
255
254
250
255
254
250
255
254
250
255
254
250
255
254
250
255
254
250
255
254
250
255
254
250
255
254
250
255
254
250
255
254
250
255
254
250
255
254
250
255
254
250
255
254
250
255
254
250
255
254
250
255
254
250
255
254
250
255
254
250
255
254
250
255
254
250
255
254
250
255
254
250
255
254
250
255
254
250
255
254
250
255
254
250
255
254
250
255
254
250
255
254
250
255
254
248
253
252
249
254
253
249
254
253
250
255
254
251
255
255
250
255
254
250
255
254
248
253
254
248
253
254
248
253
254
248
252
253
249
254
255
249
253
254
247
252
253
248
253
254
250
254
255
249
254
255
238
252
251
238
252
251
238
252
251
238
252
251
238
252
251
238
252
251
238
252
251
237
251
250
237
251
250
237
251
250
237
251
250
237
251
250
237
251
250
238
251
251
240
252
252
240
252
252
240
252
252
240
252
252
240
252
252
240
252
252
240
252
252
240
252
252
240
252
252
240
252
252
240
252
252
240
252
252
240
252
252
243
252
252
244
252
252
244
252
252
244
252
252
244
252
252
244
252
252
244
252
252
245
253
253
245
253
253
245
253
253
245
253
253
245
253
253
245
253
253
245
253
253
245
252
255
245
252
255
245
252
254
244
253
254
243
253
253
243
253
254
238
250
253
231
242
247
195
204
214
179
187
202
195
204
217
185
192
215
199
206
225
102
112
131
131
147
153
180
194
201
229
242
244
236
248
252
228
240
244
239
250
252
238
249
252
231
242
249
156
167
178
91
103
116
131
144
158
190
203
218
205
218
233
180
214
222
126
171
178
139
185
192
136
186
192
139
193
198
157
212
217
162
218
223
169
224
229
172
223
228
195
241
244
175
216
223
151
186
194
91
122
130
91
119
129
212
226
233
227
244
249
220
241
248
189
215
221
153
184
190
137
174
180
134
176
183
135
180
187
130
178
184
126
174
180
132
180
186
116
164
170
112
160
166
129
172
178
133
172
175
143
182
186
139
178
182
137
178
181
143
185
188
142
185
188
142
186
189
136
181
184
101
148
150
87
135
137
100
148
150
125
174
176
132
181
183
132
182
184
155
195
200
220
246
251
218
238
248
155
183
196
97
141
152
103
160
170
103
158
168
149
189
198
206
226
234
221
228
233
229
237
238
227
246
244
226
252
250
229
249
253
199
225
228
142
177
179
126
168
170
136
184
185
123
171
172
120
165
166
133
173
175
146
182
185
160
196
199
160
199
201
160
205
206
159
207
208
164
208
208
177
213
213
195
229
229
209
240
241
210
238
239
218
242
244
185
207
209
156
177
179
167
188
190
187
211
213
202
229
230
209
238
239
213
244
245
217
250
250
195
239
242
181
227
230
175
220
223
188
231
235
180
223
226
178
219
222
185
222
226
184
217
222
186
214
219
188
211
217
201
221
226
205
222
225
215
229
233
214
228
233
212
236
246
217
246
252
214
250
252
206
249
247
200
250
246
197
249
251
195
246
253
195
242
255
185
224
243
105
137
156
114
138
152
228
246
253
238
252
255
248
254
255
255
251
252
250
250
251
239
250
251
183
205
208
157
189
193
170
211
215
173
220
224
188
236
240
201
248
251
198
241
244
207
245
247
194
228
229
178
209
210
228
243
241
240
251
249
245
254
252
246
254
253
248
254
253
249
255
254
251
255
255
251
255
254
250
255
254
250
255
254
249
255
254
249
255
254
248
255
254
248
255
254
250
255
254
250
255
254
250
255
254
250
255
254
250
255
254
250
255
254
250
255
254
250
255
254
250
255
254
250
255
254
250
255
254
250
255
254
250
255
254
250
255
254
250
255
254
250
255
254
250
255
254
250
255
254
250
255
254
250
255
254
250
255
254
250
255
254
250
255
254
250
255
254
250
255
254
250
255
254
250
255
254
250
255
254
250
255
254
250
255
254
250
255
254
250
255
254
250
255
254
250
255
254
250
255
254
249
254
253
249
254
253
250
255
254
251
255
255
251
255
255
250
255
254
248
252
253
247
251
252
249
253
254
247
251
252
248
253
253
249
253
254
246
250
251
248
252
253
250
254
254
250
254
255
238
252
251
238
252
251
238
252
251
238
252
251
238
252
251
238
252
251
238
252
251
237
251
250
237
251
250
237
251
250
237
251
250
237
251
250
237
251
250
238
252
251
240
252
252
240
252
252
240
252
252
240
252
252
240
252
252
240
252
252
240
252
252
240
252
252
240
252
252
240
252
252
240
252
252
240
252
252
240
252
252
243
252
252
244
252
252
244
252
252
244
252
252
244
252
252
244
252
252
244
252
252
244
252
252
244
252
252
244
252
252
245
253
253
245
253
253
245
253
253
245
253
253
243
250
253
245
252
255
245
252
254
242
250
253
235
244
246
238
248
250
242
253
255
230
240
245
170
179
188
135
144
156
106
113
130
130
136
156
181
187
207
148
157
172
204
219
221
231
245
246
227
240
241
242
253
253
240
250
252
243
252
253
242
251
254
232
241
247
235
245
253
137
148
160
101
112
127
105
118
136
144
159
177
161
198
207
123
169
176
141
189
195
138
189
195
142
195
201
158
213
218
162
218
223
163
219
224
177
228
233
182
229
234
186
229
235
134
172
179
149
183
191
105
136
144
127
141
148
205
222
227
221
240
247
226
250
254
153
183
189
145
181
187
156
196
201
134
177
184
135
181
188
144
192
198
153
201
207
132
180
186
116
164
171
124
168
174
130
170
174
132
173
177
122
163
166
123
165
169
135
178
182
135
178
182
132
177
180
139
184
187
139
184
187
134
181
184
131
178
181
128
175
178
113
162
164
99
146
149
123
161
166
177
201
209
197
215
229
146
173
188
104
148
161
103
161
172
104
160
171
154
194
204
198
218
226
193
200
207
215
224
226
226
245
243
214
244
238
223
245
249
192
219
223
138
173
176
121
164
166
133
180
181
120
168
170
124
169
171
140
179
182
145
182
185
153
189
193
154
193
196
158
202
204
160
208
210
167
211
212
178
215
216
189
223
224
204
235
237
209
236
238
210
232
235
166
186
189
144
165
168
163
184
187
182
205
208
192
220
222
199
230
232
206
239
240
207
243
244
173
222
226
169
221
224
185
234
238
179
226
229
184
228
231
184
223
227
192
227
231
191
221
225
195
221
225
199
219
224
208
225
229
210
225
228
219
231
235
220
233
238
213
238
248
215
245
251
212
248
250
204
249
246
199
250
246
195
249
250
193
245
252
193
240
253
185
224
243
103
135
154
112
138
152
223
241
249
235
250
254
247
253
254
254
250
251
249
250
251
240
250
251
191
212
215
151
183
187
170
209
213
172
218
222
185
233
237
203
250
253
201
245
248
212
251
252
214
251
251
190
225
225
213
230
228
240
252
251
242
254
252
244
254
253
247
253
252
249
255
254
249
252
252
252
254
254
251
254
254
250
255
254
249
255
254
249
255
254
247
255
254
248
255
254
250
255
254
250
255
254
250
255
254
250
255
254
250
255
254
250
255
254
250
255
254
250
255
254
250
255
254
250
255
254
250
255
254
250
255
254
250
255
254
250
255
254
250
255
254
250
255
254
250
255
254
250
255
254
250
255
254
250
255
254
250
255
254
250
255
254
250
255
254
250
255
254
250
255
254
250
255
254
250
255
254
250
255
254
250
255
254
250
255
254
250
255
254
250
255
254
250
255
254
250
255
254
251
255
255
250
255
254
249
254
253
250
255
254
251
255
255
251
255
255
251
255
255
249
254
253
248
253
252
250
255
254
248
253
252
249
254
253
249
254
253
247
252
251
249
254
253
250
255
254
251
255
255
237
251
250
238
252
251
238
252
251
239
253
252
238
252
251
238
252
251
237
251
250
238
252
251
238
252
251
238
252
251
238
252
251
238
252
251
238
252
251
239
252
251
240
252
252
240
252
252
240
252
252
240
252
252
240
252
252
240
252
252
240
252
252
240
252
252
240
252
252
240
252
252
240
252
252
240
252
252
240
252
252
243
252
252
244
252
252
244
252
252
244
252
252
244
252
252
244
252
252
244
252
252
243
251
251
243
251
251
243
251
251
244
252
252
245
253
253
245
253
253
245
253
253
241
248
250
239
247
249
244
252
253
238
247
249
205
214
217
212
221
224
234
243
246
190
199
204
147
156
165
176
184
195
138
145
158
109
116
132
174
180
197
229
238
247
237
251
249
238
251
250
240
252
250
243
253
251
245
254
252
247
254
253
246
253
254
237
245
248
240
249
254
220
231
239
156
169
182
106
120
136
95
111
127
80
119
128
105
153
159
138
187
193
139
190
196
142
197
202
158
214
219
167
222
227
175
230
234
174
226
229
187
234
238
186
230
234
176
216
220
120
155
160
137
170
175
95
110
118
139
156
164
210
230
238
221
246
251
194
222
228
144
177
183
143
181
186
144
185
191
138
182
189
141
188
195
145
193
199
144
192
199
141
189
197
138
183
190
133
174
179
126
167
172
127
168
173
126
168
173
126
168
173
133
175
180
127
171
175
130
175
179
135
180
184
136
181
185
123
169
173
136
182
186
146
193
197
133
178
181
117
153
157
148
171
179
200
218
230
151
178
193
104
148
163
104
162
175
120
178
190
144
185
195
228
248
254
237
245
252
229
239
241
218
237
235
211
240
235
218
239
245
189
216
220
142
177
180
125
168
170
136
184
185
119
168
170
129
173
176
143
183
186
148
186
190
156
193
197
159
198
202
156
200
203
155
205
207
164
209
211
178
215
218
180
215
218
198
228
232
215
241
245
201
222
227
149
169
174
140
160
165
167
187
192
184
207
211
188
217
221
195
229
232
197
234
237
186
225
227
164
218
222
172
229
234
177
230
235
172
222
226
177
221
225
185
224
228
189
222
225
188
216
219
198
221
224
208
226
229
210
225
228
208
221
225
217
228
232
228
242
247
214
239
250
213
243
249
209
246
247
202
247
245
196
247
243
193
247
248
191
245
252
193
241
254
186
226
244
98
132
151
119
145
159
220
239
247
235
251
254
245
250
252
254
250
251
253
253
254
239
249
251
206
225
228
147
177
181
167
205
208
169
213
217
184
231
235
201
248
251
203
248
250
210
253
253
207
246
246
184
221
221
187
207
205
236
250
249
239
252
251
240
251
249
245
253
252
250
255
254
247
249
249
252
254
254
252
254
254
250
255
254
249
255
254
247
255
254
247
255
254
247
255
254
250
255
254
250
255
254
250
255
254
250
255
254
250
255
254
250
255
254
250
255
254
250
255
254
250
255
254
250
255
254
250
255
254
250
255
254
250
255
254
250
255
254
250
255
254
250
255
254
250
255
254
250
255
254
250
255
254
250
255
254
250
255
254
250
255
254
250
255
254
250
255
254
250
255
254
250
255
254
250
255
254
250
255
254
250
255
254
250
255
254
250
255
254
250
255
254
250
255
254
250
255
254
250
255
254
250
255
254
250
255
254
250
255
254
250
255
254
250
255
254
250
255
254
250
255
254
250
255
254
250
255
254
250
255
254
250
255
254
250
255
254
250
255
254
250
255
254
250
255
254
250
255
254
237
251
250
238
252
251
238
252
251
239
253
252
238
252
251
238
252
251
237
251
250
238
252
251
238
252
251
238
252
251
238
252
251
238
252
251
238
252
251
239
252
251
240
252
252
240
252
252
240
252
252
240
252
252
240
252
252
240
252
252
240
252
252
240
252
252
240
252
252
240
252
252
240
252
252
240
252
252
240
252
252
243
252
252
244
252
252
244
252
252
244
252
252
244
252
252
244
252
252
244
252
252
243
251
251
243
251
251
243
251
251
244
252
252
245
253
253
245
253
253
245
253
253
244
252
252
235
243
246
245
254
255
242
251
252
198
207
210
194
203
206
216
225
228
151
159
164
109
117
124
136
143
152
180
187
195
194
201
212
233
240
250
238
248
251
237
251
249
239
252
250
242
253
250
245
254
251
246
254
251
248
254
253
248
254
253
242
249
251
240
250
254
237
249
253
218
233
243
163
180
192
93
111
125
100
140
148
121
169
175
136
187
193
150
202
208
146
200
205
154
209
214
168
223
226
173
227
230
179
230
233
185
232
236
190
233
237
191
230
235
144
181
185
121
156
160
145
162
170
106
125
133
161
182
190
212
236
242
220
247
254
173
204
211
133
168
174
150
188
194
151
193
199
140
184
191
144
191
197
139
186
193
137
185
193
149
194
201
150
192
197
146
188
193
136
178
183
124
166
171
121
163
168
124
166
171
124
168
173
124
169
173
117
162
166
120
165
169
136
181
185
141
186
190
139
184
188
145
189
191
175
210
214
216
238
246
227
246
255
160
187
202
117
161
177
126
183
199
124
183
196
144
184
196
226
246
254
239
246
253
241
250
251
234
251
250
226
252
248
221
242
248
189
215
220
135
170
174
123
166
169
144
193
195
123
172
174
120
167
169
141
182
186
148
185
189
153
190
194
157
198
201
158
204
207
153
203
205
157
202
205
164
203
205
174
210
213
190
221
224
208
234
239
184
206
211
136
156
161
141
161
166
162
183
188
177
203
207
188
219
222
189
225
228
179
220
222
164
207
208
171
229
235
178
238
245
177
233
238
173
224
229
179
224
227
186
225
228
187
219
221
198
223
225
202
223
224
207
225
227
211
225
228
211
223
226
215
227
231
222
236
241
216
242
253
214
245
251
208
247
248
201
247
244
194
248
243
192
247
248
191
245
252
189
238
252
176
218
236
91
125
144
119
145
159
222
242
249
233
250
253
243
249
251
255
253
253
252
254
254
243
252
255
213
232
235
153
182
186
160
197
201
166
208
213
182
228
232
200
247
249
204
249
251
208
251
252
210
250
250
203
241
241
193
215
213
206
226
223
234
250
248
235
247
246
245
254
252
246
251
250
248
250
250
252
254
254
252
254
254
251
254
254
249
255
254
247
255
254
246
255
254
246
255
254
250
255
254
250
255
254
250
255
254
250
255
254
250
255
254
250
255
254
250
255
254
250
255
254
250
255
254
250
255
254
250
255
254
250
255
254
250
255
254
250
255
254
250
255
254
250
255
254
250
255
254
250
255
254
250
255
254
250
255
254
250
255
254
250
255
254
250
255
254
250
255
254
250
255
254
250
255
254
250
255
254
250
255
254
250
255
254
250
255
254
250
255
254
250
255
254
250
255
254
250
255
254
250
255
254
250
255
254
250
255
254
250
255
254
250
255
254
250
255
254
250
255
254
251
255
254
251
255
254
251
255
254
251
255
254
251
255
254
251
255
254
251
255
254
251
255
254
251
255
254
251
255
254
237
251
250
238
252
251
238
252
251
239
253
252
238
252
251
238
252
251
237
251
250
238
252
251
238
252
251
238
252
251
238
252
251
238
252
251
238
252
251
239
252
251
240
252
252
240
252
252
240
252
252
240
252
252
240
252
252
240
252
252
240
252
252
240
252
252
240
252
252
240
252
252
240
252
252
240
252
252
240
252
252
243
252
252
244
252
252
244
252
252
244
252
252
244
252
252
244
252
252
244
252
252
243
251
251
243
251
251
243
251
251
244
252
252
245
253
253
245
253
253
245
253
253
242
251
251
243
253
254
241
250
251
242
251
252
231
241
242
227
236
238
215
224
226
198
206
210
191
199
202
205
213
217
238
245
248
240
246
252
239
245
251
237
247
251
238
253
250
239
253
250
242
253
250
245
254
251
248
254
252
248
254
252
246
252
251
244
252
252
241
252
255
237
251
255
226
243
250
157
177
185
84
104
116
119
159
168
136
183
191
133
183
190
155
206
212
146
199
205
148
202
207
164
218
221
171
224
227
183
233
235
184
231
234
195
237
240
202
242
245
175
213
216
114
150
154
142
161
171
123
144
153
111
134
142
177
202
206
216
244
250
208
237
241
139
173
179
148
184
190
158
197
203
149
190
198
151
194
202
141
186
193
135
181
189
147
192
199
152
195
201
152
195
201
145
187
193
139
182
188
136
179
185
127
170
176
124
167
173
124
168
173
110
154
159
102
146
151
133
176
182
136
180
185
140
184
189
141
185
187
173
209
213
219
242
248
228
247
255
162
190
203
115
161
177
139
198
214
111
169
184
133
174
187
221
240
252
240
246
253
246
254
255
239
255
253
229
253
248
230
251
255
198
225
229
141
176
181
126
169
172
143
191
193
126
174
176
121
167
170
141
182
185
149
186
191
149
186
190
152
192
196
158
204
207
151
200
203
152
198
201
158
199
201
167
204
207
181
213
216
196
223
228
159
182
187
122
143
148
141
161
167
153
176
181
168
196
201
180
213
216
166
206
209
157
201
203
167
213
215
168
230
237
170
232
240
169
227
234
171
223
228
183
227
231
193
229
232
195
225
226
203
225
227
203
221
222
205
221
222
208
222
224
210
223
225
214
226
230
220
235
240
218
245
255
215
247
253
208
247
248
199
247
243
193
247
242
192
248
249
192
246
253
186
235
250
165
207
225
77
111
130
109
136
150
217
238
246
230
248
252
243
249
251
254
253
253
249
251
252
242
252
254
218
236
239
159
187
191
158
194
198
165
206
210
179
223
227
195
242
244
204
248
250
206
248
249
210
250
250
215
253
253
195
220
217
187
208
205
230
248
246
238
251
250
243
252
251
242
248
247
245
248
247
253
254
254
253
254
254
251
254
254
249
255
254
247
255
254
245
255
254
245
255
254
250
255
254
250
255
254
250
255
254
250
255
254
250
255
254
250
255
254
250
255
254
250
255
254
250
255
254
250
255
254
250
255
254
250
255
254
250
255
254
250
255
254
250
255
254
250
255
254
250
255
254
250
255
254
250
255
254
250
255
254
250
255
254
250
255
254
250
255
254
250
255
254
250
255
254
250
255
254
250
255
254
250
255
254
250
255
254
250
255
254
250
255
254
250
255
254
250
255
254
250
255
254
250
255
254
250
255
254
250
255
254
250
255
254
250
255
254
250
255
254
250
255
254
252
255
253
252
255
253
252
255
253
252
255
253
252
255
253
252
255
253
252
255
253
252
255
253
252
255
253
252
255
253
237
251
250
238
252
251
238
252
251
239
253
252
238
252
251
238
252
251
237
251
250
238
252
251
238
252
251
238
252
251
238
252
251
238
252
251
238
252
251
239
252
251
240
252
252
240
252
252
240
252
252
240
252
252
240
252
252
240
252
252
240
252
252
240
252
252
240
252
252
240
252
252
240
252
252
240
252
252
240
252
252
243
252
252
244
252
252
244
252
252
244
252
252
244
252
252
244
252
252
244
252
252
243
251
251
243
251
251
243
251
251
244
252
252
245
253
253
245
253
253
245
253
253
238
249
248
244
254
254
239
249
249
238
248
248
241
251
251
240
249
249
232
240
240
242
249
251
242
250
251
243
250
251
240
246
248
247
252
253
237
242
245
243
252
253
238
253
252
240
253
252
243
254
252
246
254
252
248
255
252
249
254
252
246
252
250
246
254
253
240
251
252
230
245
250
213
232
236
129
151
159
90
114
124
122
163
172
138
185
193
128
177
184
150
200
206
148
199
205
155
207
211
166
218
221
170
220
223
182
230
232
186
231
233
198
240
242
203
242
244
200
238
239
138
174
176
118
140
151
127
151
161
103
128
138
112
138
147
192
220
227
206
234
238
172
203
209
143
176
182
149
185
192
157
195
203
151
191
199
143
186
194
137
181
189
129
174
181
140
184
191
157
201
208
154
198
205
143
187
194
143
187
194
142
186
193
139
182
189
138
180
187
121
163
170
95
137
144
119
161
168
116
158
165
126
168
175
136
180
182
182
219
223
224
248
253
216
236
246
157
187
202
110
156
174
130
190
207
93
152
168
125
165
180
221
240
253
242
247
254
247
253
254
239
253
250
227
251
244
227
250
254
197
225
229
147
183
187
132
176
179
137
186
188
128
178
180
130
176
180
141
182
186
150
188
193
145
183
188
143
183
188
152
197
201
150
199
203
149
197
200
158
200
203
157
196
200
170
203
208
176
205
210
133
157
163
117
138
144
136
157
163
148
173
179
161
190
195
159
195
199
146
188
191
152
200
202
181
231
233
166
231
239
166
230
239
169
228
236
174
225
231
185
228
232
196
230
233
201
228
230
206
226
227
206
223
223
207
221
221
206
220
221
206
220
222
214
227
231
224
240
244
220
247
255
216
248
254
208
247
248
198
246
243
192
247
242
192
249
249
193
248
254
190
240
252
167
210
228
79
114
133
109
136
150
214
236
243
232
251
254
245
252
253
252
252
252
246
250
251
238
250
252
217
237
239
161
189
193
161
197
201
168
208
212
176
219
224
191
235
238
203
246
248
206
247
249
209
247
248
216
252
252
218
246
242
192
215
212
207
226
223
233
248
246
242
251
250
248
253
253
243
245
245
254
254
254
253
254
254
251
254
254
249
255
254
247
255
254
245
255
254
244
255
254
250
255
254
250
255
254
250
255
254
250
255
254
250
255
254
250
255
254
250
255
254
250
255
254
250
255
254
250
255
254
250
255
254
250
255
254
250
255
254
250
255
254
250
255
254
250
255
254
250
255
254
250
255
254
250
255
254
250
255
254
250
255
254
250
255
254
250
255
254
250
255
254
250
255
254
250
255
254
250
255
254
250
255
254
250
255
254
250
255
254
250
255
254
250
255
254
250
255
254
250
255
254
250
255
254
250
255
254
250
255
254
250
255
254
250
255
254
250
255
254
250
255
254
252
255
253
252
255
253
252
255
253
252
255
253
252
255
253
252
255
253
252
255
253
252
255
253
252
255
253
252
255
253
237
251
250
238
252
251
238
252
251
239
253
252
238
252
251
238
252
251
237
251
250
238
252
251
238
252
251
238
252
251
238
252
251
238
252
251
238
252
251
239
252
251
240
252
252
240
252
252
240
252
252
240
252
252
240
252
252
240
252
252
240
252
252
240
252
252
240
252
252
240
252
252
240
252
252
240
252
252
240
252
252
243
252
252
244
252
252
244
252
252
244
252
252
244
252
252
244
252
252
244
252
252
243
251
251
243
251
251
243
251
251
244
252
252
245
253
253
245
253
253
245
253
253
241
252
250
243
254
252
244
254
253
240
250
249
238
248
247
238
246
246
245
253
253
243
251
250
242
249
249
246
252
252
241
247
246
247
253
252
239
245
244
243
252
252
238
253
254
240
253
253
242
254
253
246
254
253
248
254
252
249
254
252
249
254
253
247
255
254
240
251
252
229
246
249
196
216
220
103
128
134
95
123
130
117
158
167
137
184
192
131
178
186
146
195
201
152
201
207
165
214
218
168
218
221
170
218
221
180
226
229
189
232
234
200
241
243
198
237
239
211
249
249
176
211
212
122
148
159
114
140
150
127
154
164
92
119
129
125
152
161
193
222
229
207
236
241
157
189
195
143
177
184
160
195
204
147
185
193
148
188
196
149
190
198
133
175
184
141
185
192
145
189
196
143
187
194
144
188
195
147
191
198
144
188
195
140
183
190
145
187
194
138
180
187
124
166
173
136
178
185
115
157
164
103
145
152
105
150
152
170
207
210
224
249
253
213
233
245
158
188
206
116
162
182
136
196
215
92
150
167
126
166
182
224
243
255
244
248
255
247
250
252
241
253
250
232
253
247
225
248
252
190
218
224
146
183
187
141
186
189
137
187
189
129
180
182
133
179
183
139
181
186
150
188
193
144
182
187
137
177
182
142
189
193
146
197
200
148
197
200
161
206
209
153
194
197
161
197
201
155
184
190
118
143
149
122
145
151
130
153
159
147
174
180
156
187
192
139
178
182
146
192
195
169
221
223
176
231
232
161
227
236
164
229
239
170
229
238
176
227
234
184
225
231
194
227
231
202
228
229
213
233
232
214
229
228
213
227
226
209
222
223
206
220
222
213
230
232
226
244
248
218
245
255
215
248
253
208
247
248
199
247
243
192
247
242
191
249
249
193
248
254
193
244
255
178
222
240
96
131
150
121
148
162
217
239
246
233
252
254
245
254
254
251
253
253
247
253
253
237
250
252
216
236
238
159
188
192
163
198
202
171
210
215
177
219
224
189
232
235
204
246
248
210
250
252
210
249
250
214
251
251
215
243
240
199
223
219
193
213
210
230
246
244
237
247
246
248
253
253
242
244
244
254
254
254
253
254
254
251
254
254
249
255
254
247
255
254
244
255
254
244
255
254
250
255
254
250
255
254
250
255
254
250
255
254
250
255
254
250
255
254
250
255
254
250
255
254
250
255
254
250
255
254
250
255
254
250
255
254
250
255
254
250
255
254
250
255
254
250
255
254
250
255
254
250
255
254
250
255
254
250
255
254
250
255
254
250
255
254
250
255
254
250
255
254
250
255
254
250
255
254
250
255
254
250
255
254
250
255
254
250
255
254
250
255
254
250
255
254
250
255
254
250
255
254
250
255
254
250
255
254
250
255
254
250
255
254
250
255
254
250
255
254
250
255
254
252
255
252
252
255
252
252
255
252
252
255
252
252
255
252
252
255
252
252
255
252
252
255
252
252
255
252
252
255
252
237
251
250
238
252
251
238
252
251
239
253
252
238
252
251
238
252
251
237
251
250
238
252
251
238
252
251
238
252
251
238
252
251
238
252
251
238
252
251
239
252
251
240
252
252
240
252
252
240
252
252
240
252
252
240
252
252
240
252
252
240
252
252
240
252
252
240
252
252
240
252
252
240
252
252
240
252
252
240
252
252
243
252
252
244
252
252
244
252
252
244
252
252
244
252
252
244
252
252
244
252
252
243
251
251
243
251
251
243
251
251
244
252
252
245
253
253
245
253
253
245
253
253
244
255
252
239
250
248
236
247
245
239
250
248
242
251
250
242
250
249
241
249
248
242
250
249
244
251
249
245
252
250
247
254
251
244
251
247
245
251
247
243
253
251
238
253
255
240
254
254
242
254
254
246
254
253
248
254
253
249
254
253
247
253
252
245
253
253
243
255
254
225
243
245
159
182
186
90
118
123
102
132
137
118
159
167
139
185
193
141
188
196
147
195
202
153
201
207
164
212
217
166
213
217
171
218
220
179
224
227
190
233
234
199
239
240
197
236
236
212
249
249
200
236
237
144
173
184
137
166
176
132
161
171
132
160
169
89
117
126
143
172
179
215
244
248
187
218
223
150
182
190
159
193
201
149
185
193
151
189
197
159
197
205
144
186
194
143
188
195
144
188
195
142
186
193
138
182
189
139
183
190
142
186
193
144
187
194
144
186
193
132
174
181
130
172
179
141
183
190
136
177
184
123
163
171
108
154
155
118
157
159
153
179
183
178
200
211
153
183
202
125
172
192
144
205
225
97
155
174
127
168
185
223
241
254
242
245
254
247
249
252
243
254
251
237
255
250
229
252
253
193
222
228
150
186
191
145
191
195
137
187
190
127
177
180
127
174
178
137
180
185
147
185
190
145
183
188
137
178
183
136
183
187
141
192
195
147
198
200
162
208
211
158
201
204
152
189
193
131
161
167
111
137
143
122
146
152
125
149
155
140
169
174
148
182
187
142
183
187
163
211
214
180
235
236
164
221
222
152
219
229
155
220
231
162
221
230
171
222
230
183
224
230
195
228
230
205
230
231
217
235
234
218
233
232
217
231
230
214
229
228
210
225
227
214
231
232
221
241
245
214
243
253
212
246
251
207
247
248
199
247
244
192
248
243
190
248
248
191
247
253
191
242
255
181
226
243
104
139
158
127
155
169
217
240
247
229
248
252
242
251
252
250
254
254
247
255
255
237
250
252
216
237
239
161
190
194
163
197
202
169
208
213
178
218
223
189
232
235
205
245
248
213
252
254
215
253
253
215
251
251
217
244
242
203
229
225
185
206
203
214
230
228
234
245
243
248
253
252
244
246
246
254
254
254
253
254
254
251
254
254
249
255
254
246
255
254
243
255
254
244
255
253
250
255
254
250
255
254
250
255
254
250
255
254
250
255
254
250
255
254
250
255
254
250
255
254
250
255
254
250
255
254
250
255
254
250
255
254
250
255
254
250
255
254
250
255
254
250
255
254
250
255
254
250
255
254
250
255
254
250
255
254
250
255
254
250
255
254
250
255
254
250
255
254
250
255
254
250
255
254
250
255
254
250
255
254
250
255
254
250
255
254
250
255
254
250
255
254
250
255
254
250
255
254
250
255
254
250
255
254
250
255
254
250
255
254
250
255
254
250
255
254
250
255
253
251
255
250
251
255
250
251
255
250
251
255
250
251
255
250
251
255
250
251
255
250
251
255
250
251
255
250
251
255
250
237
251
250
238
252
251
238
252
251
239
253
252
238
252
251
238
252
251
237
251
250
238
252
251
238
252
251
238
252
251
238
252
251
238
252
251
238
252
251
239
252
251
240
252
252
240
252
252
240
252
252
240
252
252
240
252
252
240
252
252
240
252
252
240
252
252
240
252
252
240
252
252
240
252
252
240
252
252
240
252
252
243
252
252
244
252
252
244
252
252
244
252
252
244
252
252
244
252
252
244
252
252
243
251
251
243
251
251
243
251
251
244
252
252
245
253
253
245
253
253
245
253
253
244
255
252
240
251
248
238
249
246
239
249
247
244
252
251
243
251
250
242
250
249
244
252
250
244
251
248
245
252
248
246
252
248
245
251
245
248
253
248
241
251
249
237
253
255
240
254
255
242
254
255
246
254
254
248
254
253
249
254
253
245
251
250
244
253
252
233
247
246
209
228
229
130
154
157
125
153
157
140
171
176
123
165
172
132
178
186
145
191
199
151
197
205
155
201
208
163
210
215
169
216
220
173
218
222
181
224
227
191
232
234
197
236
237
200
238
238
209
245
245
208
243
244
173
204
215
145
175
186
141
171
181
134
163
172
134
163
172
97
126
135
142
171
178
172
202
207
124
155
162
119
151
160
118
153
161
111
147
155
116
153
161
115
157
164
111
157
164
113
159
166
121
165
172
119
163
170
115
159
166
117
161
168
119
162
169
119
161
168
112
154
161
120
162
169
123
164
171
135
175
182
131
170
178
132
178
179
128
167
169
147
174
182
166
189
203
139
171
189
123
170
191
134
195
215
99
157
176
126
167
184
221
239
253
244
245
254
251
251
254
246
254
252
235
252
247
223
245
251
200
229
235
153
190
195
140
185
189
130
181
184
126
177
180
126
173
177
136
179
183
142
181
186
146
184
189
142
184
189
135
183
186
135
186
189
143
194
197
153
201
203
161
205
208
136
174
178
102
133
138
96
124
129
104
128
134
120
145
151
125
154
159
138
173
177
164
207
210
175
225
227
170
226
227
164
224
224
158
226
236
154
219
232
156
215
225
169
219
228
185
226
232
198
230
232
207
230
231
212
230
229
213
227
226
215
229
228
218
233
232
216
233
233
213
232
233
214
234
239
211
240
250
210
244
249
206
246
247
199
248
245
193
248
243
190
248
248
192
247
253
192
243
255
177
222
240
99
134
153
122
151
165
217
239
246
230
250
253
241
251
251
248
254
253
245
254
254
236
251
252
218
240
241
168
197
201
166
200
205
165
204
208
176
216
221
190
232
235
201
242
244
211
250
251
218
254
255
218
254
254
224
253
250
209
236
232
195
218
214
206
222
220
239
250
248
247
253
252
245
248
248
254
254
254
253
254
254
251
254
254
249
255
254
246
255
254
243
255
253
244
255
253
250
255
254
250
255
254
250
255
254
250
255
254
250
255
254
250
255
254
250
255
254
250
255
254
250
255
254
250
255
254
250
255
254
250
255
254
250
255
254
250
255
254
250
255
254
250
255
254
250
255
254
250
255
254
250
255
254
250
255
254
250
255
254
250
255
254
250
255
254
250
255
254
250
255
254
250
255
254
250
255
254
250
255
254
250
255
254
250
255
254
250
255
254
250
255
254
250
255
254
250
255
254
250
255
254
250
255
254
250
255
254
250
255
254
250
255
254
250
255
254
250
255
253
251
255
250
251
255
250
251
255
250
251
255
250
251
255
250
251
255
250
251
255
250
251
255
250
251
255
250
251
255
250
238
250
250
238
251
250
238
251
251
238
251
251
238
251
250
238
251
250
238
251
250
239
251
251
239
251
251
239
251
251
239
251
251
239
251
251
239
251
251
239
251
251
239
251
251
239
251
251
240
252
252
240
252
252
242
253
253
242
253
253
242
252
252
242
252
252
242
252
252
244
251
252
244
251
252
244
251
252
244
251
252
244
252
252
244
252
252
244
252
252
244
252
252
244
252
252
244
252
252
244
252
252
244
252
252
244
252
252
244
252
252
245
253
253
245
253
253
245
253
253
245
253
253
245
254
253
244
253
252
244
253
252
242
251
250
243
251
251
243
251
250
244
253
252
245
253
252
245
253
251
245
253
251
244
252
250
246
253
251
246
253
251
241
252
250
238
254
253
240
253
254
242
253
254
246
253
254
247
253
254
248
253
254
243
249
251
242
252
253
225
239
243
199
220
224
131
158
163
147
180
185
151
186
193
127
171
177
131
178
184
141
188
194
140
188
193
153
202
207
159
209
212
168
218
220
175
223
225
178
223
225
186
229
230
195
236
237
202
240
241
207
243
245
212
247
248
201
230
232
145
175
176
152
180
184
134
161
167
133
158
168
144
169
182
108
134
146
143
170
182
139
168
180
87
119
134
83
119
132
93
131
144
118
157
169
123
162
171
135
172
179
131
170
176
129
167
173
149
187
193
137
176
183
122
161
168
125
166
172
134
176
182
116
159
165
126
171
176
125
171
176
136
183
188
128
176
180
130
173
176
176
210
214
204
227
235
195
216
229
130
161
178
112
159
179
145
206
226
88
147
166
120
162
176
224
244
254
246
250
254
251
252
253
247
254
252
236
252
249
221
244
248
195
224
229
157
194
198
138
183
187
129
179
184
137
187
192
123
169
176
127
171
178
138
179
185
145
187
192
138
184
187
129
183
184
124
182
182
138
192
194
156
198
205
162
197
205
118
144
153
98
117
128
95
113
123
97
120
129
97
130
138
104
147
154
133
186
190
164
221
225
168
226
230
165
219
223
170
222
227
167
226
236
167
224
235
169
221
230
177
222
229
189
227
232
199
229
232
203
226
228
211
230
230
211
227
228
212
226
227
214
230
231
219
237
238
220
239
241
216
237
241
208
239
248
204
246
250
195
247
246
188
246
242
191
247
242
199
247
249
203
247
253
201
245
255
177
224
241
92
138
155
108
147
159
220
242
249
241
246
252
248
248
250
251
253
253
246
252
252
240
252
254
221
241
242
173
200
205
174
207
212
168
206
210
176
215
220
192
231
235
199
236
239
216
250
252
220
253
254
222
253
254
214
252
247
213
249
244
208
238
236
195
218
217
227
243
243
240
250
251
245
250
253
251
252
255
252
252
255
251
254
255
251
255
255
249
255
254
246
255
253
247
255
252
250
255
254
250
255
254
250
255
254
250
255
254
250
255
254
250
255
254
250
255
254
250
255
254
250
255
254
250
255
254
250
255
254
250
255
254
250
255
254
250
255
254
250
255
254
250
255
254
250
255
254
250
255
254
250
255
254
250
255
254
250
255
254
250
255
254
250
255
254
250
255
254
250
255
254
250
255
254
250
255
254
250
255
254
250
255
254
250
255
254
250
255
254
250
255
254
250
255
254
250
255
254
250
255
254
250
255
254
250
255
254
250
255
254
250
255
254
250
255
254
250
255
254
250
255
252
250
255
252
250
255
252
250
255
252
250
255
252
250
255
252
250
255
252
250
255
252
250
255
252
250
255
252
238
250
250
238
250
250
238
250
250
238
250
250
238
250
250
238
250
250
238
250
250
239
251
251
239
251
251
239
251
251
239
251
251
239
251
251
239
251
251
239
251
251
239
251
251
239
251
251
240
252
252
240
252
252
243
253
253
243
253
253
244
252
252
244
252
252
244
252
252
246
251
252
246
251
252
246
251
252
246
251
252
245
252
252
244
252
252
244
252
252
244
252
252
244
252
252
244
252
252
244
252
252
245
253
253
245
253
253
245
253
253
245
253
253
245
253
253
245
253
253
245
253
253
245
253
253
245
253
253
245
253
253
244
252
252
244
252
252
243
251
251
243
251
251
245
253
253
245
253
253
245
253
253
245
253
253
245
253
253
245
253
253
243
254
253
240
254
252
241
253
253
243
253
253
245
253
253
247
252
255
246
252
255
242
249
253
233
244
248
229
246
250
176
199
205
138
168
174
138
174
181
138
177
185
127
171
177
135
182
186
140
188
192
135
184
188
153
204
207
157
208
210
163
214
216
173
223
225
174
221
223
182
227
228
193
235
236
200
238
240
205
240
243
212
247
249
215
245
239
174
204
200
145
172
171
133
158
162
121
144
154
119
142
155
113
136
153
119
143
161
168
195
210
124
155
172
91
127
143
121
161
176
122
164
178
113
151
161
135
167
173
148
182
188
145
179
185
164
198
204
153
189
195
142
179
184
144
184
189
151
192
197
138
183
187
146
193
197
136
185
189
139
191
194
143
195
198
140
181
185
191
222
227
219
239
244
193
212
225
136
166
183
123
170
189
150
211
231
80
141
157
117
160
172
227
247
255
246
252
254
249
251
251
247
254
252
238
253
251
221
245
248
187
216
220
151
189
192
143
189
192
133
182
188
135
184
191
124
171
179
128
172
180
136
178
185
131
175
180
122
171
173
131
187
187
126
188
185
141
195
196
154
193
202
135
164
176
94
112
125
91
101
115
98
110
124
101
123
135
93
130
140
110
163
170
146
210
215
157
222
227
156
218
223
164
218
225
174
222
230
169
222
231
175
227
237
181
229
237
184
227
233
193
228
233
200
230
234
204
228
230
209
229
230
211
228
229
210
225
227
211
227
229
219
236
239
222
240
243
216
237
241
206
239
248
200
247
250
188
248
245
182
246
240
192
248
243
204
246
249
207
242
251
203
242
254
167
216
232
92
146
162
104
149
160
214
235
241
249
247
253
253
248
251
254
253
253
249
252
253
243
253
255
223
241
243
176
201
206
179
211
216
170
207
212
174
212
217
192
230
235
200
236
239
220
252
254
222
252
254
224
252
253
213
253
249
211
250
247
206
240
238
186
213
214
209
229
231
237
250
252
241
248
252
248
251
255
250
251
255
251
253
255
253
255
255
251
255
254
249
255
253
249
255
252
250
255
254
250
255
254
250
255
254
250
255
254
250
255
254
250
255
254
250
255
254
250
255
254
250
255
254
250
255
254
250
255
254
250
255
254
250
255
254
250
255
254
250
255
254
250
255
254
250
255
254
250
255
254
250
255
254
250
255
254
250
255
254
250
255
254
250
255
254
250
255
254
250
255
254
250
255
254
250
255
254
250
255
254
250
255
254
250
255
254
250
255
254
250
255
254
250
255
254
250
255
254
250
255
254
250
255
254
250
255
254
250
255
254
250
255
254
250
255
254
250
255
254
250
255
254
250
255
254
250
255
254
250
255
254
250
255
254
250
255
254
250
255
254
250
255
254
250
255
254
250
255
254
238
250
250
238
250
250
238
250
250
238
250
250
238
250
250
238
250
250
238
250
250
239
251
251
239
251
251
239
251
251
239
251
251
239
251
251
239
251
251
239
251
251
239
251
251
239
251
251
240
252
252
240
252
252
243
253
253
243
253
253
244
252
252
244
252
252
244
252
252
246
251
252
246
251
252
246
251
252
246
251
252
245
252
252
244
252
252
244
252
252
244
252
252
244
252
252
244
252
252
244
252
252
245
253
253
245
253
253
245
253
253
245
253
253
245
253
253
245
253
253
245
253
253
245
253
253
245
253
253
245
253
253
244
252
252
244
252
252
244
252
252
244
252
252
245
253
253
245
253
253
245
253
253
245
253
253
245
253
253
245
253
253
243
253
253
240
254
252
241
253
253
243
253
253
245
253
253
246
252
255
246
252
255
243
251
255
225
236
242
231
248
252
150
174
180
143
173
180
134
169
176
131
169
177
127
172
177
137
184
188
143
191
195
141
190
194
157
207
210
160
211
213
164
214
216
170
219
221
175
223
224
185
229
231
194
235
237
198
236
238
203
239
240
210
246
246
218
248
242
196
225
221
156
183
183
140
164
168
143
166
174
110
132
144
124
148
163
101
126
144
128
156
172
154
186
202
113
148
164
132
169
184
126
166
180
120
157
167
142
174
180
140
173
179
120
154
160
116
150
156
127
163
169
146
184
189
145
184
189
131
173
178
140
185
189
152
199
203
144
193
197
134
184
187
146
198
201
162
203
207
197
227
231
217
238
243
194
213
226
141
171
188
125
172
191
146
207
227
80
141
156
117
160
171
227
247
255
246
252
254
249
252
250
247
254
252
238
253
251
220
244
246
181
210
214
144
180
184
151
196
200
138
187
193
125
174
181
130
176
185
132
175
183
140
181
188
132
174
179
120
168
170
131
184
184
124
183
181
140
192
194
143
180
190
106
134
145
92
110
123
89
100
114
99
112
126
96
118
130
112
149
159
142
194
201
163
227
232
155
220
225
153
215
220
167
222
228
175
225
232
166
220
229
174
226
236
184
232
240
187
230
237
193
230
235
199
230
234
205
229
231
207
226
227
209
227
228
209
226
228
212
230
231
219
236
239
219
238
241
213
234
238
206
239
248
198
244
247
187
247
244
185
248
242
195
250
245
205
245
248
206
240
250
204
242
254
144
193
208
88
142
158
112
157
168
205
226
232
250
247
251
251
245
248
254
253
253
249
253
253
243
253
255
222
240
243
176
201
206
176
209
213
169
206
210
171
209
214
189
227
232
199
235
239
217
250
252
221
252
254
222
251
252
216
254
251
209
247
245
216
249
248
201
229
229
194
214
216
227
240
244
234
242
248
247
250
255
249
250
255
251
252
255
251
254
254
251
255
255
250
255
253
249
255
252
250
255
254
250
255
254
250
255
254
250
255
254
250
255
254
250
255
254
250
255
254
250
255
254
250
255
254
250
255
254
250
255
254
250
255
254
250
255
254
250
255
254
250
255
254
250
255
254
250
255
254
250
255
254
250
255
254
250
255
254
250
255
254
250
255
254
250
255
254
250
255
254
250
255
254
250
255
254
250
255
254
250
255
254
250
255
254
250
255
254
250
255
254
250
255
254
250
255
254
250
255
254
250
255
254
250
255
254
250
255
254
250
255
254
250
255
254
250
255
254
250
255
254
250
255
254
250
255
254
250
255
254
250
255
254
250
255
254
250
255
254
250
255
254
250
255
254
250
255
254
250
255
254
238
250
250
238
250
250
238
250
250
238
250
250
238
250
250
238
250
250
238
250
250
239
251
251
239
251
251
239
251
251
239
251
251
239
251
251
239
251
251
239
251
251
239
251
251
239
251
251
240
252
252
240
252
252
243
253
253
243
253
253
244
252
252
244
252
252
244
252
252
246
251
252
246
251
252
246
251
252
246
251
252
245
252
252
244
252
252
244
252
252
244
252
252
244
252
252
244
252
252
244
252
252
245
253
253
245
253
253
245
253
253
245
253
253
245
253
253
245
253
253
245
253
253
245
253
253
245
253
253
245
253
253
245
253
253
245
253
253
245
253
253
245
253
253
244
252
252
244
252
252
244
252
252
244
252
252
244
252
252
244
252
252
243
253
252
240
254
252
241
253
253
243
253
253
245
253
253
245
252
255
245
252
255
242
251
255
231
244
249
213
231
237
149
175
181
144
175
182
139
175
182
131
169
177
130
175
180
139
186
190
144
192
196
145
193
197
158
207
210
164
215
217
168
217
219
171
220
221
180
227
228
191
235
236
198
238
240
200
238
239
205
241
241
212
247
247
218
249
243
206
236
231
178
205
204
155
180
184
151
174
181
142
164
176
149
171
186
124
148
164
103
130
146
118
148
165
126
160
175
117
154
169
130
169
183
131
168
178
136
169
175
138
172
178
134
168
174
124
159
165
129
166
172
129
168
173
114
154
159
91
132
137
116
160
164
133
180
184
147
194
198
138
186
190
153
201
205
162
203
207
197
227
232
217
238
245
210
229
242
145
175
191
123
170
189
159
220
239
81
141
157
117
160
171
227
248
254
247
252
254
249
252
250
247
254
252
238
254
251
220
243
245
178
206
210
148
183
187
154
198
202
145
192
198
131
179
185
134
180
188
136
177
186
149
188
196
149
189
195
128
172
175
116
168
168
110
166
165
123
171
173
109
143
154
84
110
122
98
116
129
99
111
125
102
116
130
105
128
140
143
179
189
165
217
224
165
227
233
156
220
225
160
222
227
171
227
234
170
222
230
166
220
229
172
225
234
182
231
238
189
233
239
196
234
238
200
231
235
203
227
229
208
228
229
211
229
230
213
231
232
217
235
236
221
239
241
218
237
240
213
234
238
206
239
248
195
242
245
186
245
243
187
249
244
197
251
247
204
244
247
202
235
246
201
238
249
148
196
209
96
149
165
102
146
157
185
207
213
246
244
250
253
247
250
255
254
254
249
253
253
242
252
254
219
237
240
174
200
205
170
203
207
168
205
210
168
206
211
183
221
226
194
230
234
210
242
245
220
251
252
222
250
251
214
252
250
210
247
245
219
251
251
215
242
243
200
220
223
229
242
245
241
249
252
244
249
255
247
250
255
249
252
255
250
254
254
251
255
255
250
255
253
250
255
253
250
255
254
250
255
254
250
255
254
250
255
254
250
255
254
250
255
254
250
255
254
250
255
254
250
255
254
250
255
254
250
255
254
250
255
254
250
255
254
250
255
254
250
255
254
250
255
254
250
255
254
250
255
254
250
255
254
250
255
254
250
255
254
250
255
254
250
255
254
250
255
254
250
255
254
250
255
254
250
255
254
250
255
254
250
255
254
250
255
254
250
255
254
250
255
254
250
255
254
250
255
254
250
255
254
250
255
254
250
255
254
250
255
254
250
255
254
250
255
254
250
255
254
250
255
254
250
255
254
250
255
254
250
255
254
250
255
254
250
255
254
250
255
254
250
255
254
250
255
254
250
255
254
238
250
250
238
250
250
238
250
250
238
250
250
238
250
250
238
250
250
238
250
250
239
251
251
239
251
251
239
251
251
239
251
251
239
251
251
239
251
251
239
251
251
239
251
251
239
251
251
240
252
252
240
252
252
243
253
253
243
253
253
244
252
252
244
252
252
244
252
252
246
251
252
246
251
252
246
251
252
246
251
252
245
252
252
244
252
252
244
252
252
244
252
252
244
252
252
244
252
252
244
252
252
245
253
253
245
253
253
245
253
253
245
253
253
245
253
253
245
253
253
245
253
253
245
253
253
245
253
253
245
253
253
245
253
253
245
253
253
245
253
253
245
253
253
244
252
252
244
252
252
244
252
252
244
252
252
244
252
252
244
252
252
242
253
252
240
254
252
241
253
253
243
253
253
244
253
253
245
252
255
243
252
255
238
249
253
237
251
253
185
206
211
158
185
191
145
177
183
143
180
187
132
172
180
129
175
180
136
183
187
141
189
192
141
190
193
151
201
203
166
215
217
170
219
221
173
221
222
184
230
231
195
238
239
199
239
239
201
239
239
206
243
243
213
247
246
216
246
241
220
250
245
192
219
218
163
188
191
156
180
186
146
168
179
164
186
199
154
178
193
120
146
161
99
127
143
99
131
146
135
171
185
123
161
175
136
172
182
134
167
173
130
164
170
134
168
174
128
164
170
143
180
185
144
182
187
129
170
175
113
155
160
136
181
185
127
174
178
128
175
179
116
164
168
128
176
180
149
189
193
204
234
239
219
239
246
200
218
231
152
180
196
129
175
194
141
203
221
81
140
156
117
160
171
227
248
254
248
252
254
250
252
250
247
254
252
238
254
251
218
240
242
176
204
207
160
195
199
149
191
195
148
195
201
146
194
200
128
173
181
126
165
174
139
176
184
141
178
184
130
171
174
130
178
178
127
179
178
118
163
166
86
119
129
78
104
115
89
107
120
95
110
123
96
113
126
131
155
167
163
200
210
163
213
221
155
215
221
157
221
226
164
227
232
168
227
233
168
223
230
170
226
235
172
226
235
179
229
236
192
235
242
201
238
243
203
234
238
201
226
229
209
230
231
211
230
231
214
232
233
220
238
239
221
239
242
218
237
240
213
235
238
206
239
248
194
239
243
186
243
242
189
250
244
198
250
246
206
244
247
202
233
244
194
230
245
156
203
219
95
147
163
94
138
149
188
209
216
245
245
252
255
252
254
255
254
254
249
253
253
242
252
254
221
240
243
180
206
211
170
203
207
172
209
214
168
206
211
177
214
219
186
222
226
198
230
233
217
247
249
222
251
252
218
253
252
216
251
250
212
244
243
215
241
243
195
216
219
198
213
218
222
234
239
242
249
255
245
250
254
248
252
254
250
253
255
251
255
255
250
255
253
250
255
253
250
255
254
250
255
254
250
255
254
250
255
254
250
255
254
250
255
254
250
255
254
250
255
254
250
255
254
250
255
254
250
255
254
250
255
254
250
255
254
250
255
254
250
255
254
250
255
254
250
255
254
250
255
254
250
255
254
250
255
254
250
255
254
250
255
254
250
255
254
250
255
254
250
255
254
250
255
254
250
255
254
250
255
254
250
255
254
250
255
254
250
255
254
250
255
254
250
255
254
250
255
254
250
255
254
250
255
254
250
255
254
250
255
254
250
255
254
250
255
254
250
255
254
250
255
254
250
255
254
250
255
254
250
255
254
250
255
254
250
255
254
250
255
254
250
255
254
250
255
254
250
255
254
238
250
250
238
250
250
238
250
250
238
250
250
238
250
250
238
250
250
238
250
250
239
251
251
239
251
251
239
251
251
239
251
251
239
251
251
239
251
251
239
251
251
239
251
251
239
251
251
240
252
252
240
252
252
243
253
253
243
253
253
244
252
252
244
252
252
244
252
252
246
251
252
246
251
252
246
251
252
246
251
252
245
252
252
244
252
252
244
252
252
244
252
252
244
252
252
244
252
252
244
252
252
245
253
253
245
253
253
245
253
253
245
253
253
245
253
253
245
253
253
245
253
253
245
253
253
245
253
253
245
253
253
245
253
253
246
254
254
246
254
254
245
253
253
243
251
251
243
251
251
243
251
251
243
251
251
243
251
251
243
251
251
242
252
252
241
254
252
241
253
253
243
253
253
243
253
253
243
252
255
242
252
255
235
248
251
225
242
246
165
188
194
154
183
188
146
180
186
139
177
184
134
175
182
127
171
176
133
180
183
138
186
188
137
185
187
140
189
191
160
209
211
166
216
217
174
222
223
185
231
232
193
236
235
196
237
236
201
238
238
206
242
242
210
244
243
215
245
240
220
249
246
211
237
236
173
198
201
162
185
191
163
184
193
169
192
203
152
175
188
145
170
183
93
121
135
97
129
142
109
144
157
122
158
171
133
167
177
132
165
171
135
169
175
138
173
179
125
161
167
136
174
179
143
184
189
136
178
183
127
171
175
138
183
187
131
177
181
133
180
184
131
178
182
135
183
187
130
170
172
154
184
188
125
144
151
149
167
179
170
199
214
160
206
224
150
210
228
81
140
156
117
160
171
227
248
254
248
252
254
251
252
250
247
254
252
238
254
251
215
235
238
172
199
203
167
202
205
143
186
190
149
196
202
154
201
208
133
178
186
153
192
201
158
193
201
143
177
184
131
169
173
132
175
177
94
141
141
65
106
110
53
83
94
61
86
98
60
79
92
74
91
104
73
91
104
122
148
160
150
187
196
146
194
202
149
205
212
158
219
225
157
219
225
158
218
224
170
228
234
172
230
238
169
224
233
174
224
231
187
231
237
197
234
238
198
229
233
198
224
226
209
230
231
207
227
228
210
228
229
215
233
234
215
234
236
212
232
235
211
233
236
207
239
248
194
239
242
187
243
241
188
248
243
196
248
244
208
245
248
211
241
252
196
232
247
149
195
213
79
131
147
107
152
163
212
235
241
248
248
252
253
248
251
254
254
254
249
252
253
244
253
255
229
247
250
193
219
224
175
208
212
180
217
221
172
210
215
174
211
216
181
217
220
188
220
223
214
245
246
221
250
251
210
244
243
223
253
253
215
245
246
222
249
250
217
239
242
203
219
225
225
238
244
239
248
255
242
250
254
246
251
255
249
254
255
251
255
255
250
255
253
250
255
253
250
255
254
250
255
254
250
255
254
250
255
254
250
255
254
250
255
254
250
255
254
250
255
254
250
255
254
250
255
254
250
255
254
250
255
254
250
255
254
250
255
254
250
255
254
250
255
254
250
255
254
250
255
254
250
255
254
250
255
254
250
255
254
250
255
254
250
255
254
250
255
254
250
255
254
250
255
254
250
255
254
250
255
254
250
255
254
250
255
254
250
255
254
250
255
254
250
255
254
250
255
254
250
255
254
250
255
254
250
255
254
250
255
254
250
255
254
250
255
254
250
255
254
250
255
254
250
255
254
250
255
254
250
255
254
250
255
254
250
255
254
250
255
254
250
255
254
250
255
254
250
255
254
238
250
250
238
250
250
238
250
250
238
250
250
238
250
250
238
250
250
238
250
250
239
251
251
239
251
251
239
251
251
239
251
251
239
251
251
239
251
251
239
251
251
239
251
251
239
251
251
240
252
252
240
252
252
243
253
253
243
253
253
244
252
252
244
252
252
244
252
252
246
251
252
246
251
252
246
251
252
246
251
252
245
252
252
244
252
252
244
252
252
244
252
252
244
252
252
244
252
252
244
252
252
245
253
253
245
253
253
245
253
253
245
253
253
245
253
253
245
253
253
245
253
253
245
253
253
245
253
253
245
253
253
246
254
254
246
254
254
247
255
255
246
254
254
243
251
251
243
251
251
243
251
251
243
251
251
243
251
251
243
251
251
242
252
251
241
254
252
242
253
253
243
253
253
243
253
253
241
253
255
240
253
255
234
249
252
204
223
228
156
181
187
149
180
185
144
181
187
134
175
181
133
175
182
127
172
176
136
182
185
142
190
192
139
187
189
133
182
183
153
203
203
162
210
211
176
224
225
186
232
231
191
234
233
195
234
234
203
239
239
209
243
243
209
243
242
219
249
245
214
242
240
222
248
248
187
211
213
155
178
182
171
192
199
152
173
182
175
197
209
145
169
181
144
171
183
88
118
129
92
124
136
99
134
144
121
155
164
124
157
163
134
168
174
137
172
178
124
162
167
130
171
176
143
185
190
140
184
188
135
180
184
128
173
177
141
186
190
145
190
194
143
188
192
135
180
184
149
189
191
165
196
199
92
110
118
129
147
158
162
190
206
139
185
201
128
188
206
80
139
155
119
159
171
228
248
253
248
252
254
251
252
250
249
254
252
239
254
251
214
234
238
168
194
198
162
197
201
147
190
194
152
200
206
146
194
200
134
178
187
143
182
191
149
183
192
149
182
189
146
181
186
133
172
174
82
125
125
49
86
91
55
82
94
72
97
109
78
99
111
104
123
136
97
120
132
131
159
171
145
182
191
140
185
194
148
202
209
155
213
219
153
214
220
154
216
222
164
226
232
171
228
237
169
224
233
173
224
230
181
226
232
186
224
229
191
224
227
200
226
228
209
230
231
203
223
224
203
223
224
207
227
228
208
228
230
208
228
230
209
232
235
208
239
248
196
239
242
188
243
241
187
245
241
193
244
240
210
244
248
217
245
255
199
232
248
159
203
221
85
136
152
113
158
169
198
221
228
246
249
254
255
252
253
254
253
253
248
251
252
244
254
255
234
252
254
201
226
231
174
206
211
184
222
226
176
214
219
175
213
218
181
217
221
184
216
219
214
244
246
220
249
250
221
252
251
224
254
254
220
249
250
222
249
251
211
234
239
170
190
196
164
180
186
236
249
255
239
249
253
243
251
255
248
253
255
250
255
254
250
255
254
251
255
253
250
255
254
250
255
254
250
255
254
250
255
254
250
255
254
250
255
254
250
255
254
250
255
254
250
255
254
250
255
254
250
255
254
250
255
254
250
255
254
250
255
254
250
255
254
250
255
254
250
255
254
250
255
254
250
255
254
250
255
254
250
255
254
250
255
254
250
255
254
250
255
254
250
255
254
250
255
254
250
255
254
250
255
254
250
255
254
250
255
254
250
255
254
250
255
254
250
255
254
250
255
254
250
255
254
250
255
254
250
255
254
250
255
254
250
255
254
250
255
254
250
255
254
250
255
254
250
255
254
250
255
254
250
255
254
250
255
254
250
255
254
250
255
254
250
255
254
250
255
254
250
255
254
238
250
250
238
250
250
238
250
250
238
250
250
238
250
250
238
250
250
238
250
250
239
251
251
239
251
251
239
251
251
239
251
251
239
251
251
239
251
251
239
251
251
239
251
251
239
251
251
240
252
252
240
252
252
243
253
253
243
253
253
244
252
252
244
252
252
244
252
252
246
251
252
246
251
252
246
251
252
246
251
252
245
252
252
244
252
252
244
252
252
244
252
252
244
252
252
244
252
252
244
252
252
245
253
253
245
253
253
245
253
253
245
253
253
245
253
253
245
253
253
245
253
253
245
253
253
245
253
253
245
253
253
246
254
254
247
255
255
247
255
255
246
254
254
243
251
251
243
251
251
243
251
251
243
251
251
243
251
251
243
251
251
243
252
251
243
254
252
243
253
253
243
253
253
241
253
253
241
253
255
239
253
255
234
252
254
190
213
216
149
177
182
153
185
190
142
180
185
136
178
183
132
177
184
131
176
180
143
188
191
153
199
201
147
195
197
133
181
182
152
200
201
159
207
208
183
230
229
189
235
234
193
235
234
197
236
235
206
244
242
212
247
245
211
243
242
209
237
235
220
246
246
216
242
242
213
237
238
185
208
210
170
191
196
167
189
195
170
192
199
170
194
204
154
180
190
152
181
190
100
131
142
115
147
158
125
157
166
134
167
173
135
169
175
134
169
175
127
165
170
126
167
172
130
173
178
124
169
173
132
177
181
128
173
177
155
200
204
140
184
189
137
180
185
140
182
187
137
176
179
212
241
242
184
202
209
158
176
183
162
190
201
135
181
198
136
196
214
81
140
155
119
159
171
229
248
253
250
252
253
252
252
250
249
254
252
240
254
251
216
237
239
165
192
195
155
190
193
158
201
205
157
205
211
133
183
189
145
190
198
153
192
201
146
179
188
159
189
196
145
177
182
99
135
137
70
109
110
73
107
112
94
119
131
92
116
128
86
110
122
104
127
140
90
116
128
97
127
138
137
173
183
148
191
200
150
199
207
152
207
214
159
218
224
162
223
229
153
217
222
171
229
237
176
231
240
180
232
239
184
229
235
183
222
227
192
225
228
208
237
238
209
232
233
202
222
223
200
220
221
204
224
225
205
225
227
206
227
229
210
232
236
208
239
248
196
239
243
189
242
241
187
243
239
192
240
237
212
244
248
221
246
255
196
227
244
151
194
212
83
134
150
122
167
178
185
210
216
247
251
255
255
253
254
254
253
253
247
250
251
242
251
254
233
251
254
199
225
230
165
197
202
185
222
227
181
219
224
179
217
222
186
222
225
185
217
220
214
244
246
219
247
248
226
254
254
219
247
247
225
251
252
219
246
248
224
249
252
213
235
240
206
226
231
231
249
254
237
249
255
241
251
254
246
253
254
250
255
254
252
254
254
252
255
253
250
255
254
250
255
254
250
255
254
250
255
254
250
255
254
250
255
254
250
255
254
250
255
254
250
255
254
250
255
254
250
255
254
250
255
254
250
255
254
250
255
254
250
255
254
250
255
254
250
255
254
250
255
254
250
255
254
250
255
254
250
255
254
250
255
254
250
255
254
250
255
254
250
255
254
250
255
254
250
255
254
250
255
254
250
255
254
250
255
254
250
255
254
250
255
254
250
255
254
250
255
254
250
255
254
250
255
254
250
255
254
250
255
254
250
255
254
250
255
254
250
255
254
250
255
254
250
255
254
250
255
254
250
255
254
250
255
254
250
255
254
250
255
254
250
255
254
250
255
254
250
255
254
240
252
252
239
251
251
239
251
251
239
251
251
239
251
251
239
251
251
238
250
250
239
251
251
239
251
251
239
251
251
239
251
251
239
251
251
239
251
251
239
251
251
240
252
252
240
252
252
240
252
252
240
252
252
242
252
252
242
252
252
243
252
252
244
252
252
244
252
252
246
251
252
246
251
252
246
251
252
246
251
252
245
252
252
244
252
252
244
252
252
244
252
252
244
252
252
244
252
252
244
252
252
244
252
252
244
252
252
244
252
252
245
253
253
246
254
254
246
254
254
246
254
254
245
253
253
245
253
253
245
253
253
245
253
253
245
253
253
245
253
253
245
253
253
245
253
253
245
253
253
245
253
253
245
253
253
245
253
253
245
253
253
243
252
251
243
253
252
243
252
252
240
250
250
243
254
254
235
248
250
232
249
250
217
238
240
182
207
211
155
185
190
144
179
184
142
182
187
139
182
188
140
185
192
134
179
181
139
185
186
156
202
203
153
200
201
152
200
201
153
202
201
157
206
204
177
224
222
185
229
228
194
236
234
202
240
238
207
243
241
211
245
244
215
247
246
220
248
248
222
249
249
228
252
252
220
243
243
192
213
215
176
196
199
181
201
206
181
202
207
174
197
204
174
200
207
151
178
187
173
203
212
132
161
171
147
178
186
138
171
177
133
169
175
135
173
178
130
170
175
121
163
168
120
164
168
122
168
172
139
185
189
152
197
201
147
192
196
165
206
211
158
198
203
154
193
198
152
188
191
215
244
247
208
226
234
167
183
194
161
188
202
122
166
183
129
188
206
71
129
145
114
154
166
231
249
254
249
252
253
255
254
253
249
255
252
240
255
251
213
235
237
167
195
199
168
205
208
160
205
209
151
200
206
142
193
200
145
190
198
144
182
191
114
147
156
105
135
142
116
146
152
77
110
113
73
108
110
87
118
124
81
105
117
74
99
111
78
106
117
104
132
144
95
125
136
75
108
119
86
122
132
142
182
191
159
205
214
167
218
226
169
225
232
162
222
228
162
225
230
166
226
234
170
226
235
179
232
238
189
235
241
192
231
235
193
226
229
198
226
228
213
237
237
215
236
237
212
232
233
208
229
230
211
232
234
214
237
239
214
238
242
208
238
248
188
230
234
184
238
237
197
251
249
206
252
249
210
240
244
199
222
234
186
216
233
126
170
188
80
131
147
131
176
187
190
215
222
239
244
250
254
251
253
255
254
254
251
255
255
243
253
255
232
250
253
197
222
227
170
203
207
180
217
222
173
211
216
174
212
217
179
215
218
187
219
222
209
240
242
223
251
252
228
255
255
225
250
252
222
247
249
221
247
250
221
248
252
211
235
241
193
217
222
192
212
217
233
250
254
241
254
255
243
252
253
248
253
253
246
249
248
252
254
252
250
255
254
250
255
254
250
255
254
250
255
254
250
255
254
250
255
254
250
255
254
250
255
254
250
255
254
250
255
254
250
255
254
250
255
254
250
255
254
250
255
254
250
255
254
250
255
254
250
255
254
250
255
254
250
255
254
250
255
254
250
255
254
250
255
254
250
255
254
250
255
254
250
255
254
250
255
254
250
255
254
250
255
254
250
255
254
250
255
254
250
255
254
250
255
254
250
255
254
250
255
254
250
255
254
250
255
254
250
255
254
250
255
254
250
255
254
250
255
254
250
255
254
250
255
254
250
255
254
250
255
254
250
255
254
250
255
254
250
255
254
250
255
254
250
255
254
250
255
254
250
255
254
239
251
251
239
251
251
239
251
251
239
251
251
239
251
251
239
251
251
239
251
251
239
251
251
239
251
251
239
251
251
239
251
251
239
251
251
239
251
251
239
251
251
240
252
252
240
252
252
240
252
252
240
252
252
242
252
252
242
252
252
243
252
252
244
252
252
244
252
252
246
251
252
246
251
252
246
251
252
246
251
252
245
252
252
244
252
252
244
252
252
244
252
252
244
252
252
244
252
252
244
252
252
244
252
252
244
252
252
244
252
252
245
253
253
246
254
254
246
254
254
246
254
254
245
253
253
245
253
253
245
253
253
245
253
253
245
253
253
245
253
253
245
253
253
245
253
253
245
253
253
245
253
253
245
253
253
245
253
253
245
253
253
244
252
252
245
253
252
245
254
254
242
252
252
241
254
254
235
251
253
230
249
250
198
221
223
160
187
191
152
184
189
136
174
178
143
184
189
135
180
185
136
183
189
136
181
183
142
187
188
155
201
202
157
203
204
156
204
203
156
205
203
164
212
210
176
223
221
186
230
228
197
239
236
205
243
241
208
243
242
211
244
241
212
244
241
220
247
247
221
247
247
227
252
252
226
250
250
208
229
230
187
207
209
179
199
201
161
181
185
168
189
195
146
169
175
168
193
200
128
156
163
144
172
182
129
159
167
136
169
175
134
170
176
129
167
172
127
168
173
125
170
174
115
161
165
122
169
173
146
193
197
152
197
201
151
193
198
156
195
200
155
193
198
149
186
192
143
178
182
201
230
233
214
231
233
166
182
189
164
191
201
129
173
191
123
180
199
69
126
142
116
156
167
229
247
253
248
250
251
254
252
252
248
254
251
239
254
251
213
237
239
169
199
203
171
211
214
163
209
213
153
204
210
146
200
205
146
193
201
144
184
193
117
150
159
82
112
119
92
122
127
77
109
112
74
107
109
94
123
129
94
119
131
81
108
120
80
110
121
81
115
125
94
129
139
87
122
132
102
137
147
103
139
149
156
196
205
172
216
225
169
220
228
167
226
233
153
217
222
161
221
230
166
223
231
175
228
235
187
235
240
193
234
238
195
230
233
200
229
230
200
224
224
210
231
232
215
236
237
216
237
238
218
239
241
215
237
239
208
232
235
203
232
242
204
245
249
196
248
247
175
229
225
194
238
235
198
225
231
200
221
234
209
237
247
186
227
240
81
132
149
114
160
171
197
222
229
242
248
253
255
253
254
254
254
254
251
254
255
243
252
255
233
251
254
200
226
231
175
208
212
187
224
228
180
218
223
179
217
221
179
215
219
186
218
221
206
237
239
220
249
250
230
253
254
231
254
255
228
252
254
225
250
253
222
249
253
213
242
247
203
229
235
191
215
219
222
241
246
237
252
254
245
254
255
250
255
255
251
253
253
254
255
255
250
255
254
250
255
254
250
255
254
250
255
254
250
255
254
250
255
254
250
255
254
250
255
254
250
255
254
250
255
254
250
255
254
250
255
254
250
255
254
250
255
254
250
255
254
250
255
254
250
255
254
250
255
254
250
255
254
250
255
254
250
255
254
250
255
254
250
255
254
250
255
254
250
255
254
250
255
254
250
255
254
250
255
254
250
255
254
250
255
254
250
255
254
250
255
254
250
255
254
250
255
254
250
255
254
250
255
254
250
255
254
250
255
254
250
255
254
250
255
254
250
255
254
250
255
254
250
255
254
250
255
254
250
255
254
250
255
254
250
255
254
250
255
254
250
255
254
250
255
254
250
255
254
237
249
249
238
250
250
238
250
250
239
251
251
240
252
252
240
252
252
241
253
253
239
251
251
239
251
251
239
251
251
239
251
251
239
251
251
239
251
251
239
251
251
240
252
252
240
252
252
240
252
252
240
252
252
242
252
252
242
252
252
243
252
252
244
252
252
244
252
252
246
251
252
246
251
252
246
251
252
246
251
252
245
252
252
244
252
252
244
252
252
244
252
252
244
252
252
244
252
252
244
252
252
244
252
252
244
252
252
244
252
252
245
253
253
246
254
254
246
254
254
246
254
254
245
253
253
245
253
253
245
253
253
245
253
253
245
253
253
245
253
253
245
253
253
245
253
253
245
253
253
245
253
253
245
253
253
245
253
253
245
253
253
245
253
253
244
252
251
246
254
254
244
253
253
238
252
251
238
254
254
224
245
246
177
203
205
145
176
178
154
190
194
135
176
179
144
187
192
133
180
185
133
181
187
139
184
186
146
190
191
151
196
196
158
205
203
155
202
200
158
205
203
169
216
214
174
219
216
185
228
225
198
237
235
205
243
240
209
244
240
209
242
238
210
241
238
219
247
247
219
245
245
224
249
249
232
254
253
225
247
245
199
220
218
178
199
198
176
196
197
164
184
186
165
187
191
152
176
182
148
171
179
142
168
175
119
148
154
134
167
173
138
173
179
124
162
167
122
164
169
127
173
177
109
157
161
113
161
165
135
182
186
142
187
191
158
199
204
156
195
200
174
211
216
175
210
216
156
191
194
223
248
249
219
236
243
190
206
217
171
197
213
134
178
195
110
167
186
69
127
143
124
163
174
232
248
255
249
251
253
254
252
252
249
253
251
241
254
251
212
238
240
170
203
206
174
216
218
164
215
218
155
211
215
149
204
210
141
191
199
134
177
185
142
177
186
80
110
117
54
83
88
55
85
88
73
104
106
82
110
116
128
153
165
139
168
179
77
113
123
99
138
147
77
117
126
89
126
136
98
134
144
81
114
125
122
157
167
155
195
204
169
218
226
175
232
238
163
226
231
159
222
229
159
217
226
167
221
228
181
229
234
192
233
237
198
232
236
202
233
234
193
219
219
205
228
228
214
235
236
218
239
240
218
241
242
214
237
239
206
231
235
208
237
247
186
227
231
190
241
240
187
239
235
209
250
248
183
208
214
188
207
217
199
225
237
173
213
232
115
165
182
125
170
181
164
192
197
243
250
255
254
253
254
254
253
253
249
252
253
242
251
254
236
254
255
204
229
234
179
212
216
188
225
229
179
217
222
177
215
220
175
211
214
180
212
215
199
230
232
214
242
243
227
248
249
235
254
255
234
254
255
225
251
254
220
248
252
218
248
253
214
245
248
182
211
215
194
217
221
222
240
242
236
248
249
237
244
243
251
251
251
253
253
252
250
255
254
250
255
254
250
255
254
250
255
254
250
255
254
250
255
254
250
255
254
250
255
254
250
255
254
250
255
254
250
255
254
250
255
254
250
255
254
250
255
254
250
255
254
250
255
254
250
255
254
250
255
254
250
255
254
250
255
254
250
255
254
250
255
254
250
255
254
250
255
254
250
255
254
250
255
254
250
255
254
250
255
254
250
255
254
250
255
254
250
255
254
250
255
254
250
255
254
250
255
254
250
255
254
250
255
254
250
255
254
250
255
254
250
255
254
250
255
254
250
255
254
250
255
254
250
255
254
250
255
254
250
255
254
250
255
254
250
255
254
250
255
254
250
255
254
250
255
254
250
255
254
236
248
248
237
249
249
238
250
250
239
251
251
240
252
252
241
253
253
241
253
253
239
251
251
239
251
251
239
251
251
239
251
251
239
251
251
239
251
251
239
251
251
240
252
252
240
252
252
240
252
252
240
252
252
242
252
252
242
252
252
243
252
252
244
252
252
244
252
252
246
251
252
246
251
252
246
251
252
246
251
252
245
252
252
244
252
252
244
252
252
244
252
252
244
252
252
244
252
252
244
252
252
244
252
252
244
252
252
244
252
252
245
253
253
246
254
254
246
254
254
246
254
254
245
253
253
245
253
253
245
253
253
245
253
253
245
253
253
245
253
253
245
253
253
245
253
253
245
253
253
245
253
253
245
253
253
245
253
253
245
253
253
246
253
253
244
251
250
245
253
253
244
254
254
236
250
249
235
253
254
213
236
237
168
196
197
152
184
186
159
197
200
145
186
189
142
187
191
136
183
188
134
183
189
145
188
191
148
191
190
146
190
189
157
202
200
151
198
196
154
201
199
166
213
210
172
217
214
183
225
222
194
234
229
202
240
236
208
243
239
210
243
239
213
244
241
221
248
249
222
248
249
223
248
248
229
252
250
231
252
250
207
228
225
190
208
206
201
221
219
176
196
196
181
202
204
163
185
189
164
188
194
150
173
181
120
147
154
131
164
170
137
173
179
125
165
170
122
165
170
123
171
175
109
157
161
120
169
173
135
183
187
148
193
197
161
202
207
156
193
198
172
207
213
173
206
212
163
197
201
213
239
245
217
233
241
188
202
215
167
193
209
141
185
204
116
173
192
65
122
138
128
167
178
232
248
253
252
251
253
255
252
252
249
253
251
241
254
251
209
238
239
172
207
209
175
220
222
164
217
220
156
214
219
149
207
212
150
203
210
158
203
211
158
195
203
89
119
127
76
105
110
91
120
124
86
115
118
82
111
117
112
140
151
165
198
208
152
193
202
66
112
120
94
139
147
85
127
136
89
123
134
103
132
143
84
112
123
119
153
163
156
200
208
162
216
223
168
229
235
162
224
231
155
214
223
159
212
219
172
220
225
185
226
230
196
231
234
204
235
236
203
229
229
208
231
231
209
230
231
209
232
233
214
237
238
213
238
240
210
235
238
202
231
241
194
234
238
190
240
239
179
230
226
178
218
216
188
214
219
168
186
199
134
159
177
116
155
174
69
118
135
125
170
181
172
200
206
237
245
249
254
254
254
253
253
253
248
251
252
242
251
254
236
254
255
203
229
234
178
210
215
184
221
226
176
214
219
174
212
217
172
208
211
176
208
211
196
226
228
212
241
242
228
247
248
236
254
255
232
254
254
223
249
252
218
247
251
218
250
253
218
251
254
205
235
238
188
213
217
217
235
237
241
253
253
247
253
252
254
254
254
254
253
252
250
255
254
250
255
254
250
255
254
250
255
254
250
255
254
250
255
254
250
255
254
250
255
254
250
255
254
250
255
254
250
255
254
250
255
254
250
255
254
250
255
254
250
255
254
250
255
254
250
255
254
250
255
254
250
255
254
250
255
254
250
255
254
250
255
254
250
255
254
250
255
254
250
255
254
250
255
254
250
255
254
250
255
254
250
255
254
250
255
254
250
255
254
250
255
254
250
255
254
250
255
254
250
255
254
250
255
254
250
255
254
250
255
254
250
255
254
250
255
254
250
255
254
250
255
254
250
255
254
250
255
254
250
255
254
250
255
254
250
255
254
250
255
254
250
255
254
250
255
254
250
255
254
236
248
248
237
249
249
238
250
250
239
251
251
240
252
252
241
253
253
241
253
253
239
251
251
239
251
251
239
251
251
239
251
251
239
251
251
239
251
251
239
251
251
240
252
252
240
252
252
240
252
252
240
252
252
242
252
252
242
252
252
243
252
252
244
252
252
244
252
252
246
251
252
246
251
252
246
251
252
246
251
252
245
252
252
244
252
252
244
252
252
244
252
252
244
252
252
244
252
252
244
252
252
244
252
252
244
252
252
244
252
252
245
253
253
246
254
254
246
254
254
246
254
254
245
253
253
245
253
253
245
253
253
245
253
253
245
253
253
245
253
253
245
253
253
245
253
253
245
253
253
245
253
253
245
253
253
245
253
253
245
253
253
246
253
253
245
251
250
246
253
253
244
255
255
237
252
251
231
250
250
200
224
225
164
194
195
159
193
195
152
189
193
149
192
195
133
180
184
137
186
190
136
186
192
151
195
196
152
194
193
147
191
190
156
200
199
149
196
194
152
199
196
162
209
206
179
224
221
188
231
225
195
236
231
202
239
234
208
241
237
212
244
240
215
247
243
221
248
250
225
250
251
223
248
248
226
249
247
231
253
250
221
240
237
204
223
220
194
213
209
184
204
202
182
202
202
170
190
192
156
178
183
159
182
188
136
163
170
128
161
167
132
168
174
132
171
176
127
170
175
120
167
171
116
165
169
125
176
179
124
173
177
146
191
195
150
191
196
153
190
195
161
194
200
162
192
199
173
207
211
221
247
251
211
228
236
194
208
221
159
183
201
128
170
190
104
160
180
55
110
127
126
165
177
226
242
248
252
251
253
254
251
251
247
251
249
241
254
251
208
239
241
175
211
214
177
224
226
164
221
223
156
219
222
150
212
216
143
198
205
138
184
191
160
198
206
105
136
143
69
98
103
66
95
99
74
103
106
88
117
123
109
138
149
136
173
182
164
210
218
117
166
174
79
128
136
97
141
149
91
125
135
103
130
142
82
106
118
95
124
135
126
165
175
142
193
201
152
211
217
162
224
231
157
216
225
157
211
218
166
216
221
179
222
226
193
230
233
207
238
239
207
233
233
208
232
232
206
229
229
207
230
231
214
237
239
216
241
243
211
236
240
201
229
239
202
241
246
185
233
233
179
228
225
166
205
203
225
247
249
213
230
243
151
174
192
104
142
161
97
147
163
112
160
170
173
201
207
241
250
254
253
253
253
252
252
252
249
252
253
244
253
255
235
253
254
200
225
230
175
208
212
187
224
228
180
218
223
179
217
222
175
211
215
177
209
212
195
226
227
211
239
240
230
247
249
235
253
254
231
251
254
223
248
251
218
249
252
216
251
254
214
249
252
200
232
235
172
200
203
194
215
217
227
241
241
242
249
248
249
250
249
250
250
249
250
255
254
250
255
254
250
255
254
250
255
254
250
255
254
250
255
254
250
255
254
250
255
254
250
255
254
250
255
254
250
255
254
250
255
254
250
255
254
250
255
254
250
255
254
250
255
254
250
255
254
250
255
254
250
255
254
250
255
254
250
255
254
250
255
254
250
255
254
250
255
254
250
255
254
250
255
254
250
255
254
250
255
254
250
255
254
250
255
254
250
255
254
250
255
254
250
255
254
250
255
254
250
255
254
250
255
254
250
255
254
250
255
254
250
255
254
250
255
254
250
255
254
250
255
254
250
255
254
250
255
254
250
255
254
250
255
254
250
255
254
250
255
254
250
255
254
250
255
254
250
255
254
237
249
249
238
250
250
239
251
251
239
251
251
240
252
252
240
252
252
240
252
252
239
251
251
239
251
251
239
251
251
239
251
251
239
251
251
239
251
251
239
251
251
240
252
252
240
252
252
240
252
252
240
252
252
242
252
252
242
252
252
243
252
252
244
252
252
244
252
252
246
251
252
246
251
252
246
251
252
246
251
252
245
252
252
244
252
252
244
252
252
244
252
252
244
252
252
244
252
252
244
252
252
244
252
252
244
252
252
244
252
252
245
253
253
246
254
254
246
254
254
246
254
254
245
253
253
245
253
253
245
253
253
245
253
253
245
253
253
245
253
253
245
253
253
245
253
253
245
253
253
245
253
253
245
253
253
245
253
253
245
253
253
246
253
253
247
252
251
245
252
252
243
254
254
238
253
252
220
241
241
185
211
212
159
191
191
153
190
192
135
176
179
145
190
193
128
177
180
133
183
188
132
183
189
150
195
196
153
195
194
151
195
194
156
200
199
153
199
197
153
200
197
161
206
203
184
229
225
191
235
229
197
237
232
202
238
234
207
241
236
212
244
239
216
247
243
220
247
248
225
251
252
226
251
250
228
251
249
233
254
251
233
253
248
218
238
233
187
207
202
190
208
206
193
212
212
165
184
187
160
180
185
167
188
194
167
193
199
130
163
169
127
162
168
133
173
178
130
175
179
120
168
172
121
171
174
129
180
183
123
172
175
142
187
191
145
186
191
157
193
199
157
189
195
156
185
192
156
187
193
209
235
241
176
193
201
182
196
209
139
163
181
104
146
166
82
137
158
56
111
128
131
169
182
223
239
246
252
252
253
255
252
252
248
252
250
242
255
253
209
242
243
178
219
220
181
230
231
164
224
225
157
221
225
152
216
220
151
209
215
151
200
207
150
190
197
111
144
151
93
123
128
96
125
129
82
112
115
84
113
119
122
153
164
125
164
174
152
201
209
154
208
215
113
165
173
70
115
124
85
119
129
70
95
107
98
119
132
97
123
135
109
145
155
139
187
195
144
201
208
157
219
226
158
217
226
161
215
222
168
218
223
178
222
225
192
229
232
208
239
240
202
228
228
205
229
229
205
229
229
209
233
233
216
241
242
218
243
245
213
238
241
207
235
245
187
226
230
187
235
235
194
241
239
134
171
169
174
195
201
202
217
231
180
204
222
143
181
200
102
151
168
118
166
176
182
212
218
233
243
248
247
246
248
252
252
252
249
252
253
245
254
255
234
252
253
197
222
227
177
210
215
188
225
230
182
220
225
181
219
224
176
212
215
173
206
209
189
219
221
203
231
232
230
245
247
236
251
253
232
252
254
226
251
254
222
253
255
218
253
255
212
250
252
215
250
251
193
222
223
199
222
223
228
243
243
247
253
253
253
254
253
254
254
253
250
255
254
250
255
254
250
255
254
250
255
254
250
255
254
250
255
254
250
255
254
250
255
254
250
255
254
250
255
254
250
255
254
250
255
254
250
255
254
250
255
254
250
255
254
250
255
254
250
255
254
250
255
254
250
255
254
250
255
254
250
255
254
250
255
254
250
255
254
250
255
254
250
255
254
250
255
254
250
255
254
250
255
254
250
255
254
250
255
254
250
255
254
250
255
254
250
255
254
250
255
254
250
255
254
250
255
254
250
255
254
250
255
254
250
255
254
250
255
254
250
255
254
250
255
254
250
255
254
250
255
254
250
255
254
250
255
254
250
255
254
250
255
254
250
255
254
250
255
254
250
255
254
239
251
251
239
251
251
239
251
251
239
251
251
239
251
251
239
251
251
239
251
251
239
251
251
239
251
251
239
251
251
239
251
251
239
251
251
239
251
251
239
251
251
240
252
252
240
252
252
240
252
252
240
252
252
242
252
252
242
252
252
243
252
252
244
252
252
244
252
252
246
251
252
246
251
252
246
251
252
246
251
252
245
252
252
244
252
252
244
252
252
244
252
252
244
252
252
244
252
252
244
252
252
244
252
252
244
252
252
244
252
252
245
253
253
246
254
254
246
254
254
246
254
254
245
253
253
245
253
253
245
253
253
245
253
253
245
253
253
245
253
253
245
253
253
245
253
253
245
253
253
245
253
253
245
253
253
245
253
253
245
253
253
245
252
252
247
252
251
244
252
251
241
253
253
237
253
252
209
230
231
174
200
201
159
191
192
148
186
187
128
171
174
144
190
193
134
183
186
128
179
184
126
178
184
143
188
188
148
190
189
154
196
195
153
197
196
156
201
198
156
202
199
158
204
201
174
220
214
183
227
221
193
232
227
200
236
231
206
241
235
211
243
238
214
246
241
219
247
248
224
249
250
226
251
250
230
254
250
232
254
250
234
254
249
230
247
243
205
222
218
196
214
211
190
208
207
182
201
203
159
179
184
173
192
199
182
206
213
141
175
181
128
164
170
129
169
174
130
175
179
120
169
173
116
167
170
136
187
190
144
192
196
144
191
195
151
192
197
161
196
202
154
185
192
149
177
184
157
188
193
209
235
240
179
193
203
180
193
207
159
183
200
140
182
202
125
180
201
66
121
138
136
174
187
220
235
243
251
251
253
255
253
253
248
252
250
241
255
253
209
243
243
180
221
223
180
232
233
162
223
224
156
222
225
151
217
221
145
205
211
142
193
200
150
191
198
119
152
159
79
108
114
83
112
116
90
119
122
95
125
131
124
157
167
130
171
181
154
206
213
155
211
217
142
197
204
93
140
148
63
97
107
61
84
96
95
112
125
104
127
139
106
140
150
122
169
177
135
191
197
146
207
215
152
211
220
162
217
224
171
221
226
178
221
225
189
225
228
204
235
236
202
230
230
204
228
228
203
227
227
207
231
231
213
238
240
215
240
242
211
236
240
206
234
244
189
228
233
195
242
243
182
229
227
123
160
158
124
145
151
196
211
224
155
178
196
92
130
149
101
150
167
123
171
181
158
188
194
238
248
251
252
253
254
252
251
251
248
252
252
245
255
255
233
251
253
198
223
228
185
217
222
189
226
231
180
218
223
182
220
224
176
212
215
173
205
208
187
217
219
200
228
229
224
238
240
234
248
250
234
253
255
227
253
255
223
254
255
217
253
255
212
250
252
214
251
252
200
232
233
193
218
219
218
233
233
245
251
251
249
250
248
251
249
248
250
255
254
250
255
254
250
255
254
250
255
254
250
255
254
250
255
254
250
255
254
250
255
254
250
255
254
250
255
254
250
255
254
250
255
254
250
255
254
250
255
254
250
255
254
250
255
254
250
255
254
250
255
254
250
255
254
250
255
254
250
255
254
250
255
254
250
255
254
250
255
254
250
255
254
250
255
254
250
255
254
250
255
254
250
255
254
250
255
254
250
255
254
250
255
254
250
255
254
250
255
254
250
255
254
250
255
254
250
255
254
250
255
254
250
255
254
250
255
254
250
255
254
250
255
254
250
255
254
250
255
254
250
255
254
250
255
254
250
255
254
250
255
254
250
255
254
250
255
254
250
255
254
240
252
252
239
251
251
239
251
251
239
251
251
239
251
251
239
251
251
238
250
250
239
251
251
239
251
251
239
251
251
239
251
251
239
251
251
239
251
251
240
251
251
241
252
252
241
252
252
241
252
252
241
252
252
243
252
252
243
252
252
243
252
252
244
252
252
244
252
252
246
251
252
246
251
252
246
251
252
246
251
252
244
252
252
244
252
252
244
252
252
244
252
252
244
252
252
244
252
252
244
252
252
244
252
252
244
252
252
244
252
252
245
253
253
245
253
253
246
254
254
246
254
254
245
253
253
245
253
253
245
253
253
245
253
253
245
253
253
245
253
253
245
253
253
245
253
253
245
253
253
245
253
253
245
253
253
245
253
253
245
253
253
244
252
251
246
252
251
243
251
252
240
252
252
233
250
251
199
222
224
164
192
194
158
193
196
146
185
188
133
176
180
143
192
195
139
188
191
128
179
183
126
177
182
138
181
183
145
186
186
152
193
193
151
194
193
158
203
201
158
203
201
159
204
202
165
210
205
175
218
213
188
227
223
197
233
229
203
238
233
209
241
237
213
244
240
221
247
249
222
248
248
226
251
250
230
254
251
230
253
248
229
250
245
232
251
245
223
242
237
193
212
209
182
201
200
181
201
201
171
190
194
164
184
189
179
203
208
154
185
190
137
170
175
129
167
171
130
174
177
120
168
171
112
162
165
126
177
179
140
189
192
134
181
185
152
193
198
164
200
206
164
196
203
160
190
197
161
191
197
217
243
246
162
180
191
154
172
187
131
157
177
125
165
187
113
162
184
68
115
134
130
162
175
213
226
235
247
247
251
252
250
252
246
251
250
237
251
250
206
242
243
177
220
222
178
230
231
163
223
224
154
219
222
152
218
221
149
209
214
152
204
210
149
192
198
117
153
159
81
112
117
94
123
127
99
127
131
102
133
138
123
159
168
125
169
176
150
202
209
147
203
209
159
213
219
128
174
182
77
113
124
77
103
115
73
95
108
94
119
131
102
136
147
98
142
151
117
168
176
134
191
200
149
205
214
159
213
220
173
221
226
181
224
227
186
223
225
198
230
231
206
235
235
205
230
230
198
223
223
199
224
225
206
232
234
211
237
240
207
234
238
207
240
246
189
230
234
179
226
228
183
229
230
213
246
248
194
214
218
231
246
253
181
205
221
104
144
164
78
129
150
112
161
177
162
193
201
238
251
252
246
249
250
250
251
251
248
252
253
246
254
255
234
250
253
202
225
230
190
221
226
190
227
232
177
217
222
180
220
225
178
216
220
175
209
212
188
219
221
203
232
233
217
233
235
230
245
247
235
253
255
230
253
254
225
253
254
220
253
255
214
250
251
217
253
253
214
248
248
200
227
227
209
227
227
236
246
246
250
254
252
251
252
252
251
255
254
251
255
254
251
255
254
251
255
254
250
255
254
250
255
254
250
255
254
250
255
254
250
255
254
250
255
254
250
255
254
250
255
254
250
255
254
250
255
254
250
255
254
250
255
254
250
255
254
250
255
254
250
255
254
250
255
254
250
255
254
250
255
254
250
255
254
250
255
254
250
255
254
250
255
254
250
255
254
250
255
254
250
255
254
250
255
254
250
255
254
250
255
254
250
255
254
250
255
254
250
255
254
250
255
254
250
255
254
250
255
254
250
255
254
250
255
254
250
255
254
250
255
254
250
255
254
250
255
254
250
255
254
250
255
254
250
255
254
250
255
254
250
255
254
250
255
254
250
255
254
239
251
251
239
251
251
239
251
251
239
251
251
239
251
251
239
251
251
239
251
251
239
251
251
239
251
251
239
251
251
239
251
251
239
251
251
239
251
251
240
251
251
243
251
251
243
251
251
244
252
252
244
252
252
245
253
253
245
253
253
244
252
252
244
252
252
244
252
252
244
252
252
244
252
252
244
252
252
244
252
252
244
252
252
244
252
252
244
252
252
244
252
252
244
252
252
244
252
252
244
252
252
245
253
253
245
253
253
245
253
253
245
253
253
245
253
253
245
253
253
245
253
253
245
253
253
245
253
253
245
253
253
245
253
253
245
253
253
245
253
253
245
253
253
245
253
253
245
253
253
245
253
253
245
253
253
245
253
253
245
253
253
243
251
251
241
249
250
237
248
251
236
251
253
218
241
247
180
211
218
149
186
194
151
192
201
139
185
193
137
184
192
138
188
194
129
177
181
137
185
188
143
191
193
145
185
189
156
193
197
149
187
191
152
191
195
165
206
208
161
204
205
164
208
209
175
217
216
183
224
223
191
231
229
196
233
231
199
233
232
204
237
236
209
240
239
218
245
242
222
247
245
226
250
248
228
252
250
229
253
251
229
253
251
230
252
250
227
249
247
209
231
229
177
198
196
178
199
197
186
207
205
177
198
196
174
194
194
164
184
187
158
182
184
138
168
169
135
171
171
121
162
164
124
171
172
124
173
175
134
183
185
137
185
188
146
192
196
154
195
200
164
203
208
159
196
202
163
190
195
213
241
246
149
180
195
116
149
171
81
115
143
91
123
153
91
118
145
72
91
111
120
132
145
213
221
228
243
250
253
243
250
253
244
253
255
227
242
246
196
236
241
174
218
223
177
226
230
173
227
230
158
217
219
161
222
224
153
213
215
153
211
213
150
201
205
120
164
169
86
121
127
91
118
125
96
118
126
107
138
144
111
156
160
129
174
178
152
198
205
164
212
218
164
212
219
146
193
201
103
150
160
77
122
133
60
102
115
63
101
115
90
126
140
110
144
160
110
144
160
128
170
183
155
199
210
155
198
207
171
212
218
193
231
235
189
224
225
195
226
227
195
227
226
200
231
231
194
223
226
196
225
230
198
226
233
205
234
241
196
228
234
189
240
230
186
236
237
181
228
239
189
228
243
210
236
245
225
242
243
224
243
243
180
211
222
105
153
179
76
134
171
86
140
174
151
189
207
224
245
246
237
247
245
245
251
251
248
253
254
247
253
255
241
250
255
210
226
234
187
214
221
187
226
233
166
213
220
165
216
219
172
218
222
167
207
211
176
210
213
196
224
227
209
230
231
228
245
246
238
253
254
239
252
254
238
254
254
233
254
254
221
249
249
213
248
246
211
250
248
196
232
231
176
206
206
207
229
230
241
253
253
243
249
251
255
254
254
255
254
254
255
255
255
253
255
255
251
254
254
249
254
253
249
254
253
249
255
254
249
255
254
249
255
254
249
255
254
249
255
254
249
255
254
250
255
254
250
255
254
250
255
254
250
255
254
250
255
254
250
255
254
250
255
254
250
255
254
250
255
254
250
255
254
250
255
254
250
255
254
250
255
254
250
255
254
252
254
254
252
254
254
252
254
254
252
254
254
252
254
254
252
254
254
252
254
254
252
254
254
252
254
254
252
254
254
252
254
254
252
254
254
252
254
254
252
254
254
250
255
254
250
255
254
250
255
254
250
255
254
250
255
254
250
255
254
250
255
254
250
255
254
250
255
254
250
255
254
239
251
251
239
251
251
239
251
251
239
251
251
239
251
251
239
251
251
239
251
251
239
251
251
239
251
251
239
251
251
239
251
251
239
251
251
239
251
251
240
251
251
243
251
251
243
251
251
244
252
252
244
252
252
245
253
253
245
253
253
244
252
252
244
252
252
244
252
252
244
252
252
244
252
252
244
252
252
244
252
252
244
252
252
244
252
252
244
252
252
244
252
252
244
252
252
244
252
252
244
252
252
245
253
253
245
253
253
245
253
253
245
253
253
245
253
253
245
253
253
245
253
253
245
253
253
245
253
253
245
253
253
245
253
253
245
253
253
245
253
253
245
253
253
245
253
253
245
253
253
245
253
253
245
253
253
245
253
253
245
253
253
244
252
252
237
246
247
238
249
252
230
246
251
214
239
245
168
199
206
159
196
204
155
197
206
141
187
195
136
183
191
136
185
191
130
178
182
141
189
192
150
198
200
154
194
197
163
200
204
154
192
196
154
193
197
162
203
206
159
202
203
160
204
205
171
213
213
182
223
222
194
234
233
202
238
237
204
238
237
207
239
238
210
241
239
218
245
242
220
246
244
225
249
247
227
251
249
228
252
250
228
252
250
230
252
250
231
252
251
228
249
248
202
223
221
177
198
196
191
212
210
194
215
213
175
195
195
166
186
188
160
184
186
129
159
160
127
163
163
115
156
158
124
170
171
129
177
179
132
181
183
141
190
192
143
189
193
157
199
204
160
199
204
153
190
196
154
181
185
213
241
243
121
151
166
136
170
192
103
138
165
59
90
119
67
93
119
90
109
127
173
185
197
233
241
245
247
253
255
243
250
252
243
252
254
235
249
252
188
230
234
178
223
227
180
229
232
173
227
230
161
219
222
163
224
226
151
212
214
152
209
212
152
203
207
122
165
170
88
123
129
91
118
125
97
119
127
112
143
150
119
164
168
131
176
180
149
195
202
161
208
215
166
214
221
154
201
209
130
177
187
105
150
161
82
124
136
61
100
114
65
101
116
97
131
146
110
143
159
105
147
161
131
176
187
151
194
203
156
195
202
170
208
211
187
222
223
186
217
218
188
219
219
202
232
233
202
231
234
199
228
233
193
222
228
204
233
240
199
232
237
180
230
221
189
240
240
175
222
233
182
220
236
220
246
252
232
249
249
221
240
241
178
209
220
117
166
192
97
155
192
110
164
198
114
152
171
206
226
229
245
254
252
248
253
253
244
249
252
245
252
255
242
251
255
210
227
235
191
219
226
187
226
232
163
210
216
163
214
217
173
220
224
172
212
216
181
215
218
196
224
228
206
227
228
220
238
239
234
248
250
240
253
255
238
254
255
233
253
253
224
251
252
211
245
244
211
249
247
214
250
249
192
223
222
197
219
220
235
247
249
246
252
254
253
253
253
254
254
254
253
254
254
253
255
255
250
255
254
249
254
253
249
254
253
249
255
254
249
255
254
249
255
254
249
255
254
249
255
254
249
255
254
250
255
254
250
255
254
250
255
254
250
255
254
250
255
254
250
255
254
250
255
254
250
255
254
250
255
254
250
255
254
250
255
254
250
255
254
250
255
254
250
255
254
252
254
254
252
254
254
252
254
254
252
254
254
252
254
254
252
254
254
252
254
254
252
254
254
252
254
254
252
254
254
252
254
254
252
254
254
252
254
254
252
254
254
250
255
254
250
255
254
250
255
254
250
255
254
250
255
254
250
255
254
250
255
254
250
255
254
250
255
254
250
255
254
239
251
251
239
251
251
239
251
251
239
251
251
239
251
251
239
251
251
239
251
251
239
251
251
239
251
251
239
251
251
239
251
251
239
251
251
239
251
251
240
251
251
243
251
251
243
251
251
244
252
252
244
252
252
245
253
253
245
253
253
244
252
252
244
252
252
244
252
252
244
252
252
244
252
252
244
252
252
244
252
252
244
252
252
244
252
252
244
252
252
244
252
252
244
252
252
244
252
252
244
252
252
245
253
253
245
253
253
245
253
253
245
253
253
245
253
253
245
253
253
245
253
253
245
253
253
245
253
253
245
253
253
245
253
253
245
253
253
245
253
253
245
253
253
245
253
253
245
253
253
245
253
253
245
253
253
245
253
253
245
253
253
245
254
254
239
250
251
238
251
252
232
250
253
193
218
224
159
190
197
156
195
203
151
195
204
141
187
195
138
185
193
140
188
194
137
185
189
143
191
194
147
195
197
153
193
197
163
200
204
157
195
199
156
195
198
163
204
206
163
206
207
163
207
208
168
211
210
181
222
221
196
236
234
205
241
240
208
242
241
209
241
240
211
241
240
216
243
240
219
245
242
223
247
245
226
250
248
227
251
249
227
251
249
229
251
249
228
250
248
228
250
248
221
243
241
188
209
207
183
204
202
192
213
211
175
195
195
171
191
193
175
199
201
145
174
175
130
166
166
119
159
161
124
169
170
127
175
176
127
175
177
139
187
189
138
182
186
155
196
201
155
194
199
146
183
189
150
178
181
201
229
232
100
130
145
106
139
160
104
138
164
64
95
122
67
94
118
147
163
181
230
240
248
243
249
252
243
248
249
245
251
251
242
251
252
236
249
251
177
220
224
183
229
233
183
232
235
173
227
230
164
223
225
165
226
228
151
212
214
154
211
213
157
208
211
123
166
171
88
123
129
89
116
123
100
122
130
117
148
154
124
168
173
132
177
181
146
192
198
159
205
212
169
217
223
163
210
218
157
204
213
128
173
184
100
142
154
85
124
137
66
102
116
78
112
126
106
139
154
95
138
151
109
153
164
145
187
195
157
195
202
160
198
202
181
216
219
191
222
224
191
222
223
199
229
230
195
224
227
195
224
229
193
222
229
205
234
241
202
234
240
183
233
224
184
234
235
185
232
243
192
229
245
183
209
220
194
211
212
215
233
234
171
202
213
110
157
184
116
173
210
116
170
204
98
136
155
185
204
208
239
248
247
246
251
251
244
249
252
244
251
254
241
252
255
211
230
237
193
222
229
190
230
236
165
213
219
163
214
217
172
220
223
172
214
218
181
215
218
191
219
223
206
227
229
215
234
235
230
245
247
241
254
255
238
252
253
230
249
251
226
253
253
222
253
252
208
245
243
215
250
249
205
235
235
195
217
218
223
236
238
243
250
252
252
253
253
252
253
253
252
254
254
251
254
254
250
255
254
249
254
253
249
254
253
249
255
254
249
255
254
249
255
254
249
255
254
249
255
254
249
255
254
250
255
254
250
255
254
250
255
254
250
255
254
250
255
254
250
255
254
250
255
254
250
255
254
250
255
254
250
255
254
250
255
254
250
255
254
250
255
254
250
255
254
252
254
254
252
254
254
252
254
254
252
254
254
252
254
254
252
254
254
252
254
254
252
254
254
252
254
254
252
254
254
252
254
254
252
254
254
252
254
254
252
254
254
250
255
254
250
255
254
250
255
254
250
255
254
250
255
254
250
255
254
250
255
254
250
255
254
250
255
254
250
255
254
239
251
251
239
251
251
239
251
251
239
251
251
239
251
251
239
251
251
239
251
251
239
251
251
239
251
251
239
251
251
239
251
251
239
251
251
239
251
251
240
251
251
243
251
251
243
251
251
244
252
252
244
252
252
245
253
253
245
253
253
244
252
252
244
252
252
244
252
252
244
252
252
244
252
252
244
252
252
244
252
252
244
252
252
244
252
252
244
252
252
244
252
252
244
252
252
244
252
252
244
252
252
245
253
253
245
253
253
245
253
253
245
253
253
245
253
253
245
253
253
245
253
253
245
253
253
245
253
253
245
253
253
245
253
253
245
253
253
245
253
253
245
253
253
245
253
253
245
253
253
245
253
253
245
253
253
245
253
253
245
253
253
243
252
252
240
252
253
237
252
254
229
249
251
168
196
202
160
194
201
155
194
202
146
191
199
140
187
195
140
187
195
143
191
196
142
190
194
141
189
192
138
186
188
148
187
191
157
194
198
158
196
200
157
196
200
164
205
207
170
213
214
168
212
213
168
210
209
179
221
220
194
234
232
203
240
238
207
241
240
209
241
240
212
242
241
215
242
239
218
244
242
222
246
244
225
249
247
226
250
248
226
250
248
229
251
249
227
249
247
223
245
243
231
252
250
215
236
234
184
205
203
180
201
199
181
202
202
181
201
203
183
207
209
155
184
185
115
150
150
119
158
160
127
171
173
123
170
172
125
173
175
130
178
180
133
178
182
147
188
193
152
191
196
144
182
187
159
187
190
176
202
207
131
161
173
125
158
178
114
147
172
58
88
113
56
81
103
174
191
206
239
248
253
240
246
247
239
244
244
248
254
253
241
248
249
230
243
246
169
212
217
188
234
238
184
234
237
173
227
230
166
225
227
167
228
230
155
214
216
160
217
220
163
213
217
121
164
169
84
121
127
85
113
120
102
125
133
117
148
155
124
167
172
131
176
180
145
190
197
158
204
211
172
219
226
170
217
225
170
217
225
144
190
200
113
155
167
115
154
167
93
129
143
63
97
111
88
121
135
91
133
145
99
141
153
126
166
175
152
191
197
155
193
197
157
191
195
178
210
213
195
226
228
192
222
224
185
214
218
192
221
226
195
225
231
205
235
241
199
232
237
187
236
227
183
233
233
188
235
246
182
219
235
140
166
176
146
161
162
192
210
211
166
197
208
96
142
169
125
182
220
101
154
189
113
150
169
182
202
205
222
232
230
239
245
245
247
252
254
244
251
254
240
251
255
214
233
238
190
220
227
193
234
240
170
219
226
162
215
218
167
217
220
169
211
214
179
212
216
186
214
218
207
230
231
212
232
233
226
242
244
240
253
254
238
252
253
230
248
249
228
253
253
222
254
253
212
249
247
213
248
247
211
241
240
192
214
215
199
213
215
242
251
253
249
252
252
249
252
252
251
254
253
250
255
254
250
255
254
249
254
253
249
254
253
250
255
254
249
255
254
249
255
254
249
255
254
249
255
254
249
255
254
250
255
254
250
255
254
250
255
254
250
255
254
250
255
254
250
255
254
250
255
254
250
255
254
250
255
254
250
255
254
250
255
254
250
255
254
250
255
254
250
255
254
252
254
254
252
254
254
252
254
254
252
254
254
252
254
254
252
254
254
252
254
254
252
254
254
252
254
254
252
254
254
252
254
254
252
254
254
252
254
254
252
254
254
250
255
254
250
255
254
250
255
254
250
255
254
250
255
254
250
255
254
250
255
254
250
255
254
250
255
254
250
255
254
239
251
251
239
251
251
239
251
251
239
251
251
239
251
251
239
251
251
239
251
251
239
251
251
239
251
251
239
251
251
239
251
251
239
251
251
239
251
251
240
251
251
243
251
251
243
251
251
244
252
252
244
252
252
245
253
253
245
253
253
244
252
252
244
252
252
244
252
252
244
252
252
244
252
252
244
252
252
244
252
252
244
252
252
244
252
252
244
252
252
244
252
252
244
252
252
244
252
252
244
252
252
245
253
253
245
253
253
245
253
253
245
253
253
245
253
253
245
253
253
245
253
253
245
253
253
245
253
253
245
253
253
245
253
253
245
253
253
245
253
253
245
253
253
245
253
253
245
253
253
245
253
253
245
253
253
245
253
253
245
253
253
239
250
250
234
250
250
235
253
254
208
230
234
162
192
197
162
198
204
157
197
206
142
187
196
141
188
196
136
185
193
136
184
190
142
190
194
141
188
191
139
184
187
148
187
190
156
193
197
162
200
204
158
197
201
161
202
204
169
212
213
163
207
208
169
211
210
179
221
220
191
231
229
199
236
234
203
237
236
207
239
238
211
242
241
215
242
239
218
244
241
222
246
244
224
248
246
226
250
248
226
250
248
227
249
247
227
248
247
227
249
247
229
249
248
232
253
251
204
225
223
179
200
198
185
206
205
185
207
209
175
199
201
150
180
181
95
130
130
114
152
154
126
168
170
120
166
168
128
175
177
125
172
174
135
179
183
141
183
188
154
193
198
149
187
192
148
176
178
169
196
200
154
184
195
135
168
185
120
152
175
64
93
116
63
87
107
178
195
207
235
245
251
245
251
251
248
253
252
247
252
251
245
253
253
229
242
244
165
210
214
190
237
241
183
233
236
174
228
231
168
226
228
169
228
230
160
218
220
167
223
225
167
218
221
118
162
167
84
121
127
83
112
119
102
128
136
115
147
154
123
165
170
132
175
180
147
191
197
158
204
211
173
219
226
173
220
227
172
219
226
167
212
220
133
174
185
126
165
176
115
151
164
68
102
115
67
100
113
80
121
133
102
144
155
108
148
157
135
173
180
158
194
199
151
184
189
166
197
201
182
213
217
188
217
221
189
218
223
196
226
231
193
224
230
199
231
237
194
228
231
174
223
213
180
230
230
183
229
240
188
224
240
191
215
226
202
217
218
211
228
229
156
185
197
92
138
165
124
181
218
91
145
179
138
175
194
214
234
236
218
227
225
231
237
237
247
252
253
242
249
252
238
250
255
213
234
238
184
216
223
192
234
240
172
222
228
161
214
217
163
213
216
167
209
212
180
212
216
189
215
219
203
228
229
207
229
229
219
237
238
234
249
250
239
252
253
235
251
252
233
254
254
219
249
249
220
252
252
215
249
248
217
246
246
194
216
217
181
198
199
240
251
252
246
252
251
247
252
251
248
254
253
249
255
254
250
255
254
250
255
254
250
255
254
250
255
254
250
255
254
249
255
254
249
255
254
249
255
254
249
255
254
250
255
254
250
255
254
250
255
254
250
255
254
250
255
254
250
255
254
250
255
254
250
255
254
250
255
254
250
255
254
250
255
254
250
255
254
250
255
254
250
255
254
252
254
254
252
254
254
252
254
254
252
254
254
252
254
254
252
254
254
252
254
254
252
254
254
252
254
254
252
254
254
252
254
254
252
254
254
252
254
254
252
254
254
250
255
254
250
255
254
250
255
254
250
255
254
250
255
254
250
255
254
250
255
254
250
255
254
250
255
254
250
255
254
239
251
251
239
251
251
239
251
251
239
251
251
239
251
251
239
251
251
239
251
251
239
251
251
239
251
251
239
251
251
239
251
251
239
251
251
239
251
251
240
251
251
243
251
251
243
251
251
244
252
252
244
252
252
245
253
253
245
253
253
244
252
252
244
252
252
244
252
252
244
252
252
244
252
252
244
252
252
244
252
252
244
252
252
244
252
252
244
252
252
244
252
252
244
252
252
244
252
252
244
252
252
245
253
253
245
253
253
245
253
253
245
253
253
245
253
253
245
253
253
245
253
253
245
253
253
245
253
253
245
253
253
245
253
253
245
253
253
245
253
253
245
253
253
245
253
253
245
253
253
245
253
253
245
253
253
245
253
253
245
253
253
240
252
251
234
252
252
230
250
251
183
208
211
164
195
200
159
196
202
155
197
205
140
186
194
143
190
198
134
183
191
128
176
182
140
187
191
141
187
190
141
186
189
148
187
190
154
191
195
165
203
207
159
198
202
158
199
201
167
210
211
156
200
201
170
213
212
181
222
221
191
230
229
197
233
232
200
234
233
204
236
235
209
239
238
216
243
240
219
245
242
223
247
245
225
249
247
226
250
248
226
250
248
225
247
245
226
247
245
232
253
252
225
246
244
232
252
251
225
246
244
194
215
213
185
206
205
182
204
206
166
190
192
151
180
181
110
143
144
118
156
158
119
159
161
119
163
165
131
175
178
132
176
179
139
181
186
143
183
188
156
195
200
155
193
198
144
173
174
179
206
210
150
179
190
132
164
181
108
140
161
56
84
105
73
95
113
184
199
210
240
248
252
247
251
250
248
251
249
239
244
242
245
253
252
230
244
245
165
211
215
190
238
242
180
231
234
174
228
231
168
226
229
169
228
230
162
221
223
169
224
226
169
219
222
117
160
165
88
125
131
84
115
122
104
131
138
115
148
155
126
167
173
135
177
184
148
192
199
158
203
210
172
218
225
173
219
226
175
221
228
186
230
238
162
203
212
134
173
182
125
161
172
97
131
143
74
106
118
62
102
114
89
130
141
87
127
136
105
142
150
144
179
186
154
186
192
161
191
197
164
194
199
180
210
215
191
221
226
198
228
233
188
220
225
195
227
233
195
230
234
179
227
218
177
226
227
176
221
233
185
221
237
217
240
251
229
244
245
218
235
236
171
200
211
108
154
180
128
184
221
90
142
177
138
174
193
223
242
244
219
228
226
227
232
232
237
242
245
238
246
249
238
251
255
210
232
237
182
215
221
189
233
239
170
223
228
161
216
219
164
214
217
169
210
214
184
216
220
194
220
224
197
224
224
202
226
226
212
231
232
226
240
242
237
249
251
240
254
255
235
254
255
221
247
247
222
252
252
214
247
246
220
250
249
215
239
240
187
206
207
214
228
228
243
251
250
244
252
251
246
253
252
248
254
253
250
255
254
250
255
254
250
255
254
250
255
254
250
255
254
250
255
254
249
255
254
249
255
254
248
255
254
249
255
254
250
255
254
250
255
254
250
255
254
250
255
254
250
255
254
250
255
254
250
255
254
250
255
254
250
255
254
250
255
254
250
255
254
250
255
254
250
255
254
252
254
254
252
254
254
252
254
254
252
254
254
252
254
254
252
254
254
252
254
254
252
254
254
252
254
254
252
254
254
252
254
254
252
254
254
252
254
254
252
254
254
250
255
254
250
255
254
250
255
254
250
255
254
250
255
254
250
255
254
250
255
254
250
255
254
250
255
254
250
255
254
239
251
251
239
251
251
239
251
251
239
251
251
239
251
251
239
251
251
239
251
251
239
251
251
239
251
251
239
251
251
239
251
251
239
251
251
239
251
251
240
251
251
243
251
251
243
251
251
244
252
252
244
252
252
245
253
253
245
253
253
244
252
252
244
252
252
244
252
252
244
252
252
244
252
252
244
252
252
244
252
252
244
252
252
244
252
252
244
252
252
244
252
252
244
252
252
244
252
252
244
252
252
245
253
253
245
253
253
245
253
253
245
253
253
245
253
253
245
253
253
245
253
253
245
253
253
245
253
253
245
253
253
245
253
253
245
253
253
245
253
253
245
253
253
245
253
253
245
253
253
245
253
253
245
253
253
245
253
253
245
253
253
240
253
252
232
254
253
212
236
237
170
198
201
160
194
198
162
202
208
154
198
206
143
191
199
144
193
201
136
185
193
130
178
184
143
190
194
140
185
189
137
181
184
140
179
183
147
184
188
163
201
205
159
198
202
158
199
202
170
213
214
158
202
203
172
214
213
183
224
223
193
232
231
198
234
233
199
233
232
201
234
233
205
236
235
216
243
240
219
245
242
223
247
245
226
250
248
227
251
249
227
250
248
228
250
248
227
249
247
229
250
249
229
250
248
230
250
249
230
251
249
216
237
235
194
215
215
184
206
208
159
183
185
144
171
172
134
166
167
128
163
166
119
158
160
125
166
169
129
172
175
141
184
187
138
180
185
146
186
191
152
192
197
154
193
198
152
181
182
195
223
227
154
184
194
131
163
179
105
136
156
64
91
110
82
103
119
179
193
201
244
251
253
244
249
247
246
250
247
240
246
243
245
253
253
224
240
241
166
214
218
188
239
242
176
229
232
174
229
232
168
226
228
168
227
229
164
222
224
165
220
223
167
217
221
117
160
165
93
132
137
88
120
127
106
134
141
118
150
158
133
173
181
139
181
188
149
192
199
158
202
209
171
216
223
172
218
225
181
226
233
187
231
238
186
227
235
159
197
206
136
173
182
135
169
178
108
140
150
69
109
120
73
113
123
77
115
125
86
122
132
114
148
157
142
174
182
154
183
190
158
188
194
166
196
202
175
205
211
188
219
225
186
218
224
195
227
233
192
228
231
173
221
211
178
226
227
178
223
234
176
212
228
216
239
249
233
247
248
210
226
227
173
202
213
100
144
171
126
181
219
93
144
180
145
179
199
226
244
246
236
244
242
226
231
232
222
227
229
233
242
244
239
252
255
205
228
235
183
217
223
189
234
240
170
224
230
165
221
223
167
218
221
172
213
217
186
218
222
195
221
225
193
223
223
200
226
226
208
227
229
219
233
235
234
245
248
242
253
254
235
252
253
229
252
252
221
250
250
218
249
249
217
248
247
217
243
243
202
223
223
194
211
212
239
251
249
241
252
250
244
253
252
246
254
253
249
255
254
250
255
254
250
255
254
251
255
254
250
255
254
250
255
254
249
255
254
248
255
254
247
255
254
249
255
254
250
255
254
250
255
254
250
255
254
250
255
254
250
255
254
250
255
254
250
255
254
250
255
254
250
255
254
250
255
254
250
255
254
250
255
254
250
255
254
252
254
254
252
254
254
252
254
254
252
254
254
252
254
254
252
254
254
252
254
254
252
254
254
252
254
254
252
254
254
252
254
254
252
254
254
252
254
254
252
254
254
250
255
254
250
255
254
250
255
254
250
255
254
250
255
254
250
255
254
250
255
254
250
255
254
250
255
254
250
255
254
238
250
250
238
250
250
238
250
250
238
250
250
238
250
250
238
250
250
239
251
251
239
251
251
239
251
251
239
251
251
239
251
251
239
251
251
239
251
251
241
251
251
244
252
252
244
252
252
244
252
252
244
252
252
244
252
252
244
252
252
245
253
253
245
253
253
245
253
253
245
253
253
245
253
253
245
253
253
245
253
253
244
252
252
244
252
252
244
252
252
244
252
252
244
252
252
244
252
252
244
252
252
245
253
253
245
253
253
245
253
253
245
253
253
245
253
253
245
253
253
245
253
253
245
253
253
245
253
253
245
253
253
245
253
253
245
253
253
245
253
253
245
253
253
246
253
253
244
252
252
244
252
252
245
253
253
246
254
254
246
254
254
239
253
253
230
254
253
191
219
220
166
197
200
158
195
199
160
203
208
150
196
203
144
192
200
144
193
201
142
191
199
140
188
193
147
193
197
145
190
194
143
186
189
140
179
182
147
184
188
161
199
203
162
201
205
163
204
206
167
210
211
157
201
202
169
211
210
182
224
223
191
231
230
198
235
233
199
233
232
203
236
235
206
236
235
214
241
238
218
244
241
222
246
244
225
249
247
226
250
248
227
251
249
230
251
250
229
251
249
227
249
247
231
252
250
229
250
248
228
249
247
227
248
246
213
234
234
190
213
215
163
187
189
130
157
158
141
172
174
132
166
168
116
153
156
127
167
169
124
166
169
139
181
184
142
183
188
142
182
187
147
187
192
153
192
197
152
183
185
211
240
243
165
196
206
120
152
169
105
136
155
99
127
144
97
118
132
174
187
194
242
249
250
249
253
250
248
253
248
247
254
251
241
251
251
226
243
245
167
216
220
185
237
240
177
231
234
174
231
233
170
227
229
164
223
225
164
221
223
170
225
227
163
214
217
123
168
172
96
135
140
92
125
131
102
132
139
118
152
159
130
169
177
134
174
182
144
186
193
154
198
205
164
208
215
178
223
230
187
231
238
187
230
236
194
235
241
184
222
228
153
189
196
148
182
190
145
178
186
109
148
157
70
110
119
67
105
114
75
111
121
96
130
140
132
163
173
149
179
187
156
185
194
157
186
194
159
188
195
172
203
210
182
215
220
183
218
223
190
228
230
172
219
210
174
221
222
183
227
238
160
196
211
218
240
247
233
245
247
206
221
223
172
200
211
100
144
171
124
178
216
89
141
176
132
167
187
225
242
245
243
250
248
231
236
236
217
222
224
221
230
233
237
252
255
206
230
237
184
220
226
187
235
241
172
227
232
165
222
225
167
219
222
173
216
219
186
219
223
196
222
226
192
224
224
201
229
229
209
230
231
218
232
234
234
244
247
242
252
254
238
252
253
228
249
250
223
251
251
223
254
253
221
252
251
225
253
253
222
245
245
201
221
221
220
234
232
238
251
249
242
253
251
244
253
252
247
253
252
251
255
255
252
255
254
252
254
254
251
255
254
250
255
254
249
255
254
248
255
254
247
255
254
249
255
254
250
255
254
250
255
254
250
255
254
250
255
254
250
255
254
250
255
254
250
255
254
250
255
254
250
255
254
250
255
254
250
255
254
250
255
254
250
255
254
252
254
254
252
254
254
252
254
254
252
254
254
252
254
254
252
254
254
252
254
254
252
254
254
252
254
254
252
254
254
252
254
254
252
254
254
252
254
254
252
254
254
250
255
254
250
255
254
250
255
254
250
255
254
250
255
254
250
255
254
250
255
254
251
255
255
251
255
255
251
255
255
238
250
250
238
250
250
238
250
250
238
250
250
238
250
250
238
250
250
238
250
250
240
252
252
240
252
252
240
252
252
240
252
252
240
252
252
240
252
252
241
252
252
244
252
252
244
252
252
244
252
252
244
252
252
244
252
252
244
252
252
245
253
253
245
253
253
245
253
253
245
253
253
245
253
253
245
253
253
245
253
253
244
252
252
244
252
252
244
252
252
244
252
252
244
252
252
244
252
252
244
252
252
245
253
253
245
253
253
245
253
253
245
253
253
245
253
253
245
253
253
245
253
253
245
253
253
245
253
253
245
253
253
245
253
253
245
253
253
245
253
253
245
253
253
246
253
253
244
252
252
245
253
253
246
254
254
246
254
254
245
253
253
237
253
252
222
251
249
183
215
215
169
204
206
163
203
207
152
196
201
142
190
197
140
190
197
142
193
200
146
195
203
147
194
200
148
195
199
151
195
199
151
193
196
144
183
186
150
187
191
160
198
202
165
204
208
165
206
208
161
204
205
156
200
201
160
202
202
175
217
216
186
226
224
196
232
231
197
231
230
203
236
235
205
236
235
212
239
236
216
242
239
221
245
243
224
248
246
226
250
248
227
251
249
229
251
249
229
251
249
229
251
249
229
250
248
229
250
248
228
249
247
228
249
247
224
246
245
206
228
230
182
206
208
136
164
165
143
173
175
133
165
168
109
144
147
121
158
161
124
163
167
136
175
179
145
185
190
136
176
181
141
181
186
153
193
198
161
194
196
207
238
241
170
202
213
125
159
175
103
134
153
115
143
161
108
128
142
171
185
191
239
247
246
250
255
252
246
251
248
244
253
251
236
248
249
228
247
249
166
218
221
181
234
237
178
233
236
175
232
234
174
231
233
165
223
225
167
223
225
174
228
231
159
209
212
129
175
179
99
138
143
98
133
139
103
135
141
123
157
165
128
167
175
128
167
175
138
180
187
155
198
205
159
203
210
181
226
231
189
234
239
192
234
239
195
235
240
198
235
240
175
210
216
155
189
195
162
194
200
146
185
193
89
128
137
66
103
112
68
103
113
85
117
128
117
147
158
134
163
173
145
173
183
155
184
193
157
187
194
159
192
198
168
203
207
163
199
203
184
222
224
180
226
217
173
219
221
185
228
240
161
195
211
219
240
248
220
233
235
211
226
227
172
199
210
108
150
177
125
178
216
92
142
177
122
155
175
230
246
250
246
252
251
236
240
240
199
204
207
207
216
219
227
243
248
202
229
235
180
219
224
186
236
241
173
229
235
164
222
225
167
220
223
175
218
221
186
219
223
199
224
228
192
226
225
201
232
231
210
233
233
219
234
236
235
244
247
242
250
253
243
255
255
230
250
251
228
254
254
221
252
251
220
251
250
224
253
253
215
240
240
197
219
219
205
223
220
233
249
247
240
252
251
241
251
250
242
248
247
247
251
250
252
254
254
252
254
254
251
254
254
250
255
254
249
255
254
247
255
254
247
255
254
248
255
254
250
255
254
250
255
254
250
255
254
250
255
254
250
255
254
250
255
254
250
255
254
250
255
254
250
255
254
250
255
254
250
255
254
250
255
254
250
255
254
252
254
254
252
254
254
252
254
254
252
254
254
252
254
254
252
254
254
252
254
254
252
254
254
252
254
254
252
254
254
252
254
254
252
254
254
252
254
254
252
254
254
250
255
254
250
255
254
250
255
254
250
255
254
250
255
254
250
255
254
250
255
254
250
255
254
250
255
254
250
255
254
238
250
250
238
250
250
238
250
250
238
250
250
238
250
250
238
250
250
238
250
250
240
252
252
240
252
252
240
252
252
240
252
252
240
252
252
240
252
252
241
252
252
244
252
252
244
252
252
244
252
252
244
252
252
244
252
252
244
252
252
245
253
253
245
253
253
245
253
253
245
253
253
245
253
253
245
253
253
245
253
253
244
252
252
244
252
252
244
252
252
244
252
252
244
252
252
244
252
252
244
252
252
245
253
253
245
253
253
245
253
253
245
253
253
245
253
253
245
253
253
245
253
253
245
253
253
245
253
253
245
253
253
245
253
253
245
253
253
245
253
253
245
253
253
244
252
252
246
254
254
246
254
254
246
254
254
244
252
252
243
251
251
235
252
251
208
240
238
182
216
216
174
212
214
167
209
212
148
195
199
141
191
197
141
192
200
142
194
201
146
195
203
148
196
201
151
197
201
153
196
199
148
190
193
145
183
187
148
185
189
159
197
201
166
205
209
164
205
207
162
205
206
165
209
210
158
200
200
171
212
211
186
226
224
197
233
232
200
234
233
203
235
234
205
236
235
212
239
236
216
242
239
221
245
243
224
248
246
226
250
248
227
251
249
229
251
249
229
251
249
229
251
249
229
251
249
229
250
248
229
250
248
229
250
248
225
247
246
223
246
247
195
219
221
169
195
196
159
188
190
140
170
174
119
151
154
118
153
157
127
164
168
132
170
174
138
177
182
137
177
182
140
180
185
154
194
199
152
185
189
202
235
241
156
190
202
111
146
162
115
148
167
124
153
171
114
136
149
168
182
187
239
247
247
249
254
252
245
251
249
243
253
252
235
248
250
221
241
246
167
222
225
180
234
237
176
232
234
175
231
234
176
233
235
172
229
231
173
229
232
176
229
232
160
209
213
131
177
181
104
144
149
104
139
145
105
139
145
128
163
170
136
173
181
128
167
175
139
179
186
159
201
208
162
206
211
177
222
226
187
231
236
192
234
239
196
237
241
204
242
246
194
230
235
174
207
212
160
192
197
158
196
204
129
166
176
101
137
147
83
117
128
69
100
112
87
116
128
112
140
153
135
163
175
153
181
192
157
187
196
153
186
193
158
194
198
153
190
194
170
209
210
178
224
214
177
222
224
171
214
226
154
186
203
185
206
217
166
178
180
186
199
201
162
188
200
108
150
177
123
176
213
88
137
173
126
159
178
236
252
252
245
251
250
242
246
247
204
209
211
217
226
230
215
232
237
203
231
235
177
218
223
183
236
240
173
232
236
168
227
229
171
224
227
176
220
223
186
219
223
200
224
229
191
227
226
199
232
231
207
231
231
217
231
233
234
241
244
242
248
251
244
253
255
235
251
253
231
254
254
222
251
250
218
249
248
223
253
252
220
247
247
207
232
231
195
216
213
214
232
230
232
247
245
239
251
249
239
246
245
242
247
246
252
254
254
252
254
254
252
254
254
250
255
254
249
255
254
247
255
254
245
255
254
248
255
254
250
255
254
250
255
254
250
255
254
250
255
254
250
255
254
250
255
254
250
255
254
250
255
254
250
255
254
250
255
254
250
255
254
250
255
254
250
255
254
252
254
254
252
254
254
252
254
254
252
254
254
252
254
254
252
254
254
252
254
254
252
254
254
252
254
254
252
254
254
252
254
254
252
254
254
252
254
254
252
254
254
250
255
254
250
255
254
250
255
254
250
255
254
250
255
254
250
255
254
250
255
254
250
255
254
250
255
254
250
255
254
239
251
251
239
251
251
239
251
251
239
251
251
239
251
251
239
251
251
239
251
251
241
253
253
241
253
253
241
253
253
241
253
253
241
253
253
241
253
253
242
252
252
244
252
252
244
252
252
244
252
252
244
252
252
244
252
252
244
252
252
245
253
253
245
253
253
245
253
253
245
253
253
245
253
253
245
253
253
245
253
253
245
253
253
245
253
253
245
253
253
245
253
253
245
253
253
245
253
253
245
253
253
245
253
253
245
253
253
245
253
253
245
253
253
245
253
253
245
253
253
245
253
253
245
253
253
245
253
253
245
253
253
245
253
253
245
253
253
245
253
253
244
252
252
243
251
251
247
254
254
247
255
255
244
252
252
244
252
252
243
251
251
232
250
249
193
228
226
180
218
217
171
211
212
161
206
209
147
196
200
145
196
202
143
195
202
142
195
202
145
194
202
149
196
202
154
199
204
155
197
201
147
188
191
148
186
190
150
187
191
159
197
201
168
207
210
163
204
206
162
205
206
174
218
219
162
204
203
168
209
208
184
224
223
194
230
229
198
232
231
197
229
228
202
233
232
212
239
236
216
242
239
221
245
243
224
248
246
226
250
248
227
251
249
229
251
249
229
251
249
229
251
249
230
251
249
230
251
249
230
251
249
230
251
249
225
247
247
222
244
246
190
214
216
198
223
225
179
207
209
141
170
174
120
152
155
118
153
156
128
164
168
122
159
163
127
165
170
138
177
182
136
176
181
144
184
189
128
164
169
205
240
244
143
179
193
95
132
150
126
161
181
118
148
166
109
133
146
162
177
183
239
249
250
246
254
252
243
251
249
240
252
252
232
248
252
211
233
240
173
228
231
181
237
240
176
232
234
174
231
233
174
231
233
171
228
230
176
231
234
181
233
236
161
211
214
133
179
183
109
150
155
109
146
151
104
139
145
127
163
170
138
175
183
126
164
172
135
174
182
154
196
203
160
203
208
175
218
223
187
230
234
192
234
238
197
236
240
205
242
246
207
242
245
191
224
227
165
196
200
150
187
194
148
185
193
139
175
185
114
147
159
76
107
120
72
99
114
91
118
133
130
157
171
141
170
182
146
176
186
146
179
186
158
194
199
154
192
196
158
198
198
164
209
200
168
213
214
156
198
210
145
177
193
173
192
204
148
160
162
177
190
192
164
189
201
113
155
182
126
178
216
89
139
174
126
158
177
237
252
252
240
246
244
246
250
250
229
234
236
213
222
225
191
209
214
198
227
231
183
226
231
183
236
241
172
233
238
171
233
235
176
230
232
178
222
225
186
219
223
201
225
229
191
228
227
197
232
230
205
229
229
214
228
230
231
238
241
241
245
248
243
251
253
239
252
254
233
255
255
224
252
251
218
249
248
221
252
251
222
252
252
212
241
240
182
205
201
188
209
206
222
240
237
240
252
251
243
251
250
246
250
250
253
255
255
253
254
254
252
254
254
250
255
254
249
255
254
246
255
254
245
255
254
248
255
254
250
255
254
250
255
254
250
255
254
250
255
254
250
255
254
250
255
254
250
255
254
250
255
254
250
255
254
250
255
254
250
255
254
250
255
254
250
255
254
252
254
254
252
254
254
252
254
254
252
254
254
252
254
254
252
254
254
252
254
254
252
254
254
252
254
254
252
254
254
252
254
254
252
254
254
252
254
254
252
254
254
250
255
254
250
255
254
250
255
254
250
255
254
250
255
254
250
255
254
250
255
254
249
254
253
249
254
253
249
254
253
239
251
251
239
251
251
239
251
251
239
251
251
239
251
251
239
251
251
239
251
251
241
253
253
241
253
253
241
253
253
241
253
253
241
253
253
241
253
253
242
253
253
244
252
252
244
252
252
244
252
252
244
252
252
244
252
252
244
252
252
245
253
253
245
253
253
245
253
253
245
253
253
245
253
253
245
253
253
245
253
253
245
253
253
245
253
253
245
253
253
245
253
253
245
253
253
245
253
253
245
253
253
245
253
253
245
253
253
245
253
253
245
253
253
245
253
253
245
253
253
245
253
253
245
253
253
245
253
253
245
253
253
245
253
253
245
253
253
245
253
253
244
252
252
243
251
251
247
255
255
245
253
253
243
251
251
245
253
253
245
253
253
224
244
242
176
215
212
177
217
216
163
206
207
153
201
203
150
200
204
147
199
205
141
195
202
143
195
202
145
194
202
148
196
202
155
200
204
156
198
202
148
188
192
151
189
192
151
188
192
158
196
200
165
204
208
159
200
203
159
202
204
175
219
220
169
211
210
167
209
208
184
224
222
191
227
226
198
232
231
195
227
226
204
235
234
212
239
236
216
242
239
221
245
243
224
248
246
226
250
248
227
251
249
229
251
249
229
251
249
229
251
249
230
251
249
230
251
249
230
251
249
230
251
249
229
251
250
219
242
244
194
218
220
219
244
245
198
226
228
152
180
184
118
149
152
115
148
152
125
160
164
119
156
160
120
158
163
130
169
174
124
164
169
131
171
176
108
146
153
159
196
205
127
165
181
108
147
166
119
155
176
108
139
158
120
144
157
155
172
179
240
251
252
243
253
252
240
251
250
237
251
252
229
247
253
198
222
231
175
232
234
180
237
239
174
231
233
173
230
232
171
228
230
167
224
226
172
226
229
175
227
230
154
203
207
131
176
180
114
156
161
119
157
162
112
148
154
129
165
172
139
176
184
128
166
174
132
171
179
146
187
194
153
195
200
173
215
220
191
233
237
199
240
243
204
243
245
207
244
247
214
248
251
207
240
243
185
216
218
155
190
197
148
185
193
153
187
197
146
178
190
120
149
163
90
116
132
75
101
117
110
137
152
118
146
159
129
160
170
135
169
176
153
189
194
152
190
194
149
189
189
153
197
188
158
202
204
156
197
209
151
183
200
205
224
235
198
209
211
203
216
217
170
195
206
106
147
174
128
179
217
106
154
190
122
153
173
234
248
251
247
251
250
248
251
252
228
233
235
206
217
219
176
194
200
175
205
211
177
220
225
182
236
241
173
235
239
174
237
238
179
234
236
181
225
228
189
221
225
202
226
231
190
229
228
195
232
230
202
228
228
211
226
228
229
235
239
239
241
245
242
248
251
241
252
254
236
255
255
227
254
253
220
252
251
221
253
252
222
253
252
217
247
246
196
222
218
184
208
204
218
237
235
241
254
253
247
255
254
249
253
253
250
251
251
254
254
254
253
254
254
250
255
254
249
255
254
246
255
254
244
255
254
247
255
254
250
255
254
250
255
254
250
255
254
250
255
254
250
255
254
250
255
254
250
255
254
250
255
254
250
255
254
250
255
254
250
255
254
250
255
254
250
255
254
252
254
254
252
254
254
252
254
254
252
254
254
252
254
254
252
254
254
252
254
254
252
254
254
252
254
254
252
254
254
252
254
254
252
254
254
252
254
254
252
254
254
250
255
254
250
255
254
250
255
254
250
255
254
250
255
254
250
255
254
250
255
254
249
254
253
249
254
253
249
254
253
240
252
252
240
252
252
240
252
252
240
252
252
240
252
252
240
252
252
240
252
252
240
252
252
240
252
252
240
252
252
240
252
252
240
252
252
240
252
252
242
252
252
244
252
252
244
252
252
244
252
252
244
252
252
244
252
252
244
252
252
245
253
253
245
253
253
245
253
253
245
253
253
245
253
253
245
253
253
245
253
253
245
253
253
246
254
254
246
254
254
246
254
254
246
254
254
246
254
254
246
254
254
245
253
253
245
253
253
245
253
253
245
253
253
245
253
253
245
253
253
245
253
253
245
253
253
245
253
253
245
253
253
245
253
253
245
253
253
245
253
253
244
252
252
243
251
251
246
254
254
243
251
251
242
250
250
246
254
254
243
251
251
212
232
231
164
205
201
171
213
212
159
204
205
151
200
202
152
203
207
142
196
202
140
194
201
144
198
205
146
195
203
147
195
200
153
197
201
155
197
201
151
190
194
151
188
192
149
186
190
153
191
195
158
197
201
154
195
198
157
200
201
171
215
216
173
215
215
166
208
207
185
225
224
192
229
227
203
237
236
199
232
231
213
244
243
212
239
236
216
242
239
221
245
243
224
248
246
226
250
248
227
251
249
229
251
249
229
251
249
229
251
249
230
251
249
231
252
250
231
252
250
231
252
250
231
253
252
220
243
245
214
238
240
228
253
253
217
243
245
187
215
219
138
167
171
114
144
148
119
151
156
126
161
166
124
161
166
122
161
166
122
162
167
136
177
182
107
146
155
125
164
177
99
139
157
118
159
180
127
165
187
113
146
166
123
148
163
149
167
174
241
253
254
242
252
252
239
250
251
233
249
253
226
246
255
184
211
222
174
231
233
176
233
235
169
227
229
170
227
229
169
226
228
164
221
223
170
224
227
169
222
225
147
196
200
125
171
175
115
158
163
124
163
168
115
153
158
131
168
175
145
182
190
137
174
182
136
174
182
141
181
188
145
187
192
167
209
213
192
235
238
203
244
247
209
248
250
208
245
247
214
249
250
217
249
251
207
238
239
177
212
219
161
197
206
160
194
205
163
194
207
154
183
197
117
144
161
89
115
132
91
117
133
99
126
141
120
151
163
126
160
168
138
175
180
142
181
183
143
184
184
152
195
186
151
195
196
152
193
205
146
177
194
216
235
246
225
235
238
199
212
214
165
191
202
121
161
189
125
176
214
101
149
184
119
150
170
236
249
253
245
249
248
247
250
250
236
241
243
228
239
241
174
195
200
167
199
204
172
217
221
181
236
241
172
234
238
174
237
238
180
235
237
184
227
230
192
223
227
203
227
231
189
230
228
195
233
231
201
229
229
211
226
228
228
234
237
238
239
243
241
244
248
241
251
254
236
254
255
230
255
255
224
254
254
220
253
252
218
252
251
219
250
248
217
244
240
193
218
214
210
230
227
232
247
245
245
253
252
250
253
253
248
249
249
254
254
254
254
254
254
251
255
254
249
255
254
246
255
254
244
255
254
247
255
254
250
255
254
250
255
254
250
255
254
250
255
254
250
255
254
250
255
254
250
255
254
250
255
254
250
255
254
250
255
254
250
255
254
250
255
254
250
255
254
252
254
254
252
254
254
252
254
254
252
254
254
252
254
254
252
254
254
252
254
254
252
254
254
252
254
254
252
254
254
252
254
254
252
254
254
252
254
254
252
254
254
250
255
254
250
255
254
250
255
254
250
255
254
250
255
254
250
255
254
250
255
254
250
255
254
250
255
254
250
255
254
240
252
252
240
252
252
240
252
252
240
252
252
240
252
252
240
252
252
240
252
252
240
252
252
240
252
252
240
252
252
240
252
252
240
252
252
240
252
252
241
252
252
244
252
252
244
252
252
244
252
252
244
252
252
244
252
252
244
252
252
245
253
253
245
253
253
245
253
253
245
253
253
245
253
253
245
253
253
245
253
253
246
254
254
246
254
254
246
254
254
246
254
254
246
254
254
246
254
254
246
254
254
245
253
253
245
253
253
245
253
253
245
253
253
245
253
253
245
253
253
245
253
253
245
253
253
245
253
253
245
253
253
245
253
253
245
253
253
245
253
253
245
253
253
244
252
252
246
254
254
242
250
250
242
250
250
245
253
253
235
243
243
201
222
220
167
209
205
162
205
204
154
201
201
149
199
201
146
199
203
140
194
200
144
198
205
149
203
210
149
199
207
145
192
198
148
192
196
152
193
197
152
190
194
147
185
189
147
184
188
148
186
190
152
191
194
154
195
197
160
203
204
169
213
214
168
210
209
158
199
198
180
220
219
187
223
222
200
234
233
193
226
225
210
241
240
212
239
236
216
242
239
221
245
243
224
248
246
226
250
248
227
251
249
229
251
249
229
251
249
229
251
249
230
252
250
231
252
250
231
252
250
232
253
251
225
247
247
206
230
232
214
239
241
221
245
247
218
244
246
202
229
233
158
187
191
123
153
157
116
147
152
123
157
162
123
160
166
122
161
166
130
170
175
139
180
185
129
169
180
152
193
206
95
137
155
123
165
187
140
179
202
119
153
173
108
134
149
143
161
169
240
253
254
239
251
251
236
250
251
231
248
253
224
246
255
174
204
216
175
234
236
173
231
233
164
223
225
164
223
225
165
222
224
163
219
221
170
224
227
169
221
224
143
192
196
121
166
170
114
156
161
124
164
169
114
152
157
130
167
173
148
184
192
142
179
187
141
180
188
142
182
189
142
184
189
160
202
206
189
231
234
198
240
242
208
247
249
206
244
246
210
245
245
218
250
251
218
249
250
197
232
239
185
221
229
169
204
214
165
196
210
160
189
204
138
165
182
131
157
174
109
135
152
95
121
137
109
139
152
116
150
158
128
165
170
134
173
175
136
177
177
144
187
179
141
184
186
145
186
198
148
178
195
219
238
248
236
245
246
206
219
220
183
209
220
158
198
226
130
180
219
97
144
180
119
150
170
233
247
251
239
243
242
246
249
249
248
252
253
229
241
243
160
181
186
160
193
198
178
223
227
183
240
244
170
234
238
170
234
235
179
235
237
186
230
233
195
226
230
205
228
233
188
230
228
195
233
232
203
231
230
212
227
229
229
234
238
237
238
242
240
241
245
241
250
252
234
252
253
229
254
254
225
255
255
221
254
253
217
251
250
217
250
248
220
248
244
202
228
224
200
221
218
221
236
234
243
251
250
250
254
254
251
252
252
254
254
254
254
254
254
252
254
254
249
255
254
246
255
254
244
255
254
246
255
254
250
255
254
250
255
254
250
255
254
250
255
254
250
255
254
250
255
254
250
255
254
250
255
254
250
255
254
250
255
254
250
255
254
250
255
254
250
255
254
252
254
254
252
254
254
252
254
254
252
254
254
252
254
254
252
254
254
252
254
254
252
254
254
252
254
254
252
254
254
252
254
254
252
254
254
252
254
254
252
254
254
250
255
254
250
255
254
250
255
254
250
255
254
250
255
254
250
255
254
250
255
254
250
255
254
250
255
254
250
255
254
240
252
252
240
252
252
240
252
252
240
252
252
240
252
252
240
252
252
240
252
252
239
251
251
239
251
251
239
251
251
239
251
251
239
251
251
239
251
251
241
251
251
244
252
252
244
252
252
244
252
252
244
252
252
244
252
252
244
252
252
245
253
253
245
253
253
245
253
253
245
253
253
245
253
253
245
253
253
245
253
253
246
254
254
246
254
254
246
254
254
246
254
254
246
254
254
246
254
254
246
254
254
245
253
253
245
253
253
245
253
253
245
253
253
245
253
253
245
253
253
245
253
253
245
253
253
245
253
253
245
253
253
245
253
253
245
253
253
245
253
253
245
253
253
244
252
252
246
254
254
243
251
251
244
252
252
244
252
252
225
233
233
196
218
215
179
222
218
153
198
196
146
193
194
142
192
194
137
191
194
142
197
203
152
206
213
154
208
215
151
203
210
144
191
197
143
187
191
149
189
194
152
190
194
146
183
187
146
183
187
148
186
190
150
188
192
157
198
200
166
209
210
170
214
215
176
218
217
165
207
206
191
230
229
197
233
232
209
243
242
196
228
227
212
243
242
212
239
236
216
242
239
221
245
243
224
248
246
226
250
248
227
251
249
229
251
249
229
251
249
229
251
249
230
252
250
231
252
250
232
253
251
232
253
251
229
251
251
211
235
237
214
239
241
226
251
252
223
248
249
197
224
228
173
200
204
146
176
180
121
152
157
107
142
146
111
148
154
119
157
162
127
167
172
113
154
159
112
153
164
117
159
174
85
128
147
122
165
186
108
147
171
115
149
170
117
144
160
139
158
166
240
253
254
238
250
252
236
249
252
230
248
253
223
246
255
170
200
213
182
241
243
175
234
236
162
221
223
160
219
221
160
218
220
159
216
218
166
221
224
162
214
217
134
184
187
115
161
165
114
156
161
129
168
173
119
157
162
130
167
174
145
181
189
140
177
185
145
183
191
146
186
193
143
185
190
155
198
202
184
226
229
194
235
237
207
246
247
208
246
246
210
246
246
217
250
250
221
252
253
210
245
252
199
234
243
164
198
209
161
192
206
166
193
209
156
182
199
161
187
204
148
174
191
93
120
135
86
116
129
100
134
142
123
161
165
130
169
172
127
168
168
142
185
176
139
182
184
143
184
195
157
188
205
221
240
250
237
246
248
219
231
233
172
197
208
119
159
187
109
159
198
115
162
198
121
152
172
229
242
246
248
252
251
239
242
242
244
248
250
236
249
250
189
211
216
157
190
195
180
226
229
184
242
245
170
233
237
167
232
233
177
233
235
187
231
234
197
228
232
205
229
233
187
230
228
196
234
232
205
232
232
214
229
231
230
235
238
238
237
241
239
240
244
240
248
251
232
249
251
227
252
252
225
254
254
222
255
254
218
252
251
217
250
248
218
249
244
217
244
240
202
224
221
221
237
235
244
252
251
244
248
247
251
252
252
254
254
254
254
254
254
252
254
254
249
255
254
246
255
254
243
255
253
246
255
254
250
255
254
250
255
254
250
255
254
250
255
254
250
255
254
250
255
254
250
255
254
250
255
254
250
255
254
250
255
254
250
255
254
250
255
254
250
255
254
252
254
254
252
254
254
252
254
254
252
254
254
252
254
254
252
254
254
252
254
254
252
254
254
252
254
254
252
254
254
252
254
254
252
254
254
252
254
254
252
254
254
250
255
254
250
255
254
250
255
254
250
255
254
250
255
254
250
255
254
250
255
254
251
255
255
251
255
255
251
255
255
238
250
250
238
250
250
238
250
250
238
250
250
239
251
251
239
251
251
239
251
251
239
251
251
239
251
251
239
251
251
239
251
251
239
251
251
239
251
251
241
252
252
245
253
253
245
253
253
245
253
253
245
253
253
245
253
253
245
253
253
245
253
253
245
253
253
245
253
253
245
253
253
245
253
253
245
253
253
245
253
253
245
253
253
245
253
253
245
253
253
245
253
253
245
253
253
245
253
253
245
253
253
245
253
253
245
253
253
245
253
253
245
253
253
245
253
253
245
253
253
245
253
253
242
254
251
244
254
251
246
254
251
247
253
252
250
252
252
251
252
252
250
252
252
250
251
252
247
252
252
239
248
248
241
252
253
229
245
246
202
220
221
184
214
215
171
218
220
154
202
205
144
192
196
141
190
193
145
194
197
151
200
204
156
205
209
157
206
210
156
203
207
151
196
201
152
194
199
153
194
199
149
189
194
146
183
187
143
179
183
139
177
181
142
181
184
149
191
194
157
201
202
161
205
206
171
214
214
177
219
218
174
213
211
197
233
231
201
234
233
208
239
238
209
238
238
210
239
236
213
242
239
218
245
243
222
248
245
225
249
247
225
249
247
226
248
246
227
249
247
230
251
249
230
249
248
236
254
253
234
251
250
232
249
248
228
246
247
216
237
239
224
246
247
228
251
253
227
250
252
210
233
238
182
207
212
158
184
190
132
159
165
131
160
166
119
147
157
121
150
159
127
157
167
109
139
149
101
143
150
126
167
178
122
155
172
122
153
175
104
140
163
112
154
174
89
133
146
123
156
162
236
250
252
251
251
252
251
250
251
239
249
250
223
252
254
154
202
203
179
237
241
174
231
236
167
224
228
166
222
226
159
213
218
166
219
224
167
217
222
155
204
209
138
184
190
120
163
169
117
159
165
133
172
179
129
168
175
136
175
181
146
184
190
140
180
185
147
187
192
144
184
189
147
189
192
160
202
205
190
230
232
196
233
236
213
247
250
217
248
248
218
247
248
223
249
251
225
249
250
226
253
254
218
246
248
191
221
223
172
204
208
169
202
208
165
200
207
159
194
204
159
196
206
118
153
166
94
127
142
76
109
125
116
147
164
117
147
164
124
156
170
137
176
174
154
190
190
161
190
191
178
201
203
228
246
249
215
231
240
191
209
223
172
195
216
125
153
179
138
168
195
132
160
182
135
158
169
232
250
251
241
251
250
246
252
251
243
252
250
237
250
250
209
231
232
150
182
184
181
226
228
190
245
247
175
237
241
171
234
237
181
237
239
190
236
240
197
232
236
205
232
237
200
232
235
199
230
232
200
229
230
208
232
233
219
237
240
224
240
243
227
242
243
237
251
253
233
249
250
236
253
254
235
253
252
233
254
253
233
254
253
224
248
247
216
251
249
212
243
241
189
215
216
189
208
210
237
249
252
243
250
253
246
249
253
250
253
255
251
253
255
250
255
255
248
255
255
245
255
254
243
255
252
246
255
253
250
255
254
250
255
254
250
255
254
250
255
254
250
255
254
250
255
254
250
255
254
250
255
254
250
255
254
250
255
254
250
255
254
250
255
254
250
255
254
250
255
254
250
255
254
250
255
254
250
255
254
250
255
254
250
255
254
250
255
254
250
255
254
250
255
254
250
255
254
250
255
254
250
255
254
250
255
254
250
255
254
250
255
254
250
255
254
250
255
254
250
255
254
250
255
254
250
255
254
250
255
254
250
255
254
250
255
254
250
255
254
237
249
249
237
249
249
237
249
249
238
250
250
239
251
251
239
251
251
239
251
251
239
251
251
239
251
251
239
251
251
239
251
251
239
251
251
239
251
251
241
252
252
245
253
253
245
253
253
245
253
253
245
253
253
245
253
253
245
253
253
245
253
253
245
253
253
245
253
253
245
253
253
245
253
253
245
253
253
245
253
253
245
253
253
245
253
253
245
253
253
245
253
253
245
253
253
245
253
253
245
253
253
245
253
253
245
253
253
245
253
253
245
253
253
245
253
253
245
253
253
245
253
253
241
255
251
244
254
251
246
254
251
248
253
252
250
252
252
252
252
252
252
252
253
251
252
254
248
253
253
244
252
252
234
246
247
232
248
249
184
205
206
186
218
220
170
218
222
159
207
211
149
197
201
145
193
197
147
195
199
149
197
201
154
201
205
160
207
211
162
207
211
157
202
206
156
198
203
156
197
202
153
193
198
148
185
190
142
179
183
138
176
180
141
180
184
147
189
191
153
197
198
158
202
203
176
220
219
184
225
224
169
208
207
191
227
225
195
227
226
207
238
237
208
237
236
210
239
236
213
242
239
218
246
243
222
249
246
225
249
247
225
249
247
228
250
248
232
253
252
233
254
252
231
250
249
235
253
252
235
251
250
232
248
247
222
240
240
215
236
237
228
249
250
225
248
248
226
249
251
222
245
248
193
217
222
153
178
184
130
156
162
127
155
162
128
155
165
119
146
156
114
142
153
111
139
150
120
164
169
108
149
158
161
191
207
177
205
225
115
149
173
115
158
178
81
126
140
121
157
162
238
252
254
254
252
252
254
250
250
240
250
249
221
254
254
157
210
208
178
236
241
174
231
236
170
226
231
169
224
229
161
213
219
170
222
228
170
220
226
159
206
213
142
186
193
122
165
172
119
161
168
136
175
183
133
172
180
140
179
185
149
188
193
143
183
188
151
191
196
146
187
191
150
191
194
160
201
204
188
227
230
194
230
233
213
246
249
219
248
249
221
247
249
226
250
252
227
249
251
227
251
251
225
251
251
213
242
243
191
223
225
170
204
208
160
196
202
161
198
206
159
198
207
147
185
197
110
145
160
79
111
129
101
132
151
118
147
167
117
146
164
135
174
175
144
178
177
152
180
179
180
202
202
232
248
249
207
224
234
193
212
231
177
199
223
150
174
200
142
168
192
130
154
172
129
150
160
222
240
243
243
254
252
249
255
252
245
253
251
238
250
250
216
237
238
158
190
192
182
224
228
191
244
247
177
239
243
173
235
239
182
239
241
190
237
241
197
232
237
202
232
237
202
232
235
198
229
232
198
228
229
206
232
234
217
238
240
222
242
244
225
243
244
235
250
252
232
247
249
236
252
252
236
252
251
235
252
251
237
254
254
225
247
246
207
243
241
216
247
246
219
245
247
190
210
213
198
213
216
239
248
252
247
251
255
248
251
255
249
252
255
250
254
255
249
255
254
246
255
253
244
255
252
247
255
253
250
255
254
250
255
254
250
255
254
250
255
254
250
255
254
250
255
254
250
255
254
250
255
254
250
255
254
250
255
254
250
255
254
250
255
254
250
255
254
250
255
254
250
255
254
250
255
254
250
255
254
250
255
254
250
255
254
250
255
254
250
255
254
250
255
254
250
255
254
250
255
254
250
255
254
250
255
254
250
255
254
250
255
254
250
255
254
250
255
254
250
255
254
250
255
254
250
255
254
250
255
254
250
255
254
250
255
254
250
255
254
237
249
249
237
249
249
237
249
249
238
250
250
239
251
251
239
251
251
239
251
251
239
251
251
239
251
251
239
251
251
239
251
251
239
251
251
239
251
251
241
252
252
245
253
253
245
253
253
245
253
253
245
253
253
245
253
253
245
253
253
245
253
253
245
253
253
245
253
253
245
253
253
245
253
253
245
253
253
245
253
253
245
253
253
245
253
253
245
253
253
245
253
253
245
253
253
245
253
253
245
253
253
245
253
253
245
253
253
245
253
253
245
253
253
245
253
253
245
253
253
245
253
253
241
255
251
244
254
251
246
254
251
248
253
252
250
252
252
252
252
252
252
252
253
251
253
254
248
253
254
245
255
255
234
248
250
222
241
242
188
210
211
186
219
221
168
216
220
160
208
212
153
201
205
150
198
202
149
197
201
149
197
201
150
197
201
155
202
206
161
207
211
157
201
205
153
195
200
152
194
199
153
194
199
149
187
191
145
182
186
140
179
183
141
181
185
146
189
191
152
196
197
156
200
201
167
211
210
175
217
216
166
205
204
189
224
223
196
229
228
209
240
239
212
241
240
212
241
238
214
243
240
219
247
244
222
249
246
225
250
248
226
250
248
228
250
248
230
252
250
230
251
249
230
248
247
230
248
247
239
255
254
236
252
251
218
237
236
217
238
239
232
253
253
224
245
246
225
248
249
229
251
253
205
229
234
166
191
197
148
174
180
121
149
156
135
163
172
122
151
161
101
129
140
109
137
148
125
168
174
110
152
159
185
215
231
199
228
246
143
178
197
107
150
170
108
153
167
122
156
163
239
253
255
254
251
252
254
249
250
241
251
251
220
254
254
171
224
224
177
235
240
174
231
236
171
227
232
171
226
231
162
217
222
173
225
231
174
223
229
162
209
216
142
187
194
123
167
174
122
165
172
139
178
186
134
173
181
143
182
188
153
192
197
145
185
190
153
193
198
151
191
196
153
194
197
158
199
202
183
222
225
189
225
228
210
243
246
217
247
248
221
248
249
227
251
253
228
250
252
230
251
252
227
251
251
227
253
254
213
242
244
182
214
218
159
194
200
160
197
205
167
203
213
159
195
208
132
167
182
120
153
169
90
123
141
106
137
156
109
139
158
122
160
164
142
176
179
145
173
175
178
200
202
209
227
233
161
179
191
169
188
207
91
114
138
117
141
167
75
101
125
93
118
134
137
157
166
235
253
253
244
255
252
249
254
251
248
254
253
242
253
253
225
243
245
178
207
210
183
225
229
191
245
248
180
241
244
175
238
242
182
238
242
189
236
240
194
231
237
200
230
235
200
231
234
197
228
230
197
226
227
204
231
232
215
238
240
222
241
244
225
243
244
232
247
249
228
243
245
234
249
250
234
250
249
235
252
251
238
255
254
230
251
250
219
253
253
216
249
248
204
233
234
158
180
182
169
186
189
241
251
253
239
244
249
246
250
254
248
251
255
249
253
254
248
254
253
247
254
253
245
255
252
248
255
253
250
255
254
250
255
254
250
255
254
250
255
254
250
255
254
250
255
254
250
255
254
250
255
254
250
255
254
250
255
254
250
255
254
250
255
254
250
255
254
250
255
254
250
255
254
250
255
254
250
255
254
250
255
254
250
255
254
250
255
254
250
255
254
250
255
254
250
255
254
250
255
254
250
255
254
250
255
254
250
255
254
250
255
254
250
255
254
250
255
254
250
255
254
250
255
254
250
255
254
250
255
254
250
255
254
250
255
254
250
255
254
237
249
249
237
249
249
237
249
249
238
250
250
239
251
251
239
251
251
239
251
251
239
251
251
239
251
251
239
251
251
239
251
251
239
251
251
239
251
251
241
251
251
244
252
252
244
252
252
244
252
252
244
252
252
244
252
252
244
252
252
245
253
253
245
253
253
245
253
253
245
253
253
245
253
253
245
253
253
245
253
253
245
253
253
245
253
253
245
253
253
245
253
253
245
253
253
245
253
253
245
253
253
245
253
253
245
253
253
245
253
253
245
253
253
245
253
253
245
253
253
245
253
253
243
254
251
244
254
252
246
253
252
248
253
252
250
252
252
250
252
252
250
252
253
248
251
252
243
250
252
239
251
253
239
254
255
187
208
208
207
231
231
177
211
213
161
209
213
157
205
209
153
201
205
153
201
205
154
202
206
155
202
206
152
199
203
153
199
203
157
202
206
153
198
202
153
195
200
153
195
200
150
192
197
150
189
193
146
184
188
140
179
183
139
180
183
144
186
188
152
196
197
160
204
205
156
199
198
170
210
209
170
207
207
193
228
227
201
234
233
207
239
238
208
236
236
213
242
239
215
244
241
219
247
244
222
249
246
226
251
249
227
251
249
229
251
249
228
250
248
229
250
248
230
249
248
226
244
243
237
253
252
232
248
247
216
235
234
225
247
247
234
254
255
227
248
249
226
249
251
229
252
253
211
236
240
186
212
217
165
191
198
119
146
154
127
154
164
131
160
169
104
132
142
105
133
144
100
144
150
155
197
205
175
207
223
197
226
241
163
197
212
96
139
159
126
171
185
114
149
155
237
251
254
254
251
252
255
251
251
243
254
254
214
250
249
181
235
236
175
233
238
172
230
235
170
227
232
171
227
232
163
218
223
174
226
232
173
222
228
156
203
210
139
184
191
125
169
176
127
169
176
139
180
187
133
172
180
143
181
188
154
193
198
144
184
189
152
192
197
152
192
197
155
196
199
160
201
204
180
220
222
185
220
223
207
240
243
216
246
247
221
247
249
227
251
253
229
251
253
234
254
254
228
249
250
226
250
251
224
251
253
206
235
240
178
212
216
160
196
202
162
198
207
155
191
202
149
184
198
158
193
208
111
145
161
102
134
153
98
131
148
117
155
163
115
149
156
148
177
183
185
208
213
223
242
247
147
164
178
152
173
193
85
108
134
75
101
128
64
90
115
92
117
133
130
150
157
213
231
232
239
249
247
251
255
253
251
255
254
246
255
255
233
248
251
198
224
229
187
227
231
193
245
250
182
242
246
177
240
244
181
238
242
187
235
239
192
231
236
198
229
235
197
229
233
192
225
227
193
223
224
201
228
229
211
235
237
219
239
242
224
242
243
226
241
243
224
239
241
232
248
248
236
252
251
236
252
251
239
255
255
231
252
251
217
254
252
219
254
252
220
249
250
196
220
222
201
220
222
238
250
251
233
240
245
246
251
255
248
251
255
249
253
254
250
255
254
248
254
253
247
255
252
249
255
253
250
255
254
250
255
254
250
255
254
250
255
254
250
255
254
250
255
254
250
255
254
250
255
254
250
255
254
250
255
254
250
255
254
250
255
254
250
255
254
250
255
254
250
255
254
250
255
254
250
255
254
250
255
254
250
255
254
250
255
254
250
255
254
250
255
254
250
255
254
250
255
254
250
255
254
250
255
254
250
255
254
250
255
254
250
255
254
250
255
254
250
255
254
250
255
254
250
255
254
250
255
254
250
255
254
250
255
254
250
255
254
237
249
249
237
249
249
237
249
249
238
250
250
239
251
251
239
251
251
239
251
251
239
251
251
239
251
251
239
251
251
239
251
251
239
251
251
239
251
251
241
251
251
244
252
252
244
252
252
244
252
252
244
252
252
244
252
252
244
252
252
245
253
253
245
253
253
245
253
253
245
253
253
245
253
253
245
253
253
245
253
253
245
253
253
245
253
253
245
253
253
245
253
253
245
253
253
245
253
253
245
253
253
245
253
253
245
253
253
245
253
253
245
253
253
245
253
253
245
253
253
245
253
253
243
254
252
244
254
252
246
253
252
248
253
252
250
252
252
250
252
253
249
252
253
246
251
253
241
250
253
238
252
254
232
251
252
176
200
200
204
232
232
172
210
212
157
208
211
153
202
206
150
198
202
151
198
202
155
202
206
157
204
208
158
204
208
157
202
206
154
199
203
152
196
201
158
200
205
159
201
206
152
194
199
151
190
194
147
187
190
140
180
183
137
179
182
141
185
187
153
197
198
164
206
208
166
207
207
178
218
217
179
217
216
194
229
228
201
234
233
201
232
231
202
230
230
213
242
239
215
244
241
219
247
244
222
249
246
225
250
248
227
251
249
231
253
251
233
254
253
234
253
253
236
254
253
228
246
245
233
249
248
223
239
238
217
235
233
231
252
250
231
252
252
233
254
255
232
253
254
225
248
250
217
242
244
188
214
219
157
183
189
126
154
161
115
144
151
132
161
170
108
138
147
99
129
140
102
147
151
167
209
216
180
213
227
206
233
254
155
188
210
108
149
169
111
156
170
105
140
146
237
252
254
253
253
254
255
253
254
243
255
255
197
235
234
178
235
235
172
230
235
170
228
233
169
225
230
170
226
231
162
217
222
173
225
231
168
217
223
145
192
199
132
179
186
127
172
179
132
174
181
138
180
187
129
168
176
140
178
185
152
192
197
141
181
186
148
188
193
150
190
195
156
197
200
163
204
207
180
220
222
183
219
222
206
239
242
214
244
245
220
247
248
227
251
253
230
251
253
234
253
254
232
252
253
227
249
250
227
251
253
225
252
254
205
237
241
177
210
216
153
189
197
157
193
204
153
188
201
156
191
205
153
187
203
125
159
176
81
116
132
107
145
157
120
154
165
131
160
168
192
216
224
220
240
249
108
127
143
158
179
202
109
133
160
63
89
116
67
93
118
101
126
142
202
222
228
234
250
249
241
247
246
254
254
252
253
255
255
247
253
254
237
250
253
211
235
237
191
228
232
195
244
249
183
243
247
178
241
245
177
236
241
184
233
238
191
232
237
198
231
237
194
228
232
190
223
225
190
221
222
196
225
226
207
232
233
216
237
239
221
239
240
219
236
237
218
233
235
231
247
247
238
254
253
238
254
253
238
255
255
230
252
250
211
248
246
207
242
241
222
252
252
217
243
245
187
208
210
194
210
213
240
251
255
244
252
255
247
253
255
250
254
255
250
255
254
250
255
254
250
255
253
250
255
254
250
255
254
250
255
254
250
255
254
250
255
254
250
255
254
250
255
254
250
255
254
250
255
254
250
255
254
250
255
254
250
255
254
250
255
254
250
255
254
250
255
254
250
255
254
250
255
254
250
255
254
250
255
254
250
255
254
250
255
254
250
255
254
250
255
254
250
255
254
250
255
254
250
255
254
250
255
254
250
255
254
250
255
254
250
255
254
250
255
254
250
255
254
250
255
254
250
255
254
250
255
254
250
255
254
250
255
254
250
255
254
237
249
249
237
249
249
237
249
249
238
250
250
239
251
251
239
251
251
239
251
251
239
251
251
239
251
251
239
251
251
239
251
251
239
251
251
239
251
251
240
251
251
243
251
251
243
251
251
243
251
251
243
251
251
243
251
251
243
251
251
244
252
252
245
253
253
245
253
253
245
253
253
245
253
253
245
253
253
245
253
253
245
253
253
245
253
253
245
253
253
245
253
253
245
253
253
245
253
253
245
253
253
245
253
253
245
253
253
245
253
253
245
253
253
245
253
253
245
253
253
245
253
253
243
254
252
244
254
252
246
253
252
248
252
253
248
252
253
248
252
253
248
252
253
244
250
252
239
249
251
237
253
254
206
229
229
194
222
223
180
211
212
179
218
219
160
211
214
152
203
206
148
197
201
149
196
200
153
200
204
158
204
208
160
205
209
156
201
205
148
193
197
147
190
195
152
197
201
155
200
204
147
192
196
149
191
194
148
189
192
143
185
188
139
182
185
142
185
187
152
194
196
163
204
206
172
212
212
181
219
219
181
216
216
190
223
222
204
235
234
208
239
238
215
243
243
213
242
239
214
243
240
217
245
242
220
247
244
224
249
247
227
251
249
230
252
250
230
252
250
232
253
251
237
255
254
236
253
253
234
250
249
226
242
241
226
243
242
231
252
250
228
249
247
235
254
254
234
254
254
225
248
250
224
248
251
189
216
219
160
188
193
154
183
189
125
154
161
123
153
162
99
130
139
90
121
130
127
172
175
162
206
211
173
206
220
194
222
243
145
177
200
121
162
182
124
169
183
102
137
144
238
253
255
253
254
255
254
254
254
239
253
254
175
215
216
170
227
228
169
230
234
167
227
231
166
224
229
168
225
230
160
215
220
170
222
228
161
213
219
137
187
193
132
179
185
132
176
183
134
178
185
135
177
184
123
165
172
135
175
181
150
189
194
140
180
185
149
189
194
149
189
193
154
195
198
164
205
208
182
222
224
185
220
223
205
238
241
213
242
243
218
245
246
227
250
252
230
252
254
232
248
250
240
255
255
237
254
255
230
251
253
230
254
255
224
252
255
207
238
244
176
210
216
156
192
201
149
184
196
151
188
200
168
205
218
137
174
188
99
137
151
85
125
140
114
150
164
111
142
154
184
209
221
206
228
242
123
146
163
207
231
253
142
168
193
61
88
115
48
74
99
189
212
228
187
205
211
198
213
214
246
252
251
254
253
253
255
255
255
248
251
255
240
250
254
216
237
239
196
231
236
196
244
250
186
243
248
178
239
245
174
234
238
180
231
237
190
233
239
197
234
240
195
230
233
189
224
226
188
221
221
194
223
224
203
230
231
213
235
237
217
237
238
216
234
235
215
230
232
229
244
245
237
253
252
236
252
251
238
254
253
231
253
252
218
253
252
218
253
252
221
252
252
225
253
254
206
229
231
192
210
213
237
251
253
240
251
254
245
252
255
249
254
255
253
255
255
254
255
255
255
255
254
252
255
254
250
255
254
250
255
254
250
255
254
250
255
254
250
255
254
250
255
254
250
255
254
250
255
254
250
255
254
250
255
254
250
255
254
250
255
254
250
255
254
250
255
254
250
255
254
250
255
254
250
255
254
250
255
254
250
255
254
250
255
254
250
255
254
250
255
254
250
255
254
250
255
254
250
255
254
250
255
254
250
255
254
250
255
254
250
255
254
250
255
254
250
255
254
250
255
254
250
255
254
250
255
254
250
255
254
250
255
254
250
255
254
237
249
249
237
249
249
237
249
249
238
250
250
239
251
251
239
251
251
239
251
251
239
251
251
239
251
251
239
251
251
239
251
251
239
251
251
239
251
251
240
251
251
243
251
251
243
251
251
243
251
251
243
251
251
243
251
251
243
251
251
244
252
252
245
253
253
245
253
253
245
253
253
245
253
253
245
253
253
245
253
253
245
253
253
245
253
253
245
253
253
245
253
253
245
253
253
245
253
253
245
253
253
245
253
253
245
253
253
245
253
253
245
253
253
245
253
253
245
253
253
245
253
253
243
254
252
244
254
252
246
253
253
247
252
253
248
252
253
248
252
253
246
252
255
239
248
250
233
247
248
228
247
249
188
213
215
192
224
225
170
205
205
174
217
218
158
210
213
153
204
207
150
199
203
152
200
204
157
203
207
161
206
210
161
204
208
156
198
203
148
190
195
141
184
189
145
190
194
148
193
197
145
190
194
147
191
194
149
192
195
148
191
194
145
188
191
144
188
190
149
191
193
156
195
197
163
202
202
173
210
210
177
212
211
186
219
218
205
236
235
211
242
241
219
250
248
213
242
239
213
242
239
216
244
241
219
246
243
223
248
246
226
250
248
229
251
249
228
249
247
227
248
246
232
251
250
237
254
254
228
244
243
226
242
241
233
250
249
233
251
250
231
251
249
232
253
251
232
254
254
229
253
253
228
252
254
204
230
233
182
210
215
162
191
196
137
166
173
118
149
156
96
128
137
87
120
129
130
178
180
179
224
228
148
181
195
174
202
220
147
180
201
118
159
179
139
183
197
101
136
144
239
253
254
252
251
252
253
253
254
238
253
254
165
207
208
169
229
229
169
230
234
167
228
232
166
225
229
168
225
230
159
215
220
167
221
227
161
212
218
141
190
196
137
184
191
136
182
189
135
179
186
132
174
181
122
164
171
134
175
181
149
188
193
145
185
190
155
195
200
151
191
196
152
193
196
161
202
205
184
223
226
187
223
226
206
239
242
211
241
242
216
243
244
226
250
252
230
252
254
236
250
252
238
253
254
238
254
255
233
253
254
229
250
254
226
251
255
223
252
255
211
243
249
175
209
217
162
198
207
161
199
208
163
201
212
145
184
196
142
183
196
109
150
168
72
109
126
99
130
145
178
205
219
223
246
251
190
214
232
195
220
242
93
121
149
61
90
118
77
103
128
189
212
227
213
229
236
216
229
230
229
233
232
255
253
253
255
252
254
249
250
254
243
252
255
218
239
243
200
234
240
197
243
250
187
243
249
177
239
245
171
230
236
177
230
235
190
235
241
199
238
244
196
234
236
190
227
229
188
223
223
194
224
225
203
230
232
211
235
237
217
237
238
219
236
237
213
229
231
225
241
241
233
249
248
233
249
248
237
253
252
231
251
250
208
245
243
220
255
254
218
249
250
222
252
253
220
245
247
190
210
215
197
215
219
237
250
253
242
251
254
248
253
254
252
254
255
254
254
254
255
254
253
252
255
254
250
255
254
250
255
254
250
255
254
250
255
254
250
255
254
250
255
254
250
255
254
250
255
254
250
255
254
250
255
254
250
255
254
250
255
254
250
255
254
250
255
254
250
255
254
250
255
254
250
255
254
250
255
254
250
255
254
250
255
254
250
255
254
250
255
254
250
255
254
250
255
254
250
255
254
250
255
254
250
255
254
250
255
254
250
255
254
250
255
254
250
255
254
250
255
254
250
255
254
250
255
254
250
255
254
250
255
254
250
255
254
237
249
249
237
249
249
238
250
250
238
250
250
239
251
251
239
251
251
239
251
251
239
251
251
239
251
251
239
251
251
239
251
251
239
251
251
239
251
251
240
251
251
243
251
251
243
251
251
243
251
251
243
251
251
243
251
251
243
251
251
244
252
252
245
253
253
245
253
253
245
253
253
245
253
253
245
253
253
245
253
253
245
253
253
245
253
253
245
253
253
245
253
253
245
253
253
245
253
253
245
253
253
245
253
253
245
253
253
245
253
253
245
253
253
245
253
253
245
253
253
245
253
253
243
253
253
244
253
253
246
252
253
247
252
253
247
252
253
247
252
255
245
252
255
240
251
252
231
248
250
217
240
242
188
216
218
174
210
210
178
217
217
164
209
210
152
205
208
150
202
205
151
200
204
155
203
207
161
207
211
166
209
214
164
206
211
159
201
206
152
194
199
145
187
192
143
188
192
146
192
196
146
193
197
145
191
194
148
193
196
150
196
199
149
193
196
148
190
192
148
189
191
150
189
191
158
196
196
172
207
207
179
213
212
185
218
217
200
232
231
200
231
230
206
236
235
212
241
238
213
242
239
216
244
241
219
246
243
223
247
245
227
250
248
231
252
251
234
255
254
229
250
248
228
247
246
233
251
250
216
232
231
216
232
231
230
248
246
235
253
251
237
255
253
230
251
249
230
252
250
232
254
255
227
251
253
213
239
242
191
220
223
146
176
181
135
166
171
115
148
154
98
132
138
94
127
135
132
180
181
173
218
222
163
196
208
162
191
209
150
183
205
117
159
178
117
161
175
97
129
138
238
251
254
250
249
251
252
252
253
237
254
255
164
207
209
171
234
235
169
231
235
167
229
233
166
226
230
167
225
230
159
215
220
166
221
226
162
214
220
147
196
202
143
192
198
141
187
194
136
181
188
130
174
181
124
167
174
136
176
182
149
188
193
150
190
195
160
200
205
152
193
197
152
193
196
158
199
202
183
222
225
189
224
227
205
238
241
211
241
242
216
243
244
225
249
251
230
252
254
241
254
255
235
248
249
232
248
249
235
253
254
230
250
252
224
247
251
226
253
254
223
253
255
210
242
248
184
220
227
165
203
211
161
201
210
162
203
212
158
199
210
149
192
212
106
144
162
70
105
120
175
206
217
196
222
238
125
151
172
143
171
196
61
90
118
50
79
107
63
89
114
213
235
244
212
228
232
166
178
179
236
240
239
253
252
252
253
250
252
248
249
253
243
252
255
217
237
244
203
234
242
197
242
250
187
243
250
176
238
245
168
229
235
174
228
234
189
236
243
198
239
247
197
237
239
191
230
232
188
225
225
193
226
226
202
231
232
212
236
238
217
238
239
220
238
239
213
230
231
222
238
238
229
245
244
230
246
245
237
252
252
236
255
255
221
254
254
217
250
249
218
249
250
216
246
247
209
237
240
210
234
238
202
221
225
232
247
251
239
250
253
246
252
253
251
253
254
253
253
253
255
253
252
252
254
253
250
255
254
250
255
254
250
255
254
250
255
254
250
255
254
250
255
254
250
255
254
250
255
254
250
255
254
250
255
254
250
255
254
250
255
254
250
255
254
250
255
254
250
255
254
250
255
254
250
255
254
250
255
254
250
255
254
250
255
254
250
255
254
250
255
254
250
255
254
250
255
254
250
255
254
250
255
254
250
255
254
250
255
254
250
255
254
250
255
254
250
255
254
250
255
254
250
255
254
250
255
254
250
255
254
250
255
254
250
255
254
238
250
250
238
250
250
238
250
250
238
250
250
238
250
250
238
250
250
238
250
250
240
252
252
240
252
252
240
252
252
240
252
252
240
252
252
240
252
252
241
252
252
244
252
252
244
252
252
244
252
252
244
252
252
244
252
252
244
252
252
244
252
252
244
252
252
244
252
252
244
252
252
244
252
252
244
252
252
244
252
252
245
253
253
245
253
253
245
253
253
245
253
253
245
253
253
245
253
253
245
253
253
245
253
253
245
253
253
245
253
253
245
253
253
245
253
253
245
253
253
245
253
253
242
252
252
243
252
252
244
252
252
245
251
253
246
251
254
246
251
254
243
251
254
239
252
255
234
252
254
195
221
223
195
228
231
177
216
218
176
218
220
161
210
212
150
204
207
148
201
204
148
199
202
153
200
204
159
203
208
162
204
209
168
209
214
165
205
210
156
198
203
155
198
202
148
194
198
141
188
192
143
190
194
143
191
194
147
195
197
147
195
197
144
189
192
148
190
193
154
194
196
155
193
195
163
200
200
171
206
206
173
206
206
180
212
211
189
220
219
197
228
227
210
241
239
211
240
237
212
241
238
216
244
241
221
248
245
226
250
248
229
253
251
230
252
250
230
251
250
226
246
245
227
246
244
236
253
253
215
231
230
226
242
241
233
249
247
234
252
249
233
252
249
234
252
251
232
253
251
229
251
252
227
251
252
218
245
246
191
220
223
167
197
202
138
170
176
101
135
141
73
107
113
80
115
121
134
184
183
188
234
237
150
184
195
171
200
217
145
177
197
122
162
181
132
175
189
87
119
128
239
251
255
252
251
254
250
250
253
231
250
252
172
217
219
168
233
234
164
227
231
163
225
229
162
223
227
163
221
226
164
221
226
165
221
226
161
215
221
150
201
207
149
198
204
149
195
202
143
189
196
135
179
186
133
177
184
142
183
189
148
187
192
155
195
200
160
200
205
147
188
192
164
205
208
170
211
214
175
214
217
185
221
224
198
231
234
215
245
246
223
250
252
226
250
252
230
252
254
238
253
252
239
253
252
238
252
254
235
251
253
232
251
253
229
251
253
227
251
254
223
252
255
219
250
254
207
241
247
189
226
231
171
210
217
164
206
212
162
204
213
150
194
214
147
188
206
83
120
135
141
173
188
198
228
243
97
127
146
146
177
201
88
118
146
52
82
110
82
109
134
207
227
244
231
247
252
217
228
228
212
217
215
243
243
244
249
248
250
243
247
251
239
250
253
213
233
240
199
231
239
191
237
245
186
243
250
180
242
249
174
235
241
172
228
234
191
240
247
193
238
245
194
236
238
190
231
233
188
227
227
192
226
226
200
230
231
209
235
237
217
239
240
209
229
230
216
233
234
223
238
239
228
244
243
232
248
247
237
253
252
237
255
255
225
255
255
223
254
253
218
249
249
221
251
252
223
253
254
208
235
239
189
212
216
205
225
228
235
249
251
244
252
253
249
252
253
251
250
250
251
248
247
252
254
253
250
255
254
250
255
254
250
255
254
250
255
254
250
255
254
250
255
254
250
255
254
250
255
254
250
255
254
250
255
254
250
255
254
250
255
254
250
255
254
250
255
254
250
255
254
250
255
254
250
255
254
250
255
254
250
255
254
250
255
254
250
255
254
250
255
254
250
255
254
250
255
254
250
255
254
250
255
254
250
255
254
250
255
254
250
255
254
250
255
254
250
255
254
250
255
254
250
255
254
250
255
254
250
255
254
250
255
254
250
255
254
238
250
250
238
250
250
238
250
250
238
250
250
238
250
250
238
250
250
238
250
250
240
252
252
240
252
252
240
252
252
240
252
252
240
252
252
240
252
252
241
252
252
244
252
252
244
252
252
244
252
252
244
252
252
244
252
252
244
252
252
244
252
252
244
252
252
244
252
252
244
252
252
244
252
252
244
252
252
244
252
252
245
253
253
245
253
253
245
253
253
245
253
253
245
253
253
245
253
253
245
253
253
245
253
253
245
253
253
245
253
253
245
253
253
245
253
253
245
253
253
245
253
253
242
252
252
243
252
253
244
251
254
245
251
254
246
251
254
244
251
254
240
250
254
234
249
252
223
245
246
190
219
222
180
217
219
185
227
229
170
217
218
159
210
212
150
205
208
146
199
202
148
200
203
159
206
210
166
210
214
167
208
213
164
203
208
160
200
205
158
198
203
155
197
202
149
195
199
144
192
196
144
192
196
142
191
193
144
194
196
146
194
196
144
191
193
151
193
196
162
202
204
168
206
208
178
213
214
181
214
214
174
205
206
174
205
204
182
213
212
195
226
225
211
241
240
209
238
235
211
240
237
214
242
239
219
246
243
224
248
246
227
251
249
228
250
248
228
250
248
233
254
252
233
252
251
231
249
248
208
224
223
230
246
245
236
252
250
235
252
248
234
252
249
234
253
250
232
253
251
230
252
251
227
252
251
220
247
248
182
211
214
180
211
214
134
166
171
119
154
159
87
122
128
86
123
128
131
181
180
181
228
230
151
186
196
175
205
221
150
183
202
134
174
192
140
182
196
98
130
138
240
253
254
249
249
252
251
252
254
233
253
254
176
223
225
165
232
235
158
221
225
157
220
224
158
220
224
162
221
226
161
220
225
159
215
220
154
208
213
149
200
206
149
198
204
150
198
204
147
193
200
140
184
191
137
181
188
143
184
190
141
180
185
148
188
193
162
202
207
150
190
194
157
198
201
170
211
214
182
222
224
191
227
229
199
231
234
210
240
241
221
247
249
227
251
253
231
253
254
237
253
252
238
253
252
237
253
252
235
252
253
233
252
253
231
251
253
229
251
253
225
250
254
221
250
254
217
250
254
211
246
250
200
239
243
189
230
234
177
220
227
156
204
222
155
199
215
125
165
178
114
150
162
182
215
230
118
151
168
148
180
204
110
143
170
65
95
123
78
105
129
209
229
245
230
244
249
207
215
216
197
203
201
231
236
236
248
252
253
242
248
252
235
247
254
215
237
246
199
233
242
190
236
245
183
240
249
176
239
247
172
234
242
168
226
233
187
237
245
189
235
243
188
232
234
188
229
231
189
229
228
194
230
230
200
232
233
205
232
233
208
230
231
203
222
223
207
224
225
215
231
231
226
242
241
235
251
250
238
254
253
236
253
253
228
254
254
227
254
254
221
250
251
220
250
251
222
253
254
209
238
242
177
204
207
171
195
198
225
242
243
239
250
252
249
253
254
246
245
245
248
244
243
250
251
250
250
255
254
250
255
254
250
255
254
250
255
254
250
255
254
250
255
254
250
255
254
250
255
254
250
255
254
250
255
254
250
255
254
250
255
254
250
255
254
250
255
254
250
255
254
250
255
254
250
255
254
250
255
254
250
255
254
250
255
254
250
255
254
250
255
254
250
255
254
250
255
254
250
255
254
250
255
254
250
255
254
250
255
254
250
255
254
250
255
254
250
255
254
250
255
254
250
255
254
250
255
254
250
255
254
250
255
254
250
255
254
238
250
250
238
250
250
238
250
250
238
250
250
238
250
250
238
250
250
238
250
250
240
252
252
240
252
252
240
252
252
240
252
252
240
252
252
240
252
252
241
252
252
244
252
252
244
252
252
244
252
252
244
252
252
244
252
252
244
252
252
244
252
252
244
252
252
244
252
252
244
252
252
244
252
252
244
252
252
244
252
252
245
253
253
246
254
254
246
254
254
246
254
254
246
254
254
246
254
254
246
254
254
245
253
253
245
253
253
245
253
253
245
253
253
245
253
253
245
253
253
245
253
253
242
251
254
243
251
254
244
251
254
244
251
254
244
251
254
242
251
255
238
250
254
231
248
251
210
234
237
187
218
222
172
211
213
187
234
235
163
215
215
158
212
214
151
208
210
146
200
203
150
201
204
161
208
212
168
211
215
167
207
212
163
201
206
165
203
208
166
206
211
156
198
203
147
192
196
141
189
193
137
185
189
138
189
191
143
195
197
147
196
198
145
192
194
150
193
195
162
202
204
174
210
213
175
209
209
181
212
213
182
212
213
183
214
213
187
218
217
193
224
223
203
233
232
208
237
234
210
239
236
214
242
239
218
245
242
222
247
245
225
249
247
228
250
248
230
251
250
233
253
251
235
253
253
226
244
243
213
229
228
233
249
248
236
252
250
236
252
248
236
253
249
235
253
250
232
253
250
230
253
251
227
252
251
226
253
253
193
222
223
183
214
217
142
175
179
127
163
167
111
148
152
92
130
134
131
182
180
173
221
222
150
185
194
171
200
217
142
174
194
127
165
184
124
166
180
98
129
138
234
247
252
242
243
247
245
247
251
221
243
247
169
220
223
155
226
229
155
218
222
154
217
221
157
219
223
162
223
227
163
221
226
155
211
216
149
203
209
148
200
206
146
197
203
149
198
204
150
196
203
144
189
196
143
188
195
146
187
193
138
178
183
149
189
194
166
206
211
154
194
199
153
194
197
172
213
216
189
229
231
198
234
237
200
232
235
206
235
236
217
244
246
227
251
253
229
251
253
235
252
252
237
253
252
237
253
252
236
253
252
234
252
253
233
252
253
232
252
254
227
250
252
221
248
251
219
249
252
220
253
254
217
254
255
206
246
249
193
235
240
179
230
244
172
220
232
159
203
213
141
182
190
146
182
194
119
154
171
142
178
199
100
136
161
71
104
130
77
105
127
212
232
245
237
248
254
228
234
236
203
210
209
213
222
222
238
247
247
238
247
252
231
245
252
216
239
247
198
233
242
189
236
246
181
239
248
174
237
245
171
234
242
167
226
233
183
235
242
185
232
240
181
228
230
182
226
227
186
228
227
192
231
230
198
231
232
200
229
230
200
225
225
205
225
226
207
224
225
213
229
229
226
241
240
237
251
250
239
253
252
235
250
249
233
254
253
232
255
255
226
252
253
221
250
251
221
252
254
213
244
248
199
229
232
194
219
223
213
234
237
224
239
241
244
252
253
249
251
251
253
253
252
250
253
252
250
255
254
250
255
254
250
255
254
250
255
254
250
255
254
250
255
254
250
255
254
250
255
254
250
255
254
250
255
254
250
255
254
250
255
254
250
255
254
250
255
254
250
255
254
250
255
254
250
255
254
250
255
254
250
255
254
250
255
254
250
255
254
250
255
254
250
255
254
250
255
254
250
255
254
250
255
254
250
255
254
250
255
254
250
255
254
250
255
254
250
255
254
250
255
254
250
255
254
250
255
254
250
255
254
250
255
254
250
255
254
239
251
251
239
251
251
239
251
251
239
251
251
239
251
251
239
251
251
239
251
251
239
251
251
239
251
251
239
251
251
239
251
251
239
251
251
239
251
251
241
251
251
244
252
252
244
252
252
244
252
252
244
252
252
244
252
252
244
252
252
244
252
252
244
252
252
244
252
252
244
252
252
244
252
252
244
252
252
244
252
252
245
253
253
246
254
254
246
254
254
246
254
254
246
254
254
246
254
254
246
254
254
245
253
253
245
253
253
245
253
253
245
253
253
245
253
253
245
253
253
245
253
253
243
252
255
244
252
255
244
251
254
244
251
254
243
250
255
241
250
254
237
250
254
228
247
251
198
224
229
184
219
222
174
217
219
179
228
230
158
213
214
157
214
216
153
210
212
151
206
209
154
205
208
159
206
210
164
205
210
163
203
208
159
197
202
165
202
208
170
209
214
156
199
204
146
192
196
141
189
193
135
185
188
137
190
192
142
196
197
147
198
200
147
195
197
149
192
195
158
197
199
168
204
206
171
205
205
178
209
210
182
213
213
185
216
215
189
220
219
197
228
227
205
236
235
210
239
236
211
240
237
214
242
239
218
245
242
223
247
245
226
249
247
230
251
250
233
253
252
228
249
247
234
252
251
219
237
236
229
245
244
233
249
248
234
249
247
237
252
248
237
253
249
237
254
251
235
254
251
231
253
251
228
252
251
222
249
249
203
233
233
159
192
194
149
185
188
127
165
168
148
185
189
112
150
154
142
195
192
176
225
225
153
189
196
169
197
213
135
165
185
113
151
169
100
141
155
90
120
129
230
243
248
243
244
248
240
244
248
202
225
230
161
213
216
151
223
226
158
222
226
154
218
222
155
218
222
161
223
227
163
222
227
156
212
217
149
205
210
148
202
207
145
196
202
147
196
202
149
197
203
147
193
200
148
194
201
149
191
197
141
180
185
156
196
201
166
206
211
156
196
201
155
196
199
174
215
218
187
227
230
198
234
237
200
232
235
203
232
233
216
243
244
227
251
253
227
249
251
233
252
251
235
253
252
235
253
252
235
253
252
235
253
253
235
253
254
234
253
254
234
254
255
226
250
252
220
248
249
219
250
252
219
253
254
214
251
252
205
246
249
191
246
254
184
236
243
179
227
233
176
220
226
136
176
184
126
166
180
130
169
188
99
137
162
74
109
134
70
99
121
212
230
244
234
243
252
225
229
231
197
206
205
195
211
210
217
232
233
231
245
249
228
246
252
211
237
245
195
232
241
189
238
248
180
240
249
172
236
245
171
235
243
167
226
235
180
234
242
182
231
239
178
226
228
177
223
224
179
222
221
185
224
224
193
226
227
198
227
228
203
227
227
214
234
235
215
232
234
217
233
234
224
239
238
232
246
245
235
249
248
235
249
248
235
253
252
236
255
255
230
253
254
222
249
253
220
251
254
215
248
253
207
239
243
191
220
223
194
218
221
224
241
243
240
251
251
248
252
251
247
247
246
246
248
247
250
255
254
250
255
254
250
255
254
250
255
254
250
255
254
250
255
254
250
255
254
250
255
254
250
255
254
250
255
254
250
255
254
250
255
254
250
255
254
250
255
254
250
255
254
250
255
254
250
255
254
250
255
254
250
255
254
250
255
254
250
255
254
250
255
254
250
255
254
250
255
254
250
255
254
250
255
254
250
255
254
250
255
254
250
255
254
250
255
254
250
255
254
250
255
254
250
255
254
250
255
254
250
255
254
250
255
254
250
255
254
239
251
251
239
251
251
239
251
251
239
251
251
239
251
251
239
251
251
239
251
251
239
251
251
239
251
251
239
251
251
239
251
251
239
251
251
239
251
251
241
251
251
244
252
252
244
252
252
244
252
252
244
252
252
244
252
252
244
252
252
244
252
252
244
252
252
244
252
252
244
252
252
244
252
252
244
252
252
244
252
252
245
253
253
246
254
254
246
254
254
246
254
254
246
254
254
246
254
254
246
254
254
245
253
253
245
253
253
245
253
253
245
253
253
245
253
253
245
253
253
245
253
253
244
252
255
245
252
255
245
251
255
244
250
255
242
250
254
239
250
254
236
250
254
221
242
244
190
218
222
186
222
225
182
227
230
165
217
219
158
214
215
156
214
215
152
210
212
156
212
215
160
212
215
160
207
211
163
204
209
166
205
210
160
197
203
161
198
203
168
206
211
156
199
203
148
194
198
144
194
197
139
191
194
137
192
193
140
195
196
147
199
200
151
199
201
153
196
198
158
197
199
165
200
203
178
210
211
179
209
210
179
209
209
178
209
208
184
215
214
199
230
229
210
241
240
211
240
237
212
241
238
215
243
240
219
246
243
223
248
246
226
250
248
229
251
249
231
253
251
228
249
247
234
252
251
212
230
229
237
253
252
231
247
246
236
251
249
238
253
249
239
254
250
237
254
250
235
254
251
232
254
251
229
253
251
226
253
252
219
250
250
154
188
188
144
179
182
128
166
169
166
204
207
117
156
160
148
202
199
186
235
233
162
198
205
175
203
219
142
172
191
113
151
169
96
135
150
87
117
126
231
244
250
249
251
255
241
245
248
187
212
217
158
210
215
153
225
229
161
225
229
155
218
222
152
215
219
157
218
222
158
219
223
155
213
218
152
208
213
150
204
209
145
195
201
145
194
200
148
196
202
150
196
203
152
198
205
151
194
200
144
183
188
163
203
208
161
201
206
154
195
199
155
196
199
171
212
215
176
216
218
190
226
229
197
230
233
200
229
230
215
241
243
229
253
254
229
251
252
232
253
252
233
254
252
234
253
252
235
253
252
235
253
252
235
253
253
235
253
254
235
253
253
232
254
254
227
253
254
222
251
252
219
251
252
217
252
252
212
252
253
188
246
250
184
239
242
190
241
243
177
224
226
165
208
212
122
165
174
124
166
182
102
142
165
69
105
129
62
91
112
213
231
243
237
246
253
220
223
225
192
203
202
187
209
208
198
217
219
222
242
247
227
249
254
206
234
243
194
233
244
190
240
251
180
240
250
170
236
245
172
237
246
167
228
236
178
232
241
179
229
238
177
226
228
175
223
223
176
220
219
178
218
218
185
221
221
197
227
228
208
233
233
217
238
239
220
237
238
220
235
236
221
236
235
225
239
238
231
245
244
236
250
249
238
251
251
238
254
255
233
253
255
224
250
254
220
251
254
216
251
255
211
246
250
193
225
229
178
206
208
215
235
236
233
244
244
244
250
249
250
251
250
252
254
253
250
255
254
250
255
254
250
255
254
250
255
254
250
255
254
250
255
254
250
255
254
250
255
254
250
255
254
250
255
254
250
255
254
250
255
254
250
255
254
250
255
254
250
255
254
250
255
254
250
255
254
250
255
254
250
255
254
250
255
254
250
255
254
250
255
254
250
255
254
250
255
254
250
255
254
250
255
254
250
255
254
250
255
254
250
255
254
250
255
254
250
255
254
250
255
254
250
255
254
250
255
254
250
255
254
250
255
254
250
255
254
240
252
252
240
252
252
240
252
252
240
252
252
240
252
252
240
252
252
240
252
252
238
250
250
238
250
250
238
250
250
238
250
250
238
250
250
238
250
250
240
251
251
244
252
252
244
252
252
244
252
252
244
252
252
244
252
252
244
252
252
244
252
252
244
252
252
244
252
252
244
252
252
244
252
252
244
252
252
244
252
252
244
252
252
245
253
253
245
253
253
245
253
253
245
253
253
245
253
253
245
253
253
245
253
253
245
253
253
245
253
253
245
253
253
245
253
253
245
253
253
245
253
253
244
253
255
245
252
255
245
251
255
244
250
255
242
250
254
239
249
254
232
247
253
207
229
233
185
216
219
187
225
229
183
230
232
159
213
214
159
218
219
153
214
214
152
210
212
158
214
217
164
215
218
164
211
215
167
208
213
172
209
214
169
205
211
167
203
209
167
205
210
157
200
204
148
194
198
142
191
195
137
189
192
135
191
193
135
191
192
142
195
196
152
200
202
157
200
203
161
200
202
167
202
204
176
207
209
179
209
210
185
214
215
185
214
214
186
216
216
194
225
224
199
230
229
211
240
237
212
241
238
216
244
241
219
246
243
223
247
245
225
249
247
227
249
247
228
249
247
231
252
250
229
247
246
212
230
229
236
252
251
231
247
246
239
254
252
239
253
249
239
254
250
238
254
250
235
254
251
232
254
251
229
254
251
223
250
249
219
249
249
166
199
199
128
164
167
149
187
189
182
221
224
129
169
172
148
202
198
190
240
238
164
200
207
179
208
223
154
184
202
117
155
173
102
141
156
94
124
133
231
244
250
249
251
254
240
245
248
181
207
212
159
213
218
152
225
229
160
224
228
154
218
222
150
213
217
152
214
218
154
215
219
153
211
216
154
209
214
153
206
212
146
198
204
146
196
202
151
199
205
152
199
205
153
199
206
154
196
203
145
184
189
161
201
206
157
197
202
155
195
200
152
193
196
169
210
213
168
207
210
183
219
222
195
228
230
196
225
226
210
237
239
228
252
253
231
252
253
231
253
252
232
254
252
233
254
252
234
254
253
236
254
253
237
254
253
237
254
254
229
247
248
231
251
252
231
255
255
226
254
253
220
251
251
217
250
250
213
252
251
191
250
250
183
240
240
187
239
238
179
228
228
183
229
232
98
143
151
147
191
206
110
152
173
79
115
139
73
101
123
215
233
244
239
247
253
230
231
234
196
209
208
187
213
213
187
211
213
212
235
239
224
249
253
203
234
244
194
234
245
188
240
251
178
239
249
168
235
244
172
238
247
167
228
236
176
230
240
177
227
237
177
227
228
179
227
228
180
226
224
180
220
220
184
219
219
195
226
227
209
236
236
215
235
236
217
234
236
218
233
234
219
234
233
223
237
236
229
243
242
235
248
247
240
250
251
240
252
254
235
254
255
227
252
255
220
251
254
215
251
255
212
248
252
202
237
239
184
214
216
205
228
229
235
248
248
244
252
251
246
249
247
251
255
253
250
255
254
250
255
254
250
255
254
250
255
254
250
255
254
250
255
254
250
255
254
250
255
254
250
255
254
250
255
254
250
255
254
250
255
254
250
255
254
250
255
254
250
255
254
250
255
254
250
255
254
250
255
254
250
255
254
250
255
254
250
255
254
250
255
254
250
255
254
250
255
254
250
255
254
250
255
254
250
255
254
250
255
254
250
255
254
250
255
254
250
255
254
250
255
254
250
255
254
250
255
254
250
255
254
250
255
254
250
255
254
240
252
252
240
252
252
240
252
252
240
252
252
240
252
252
240
252
252
240
252
252
238
250
250
238
250
250
238
250
250
238
250
250
238
250
250
238
250
250
240
251
251
244
252
252
244
252
252
244
252
252
244
252
252
244
252
252
244
252
252
244
252
252
244
252
252
244
252
252
244
252
252
244
252
252
244
252
252
244
252
252
244
252
252
244
252
252
244
252
252
244
252
252
244
252
252
244
252
252
244
252
252
245
253
253
245
253
253
245
253
253
245
253
253
245
253
253
245
253
253
245
253
253
244
253
255
246
252
255
245
251
255
244
250
255
242
250
254
238
248
255
227
242
248
191
214
219
185
216
220
188
228
231
176
224
226
161
217
217
162
222
222
152
213
214
154
213
215
158
214
217
163
215
218
167
213
217
168
209
214
169
206
211
172
208
214
170
206
212
164
201
207
157
200
205
149
195
199
141
190
194
139
191
194
137
193
194
132
188
189
135
188
189
147
195
197
155
198
201
160
199
201
166
200
203
176
207
208
179
208
209
187
215
216
187
215
215
185
215
215
192
223
222
195
226
225
210
239
236
211
240
237
214
242
239
217
244
241
221
245
243
223
247
245
226
248
246
227
249
247
230
250
249
213
232
231
221
239
238
236
252
251
234
250
249
237
252
249
240
254
248
239
254
250
238
255
251
236
255
252
233
254
251
230
254
252
217
245
244
214
244
244
181
214
214
124
159
162
177
215
217
200
240
243
144
185
188
147
202
197
195
244
243
164
200
207
181
209
224
161
191
209
116
154
172
103
142
157
109
139
148
231
244
250
244
245
250
241
246
250
184
211
215
165
221
225
149
224
227
158
222
226
155
219
223
152
215
219
151
214
218
152
213
217
153
210
215
155
210
215
155
209
214
149
201
207
151
202
208
156
205
211
155
202
209
153
199
206
157
200
206
146
185
190
157
197
202
158
198
203
160
200
205
149
190
193
170
211
214
169
209
211
185
221
224
196
229
232
191
220
221
202
229
231
223
247
248
227
248
250
229
253
251
231
254
252
233
254
252
235
255
253
236
254
253
238
255
254
239
255
254
230
248
249
232
252
253
232
254
255
228
254
254
223
253
252
219
251
250
213
251
250
191
252
251
187
246
244
185
239
236
183
234
231
175
223
223
135
181
188
179
224
238
130
172
193
90
127
150
81
110
131
213
231
245
237
245
251
228
229
233
190
203
204
188
217
217
185
211
213
199
225
229
216
244
249
200
233
242
190
232
242
184
237
248
176
237
248
166
233
242
171
237
246
166
226
236
173
228
237
174
225
235
176
226
228
185
234
234
191
236
235
187
228
228
185
221
221
193
224
225
207
233
234
214
235
236
215
233
234
217
232
233
222
236
235
226
240
239
227
241
240
229
241
241
242
249
250
241
251
254
236
253
255
229
253
255
220
251
254
214
250
254
212
249
252
212
247
249
199
230
232
187
210
211
226
242
241
245
254
253
246
251
249
248
253
251
250
255
254
250
255
254
250
255
254
250
255
254
250
255
254
250
255
254
250
255
254
250
255
254
250
255
254
250
255
254
250
255
254
250
255
254
250
255
254
250
255
254
250
255
254
250
255
254
250
255
254
250
255
254
250
255
254
250
255
254
250
255
254
250
255
254
250
255
254
250
255
254
250
255
254
250
255
254
250
255
254
250
255
254
250
255
254
250
255
254
250
255
254
250
255
254
250
255
254
250
255
254
250
255
254
250
255
254
250
255
254
239
252
252
239
252
252
239
252
252
239
252
252
239
252
252
240
252
252
240
251
251
239
250
250
239
250
250
240
250
250
240
250
250
240
250
250
240
250
250
241
251
251
244
252
252
244
252
252
244
252
252
244
252
252
244
252
252
244
252
252
244
252
252
244
252
252
244
252
252
244
252
252
244
252
252
244
252
252
244
252
252
244
252
252
243
251
251
243
251
251
243
251
251
243
251
251
243
251
251
243
251
251
245
253
253
245
253
253
245
253
253
245
253
253
245
253
253
245
253
253
245
253
253
248
253
254
248
252
253
247
252
254
241
249
251
239
251
253
233
249
253
213
235
239
183
211
215
184
220
224
180
223
227
166
216
218
165
221
223
164
223
225
156
215
217
162
217
219
161
214
216
163
213
216
166
213
216
165
208
212
161
201
206
164
203
208
165
203
208
159
199
203
156
198
202
152
195
199
148
194
197
150
198
201
147
196
197
138
188
187
138
185
185
147
191
192
155
196
197
159
198
198
165
200
201
179
211
211
178
209
210
177
207
207
176
205
205
179
210
209
190
221
220
199
231
229
207
235
232
208
236
233
212
239
236
216
242
240
221
245
243
225
248
246
229
251
249
228
249
247
226
246
244
208
226
225
231
248
247
239
254
253
237
252
251
236
250
249
239
253
249
241
254
252
238
252
250
235
252
249
234
254
252
233
254
253
225
251
250
226
253
253
191
225
225
130
167
169
189
230
231
199
242
244
158
203
205
160
216
209
198
249
246
162
204
209
179
213
228
163
196
215
117
152
172
108
144
161
112
142
153
227
248
253
233
247
250
227
245
248
187
217
221
175
223
227
159
220
224
155
223
227
155
223
227
154
220
224
152
216
221
151
214
218
153
213
218
156
214
219
154
210
215
148
203
207
152
206
210
161
214
218
149
202
206
146
198
203
150
197
201
146
187
192
153
195
199
160
201
206
159
199
203
151
191
194
171
209
213
177
214
217
192
227
230
200
232
235
191
221
222
200
228
229
218
243
245
223
246
248
229
252
251
231
254
252
233
255
253
235
255
253
237
255
254
238
255
254
239
255
254
235
253
252
235
254
254
232
254
254
230
255
254
226
255
253
223
253
251
215
251
250
192
248
249
195
248
248
189
241
240
185
235
233
173
220
220
182
227
232
190
232
244
132
170
188
77
111
131
83
109
128
208
227
239
234
246
250
229
237
238
183
203
204
180
213
214
179
212
214
167
200
204
193
228
233
185
224
230
186
231
239
185
237
246
179
238
246
168
231
239
168
231
239
164
226
234
170
229
237
173
230
238
176
228
231
184
235
236
191
239
239
192
235
236
191
229
230
195
226
228
202
228
230
216
237
240
215
233
236
216
233
235
222
238
238
226
242
242
224
239
240
223
237
238
237
246
248
237
249
251
236
252
254
232
253
255
226
252
254
221
250
253
215
246
248
216
246
248
221
248
249
189
212
213
211
228
228
235
248
248
237
249
247
242
249
248
250
255
253
250
255
254
250
255
254
250
255
254
249
255
253
249
255
253
249
255
253
250
255
254
250
255
254
250
255
254
251
255
254
251
254
254
252
254
254
250
255
254
250
255
254
250
255
254
250
255
254
250
255
254
250
255
254
250
255
254
250
255
254
250
255
254
250
255
254
250
255
254
250
255
254
250
255
254
250
255
254
250
255
254
250
255
254
250
255
254
250
255
254
250
255
254
250
255
254
250
255
254
250
255
254
250
255
254
250
255
254
238
252
251
238
252
251
238
252
251
238
252
251
239
251
251
239
251
251
239
251
251
241
251
251
241
251
251
242
251
251
243
251
251
243
251
251
243
251
251
243
251
251
244
252
252
244
252
252
244
252
252
244
252
252
244
252
252
244
252
252
244
252
252
244
252
252
244
252
252
244
252
252
244
252
252
244
252
252
244
252
252
244
252
252
244
252
252
244
252
252
244
252
252
244
252
252
244
252
252
244
252
252
246
254
254
246
254
254
246
254
254
245
253
253
244
252
252
244
252
252
244
252
252
252
251
250
251
252
251
246
251
250
239
250
249
229
246
245
226
250
250
188
219
220
184
222
225
183
226
229
172
219
222
162
214
218
166
221
226
162
218
223
160
213
217
169
217
219
167
215
217
165
213
215
164
211
213
162
207
210
158
203
206
158
202
205
160
203
206
158
201
204
155
196
199
152
193
196
154
195
198
159
200
203
159
199
198
154
193
191
151
190
188
157
196
194
162
200
198
163
200
198
165
202
200
176
210
209
177
211
210
172
205
204
173
205
204
179
211
210
186
218
217
197
228
227
204
231
228
206
233
230
210
236
233
215
239
237
220
242
240
225
247
245
230
251
249
230
250
248
222
240
239
218
235
234
235
251
250
237
251
250
239
253
252
240
253
253
240
252
252
241
253
253
239
251
251
237
251
250
237
253
253
234
252
253
229
251
252
219
246
246
186
220
220
133
172
172
197
240
240
200
247
248
191
241
241
179
235
227
190
246
240
163
213
217
181
223
237
166
202
222
120
152
175
116
146
166
93
122
136
217
248
252
223
254
254
206
239
239
183
217
219
183
219
223
178
217
222
152
222
226
153
222
226
154
220
225
154
218
223
155
217
221
159
219
223
160
219
222
152
209
212
145
201
203
149
205
207
162
218
221
139
196
198
143
200
203
143
195
198
147
192
196
154
196
201
162
204
209
153
193
197
157
195
199
171
207
211
182
217
221
196
229
232
202
233
236
197
226
227
204
232
233
219
246
247
224
249
251
230
252
251
232
254
252
234
255
253
235
255
253
237
255
254
238
255
254
238
254
253
234
252
251
235
253
252
233
254
252
230
254
252
228
254
251
224
253
250
217
251
249
199
245
252
198
244
248
192
240
243
189
237
239
167
212
215
164
206
211
192
229
239
128
160
174
69
97
114
93
116
132
203
224
234
223
243
247
231
251
248
184
213
212
167
204
208
182
220
225
151
191
196
169
212
216
166
212
216
186
235
240
186
238
244
182
237
242
173
231
237
167
228
234
166
229
235
169
233
238
172
237
242
177
234
237
181
233
236
185
235
238
193
237
241
199
237
242
201
233
238
201
227
233
214
235
240
216
236
241
218
236
240
220
238
241
223
240
243
223
241
244
224
241
244
230
243
245
232
247
249
236
251
253
236
254
255
235
253
254
231
251
252
230
250
251
230
251
251
224
245
245
181
202
203
172
193
194
221
240
241
230
250
251
239
251
250
250
255
253
250
255
253
250
255
253
249
255
253
249
255
253
248
255
252
249
255
253
250
255
254
250
255
254
251
255
254
252
254
254
253
254
255
254
253
255
250
255
254
250
255
254
250
255
254
250
255
254
250
255
254
250
255
254
250
255
254
250
255
254
250
255
254
250
255
254
250
255
254
250
255
254
250
255
254
250
255
254
250
255
254
250
255
254
250
255
254
250
255
254
250
255
254
250
255
254
250
255
254
250
255
254
250
255
254
250
255
254
238
252
251
238
252
251
238
252
251
238
252
251
239
251
251
239
251
251
239
251
251
241
251
251
241
251
251
242
251
251
243
251
251
243
251
251
243
251
251
243
251
251
244
252
252
244
252
252
244
252
252
244
252
252
244
252
252
244
252
252
244
252
252
244
252
252
244
252
252
244
252
252
244
252
252
244
252
252
244
252
252
244
252
252
244
252
252
244
252
252
244
252
252
244
252
252
244
252
252
244
252
252
246
254
254
246
254
254
246
254
254
245
253
253
244
252
252
244
252
252
244
252
252
248
248
247
250
253
251
241
248
246
241
252
251
223
240
240
218
243
243
178
209
211
191
229
232
185
228
231
176
223
227
168
220
223
164
219
224
157
212
217
156
209
213
167
215
217
170
218
220
167
215
217
161
208
210
160
205
208
162
207
210
161
204
207
158
201
204
156
199
202
154
195
198
153
194
197
155
196
199
160
201
204
164
203
203
160
199
197
158
197
195
163
202
200
166
203
201
163
200
198
163
199
198
173
207
206
176
209
208
178
211
210
180
212
211
183
215
214
189
221
220
195
227
226
207
234
231
209
236
233
212
238
235
215
239
237
219
241
239
223
245
243
227
248
246
232
252
251
216
234
233
223
240
239
235
251
250
234
248
247
241
254
253
241
254
253
240
252
252
238
250
250
241
253
253
242
255
254
235
251
251
230
249
250
227
250
250
206
233
233
197
230
230
141
180
180
203
246
246
201
248
249
198
247
248
184
241
232
182
238
231
175
225
229
183
226
239
167
202
222
125
157
180
125
154
174
91
119
132
219
248
251
223
252
253
195
226
226
172
204
206
183
216
220
187
222
227
162
223
228
161
220
225
162
219
224
165
221
225
168
222
226
168
220
224
166
216
219
161
210
213
159
208
211
161
210
213
165
214
217
139
190
192
151
203
206
156
205
208
156
201
205
160
202
207
165
206
211
156
195
200
159
197
201
174
210
214
179
214
218
190
224
227
201
232
235
199
229
230
205
233
234
219
246
247
226
251
253
230
253
251
232
254
252
234
255
253
235
255
253
237
255
254
238
255
254
238
254
253
234
252
251
235
254
252
233
255
253
231
254
252
228
254
252
224
253
250
219
252
250
201
247
252
193
240
245
194
242
245
185
233
235
147
192
195
151
192
198
197
234
243
136
168
180
75
102
119
91
115
130
210
230
241
225
245
249
232
251
249
186
215
215
161
199
203
184
222
227
174
215
220
165
208
212
160
207
211
185
234
239
179
230
236
175
231
236
172
230
236
171
232
238
171
234
239
169
233
238
167
231
236
180
236
239
184
237
240
188
237
241
196
240
244
203
242
246
208
240
245
210
237
242
207
230
235
214
234
239
218
237
241
219
237
240
220
238
241
222
241
244
225
243
246
229
243
245
231
246
248
235
250
252
236
253
255
236
254
255
232
252
253
233
253
253
227
247
248
224
245
246
208
229
230
176
197
198
211
232
232
224
244
245
237
249
248
249
254
252
250
255
253
249
255
253
249
255
253
249
255
253
248
255
252
249
255
253
250
255
254
250
255
254
251
254
254
252
254
254
252
254
255
253
254
255
250
255
254
250
255
254
250
255
254
250
255
254
250
255
254
250
255
254
250
255
254
250
255
254
250
255
254
250
255
254
250
255
254
250
255
254
250
255
254
250
255
254
250
255
254
250
255
254
250
255
254
250
255
254
250
255
254
250
255
254
250
255
254
250
255
254
250
255
254
250
255
254
238
252
251
238
252
251
238
252
251
238
252
251
239
251
251
239
251
251
239
251
251
241
251
251
241
251
251
242
251
251
243
251
251
243
251
251
243
251
251
243
251
251
244
252
252
244
252
252
244
252
252
244
252
252
244
252
252
244
252
252
244
252
252
244
252
252
244
252
252
244
252
252
244
252
252
244
252
252
244
252
252
244
252
252
244
252
252
244
252
252
244
252
252
244
252
252
244
252
252
244
252
252
246
254
254
246
254
254
246
254
254
245
253
253
244
252
252
244
252
252
244
252
252
248
250
248
245
249
248
244
251
250
237
250
249
230
248
249
196
223
223
190
224
224
192
231
234
180
225
228
175
224
227
172
224
227
163
218
222
157
213
218
159
212
216
167
215
217
171
219
221
168
216
218
159
207
209
159
204
207
165
210
213
163
207
210
158
201
204
157
200
203
157
198
201
157
198
201
159
200
203
163
204
207
164
203
203
159
198
196
157
196
194
163
201
199
165
202
200
162
199
197
163
197
196
166
200
199
171
204
203
181
213
212
184
216
215
185
217
216
189
221
220
190
221
220
207
234
231
212
239
236
216
241
239
218
242
240
222
245
243
227
249
247
230
251
249
231
251
249
214
232
231
228
244
243
234
250
249
234
248
247
241
254
253
238
251
250
239
251
251
239
251
251
242
254
254
237
251
250
231
248
247
232
251
251
224
246
246
204
231
231
212
246
246
170
209
209
203
246
246
190
237
238
192
241
242
183
239
231
176
232
226
181
231
235
178
221
234
164
199
220
131
161
184
129
157
177
94
120
133
224
251
254
223
250
252
174
202
203
141
169
170
170
197
201
198
229
234
181
229
234
178
224
230
178
221
227
178
222
226
178
220
224
174
212
217
166
204
208
158
196
201
168
207
211
177
217
220
179
220
223
150
193
196
166
208
212
169
213
217
163
208
212
163
205
210
163
205
210
152
192
197
156
193
197
170
206
210
175
210
213
185
219
222
199
230
233
201
231
232
205
233
234
215
242
243
224
249
251
230
253
251
233
254
252
234
255
253
236
255
253
238
255
254
239
255
254
238
254
253
236
253
252
235
254
253
233
255
253
231
254
252
229
255
252
225
254
251
221
253
250
203
248
252
192
239
244
187
235
238
182
230
231
137
183
185
163
205
211
198
235
244
143
176
188
87
114
131
90
114
129
215
235
244
228
247
250
231
249
247
197
227
226
167
207
210
171
211
216
176
218
223
159
204
208
150
197
201
181
230
235
176
227
233
172
227
232
170
229
234
173
233
239
173
236
242
169
233
238
163
227
232
178
233
237
183
235
238
188
237
241
196
240
245
204
243
247
210
243
248
213
241
247
208
232
236
207
227
232
208
228
231
214
234
236
220
239
242
220
239
242
218
236
239
227
242
244
230
245
247
233
250
251
235
253
254
236
254
255
233
253
254
233
253
253
220
241
241
225
245
246
230
250
250
203
224
225
207
228
229
220
241
242
237
249
248
248
254
252
248
254
253
249
255
254
249
255
253
249
255
253
249
255
253
250
255
253
250
255
254
250
255
254
252
254
254
252
254
254
252
254
255
252
254
255
250
255
254
250
255
254
250
255
254
250
255
254
250
255
254
250
255
254
250
255
254
250
255
254
250
255
254
250
255
254
250
255
254
250
255
254
250
255
254
250
255
254
250
255
254
250
255
254
250
255
254
250
255
254
250
255
254
250
255
254
250
255
254
250
255
254
250
255
254
250
255
254
238
252
251
238
252
251
238
252
251
238
252
251
239
251
251
239
251
251
239
251
251
241
251
251
241
251
251
242
251
251
243
251
251
243
251
251
243
251
251
243
251
251
244
252
252
244
252
252
244
252
252
244
252
252
244
252
252
244
252
252
244
252
252
244
252
252
244
252
252
244
252
252
244
252
252
244
252
252
244
252
252
244
252
252
244
252
252
244
252
252
244
252
252
244
252
252
244
252
252
244
252
252
246
254
254
246
254
254
246
254
254
245
253
253
244
252
252
244
252
252
244
252
252
248
252
251
238
244
243
245
255
254
233
249
248
229
250
250
178
207
207
206
242
244
187
229
231
173
219
222
170
220
223
170
223
226
163
217
220
161
216
221
166
219
222
170
218
220
170
218
220
166
214
216
161
208
211
161
206
209
164
209
212
163
207
210
160
203
206
158
201
204
159
200
203
160
201
204
162
203
206
164
205
208
164
204
203
158
197
195
157
194
192
162
199
197
164
201
199
163
199
197
164
199
198
162
196
195
168
201
200
181
213
212
185
217
216
185
217
216
188
219
218
186
216
215
203
230
227
211
238
235
215
241
238
217
241
239
222
244
242
227
249
247
230
251
249
225
244
243
216
234
233
230
246
245
235
251
250
237
251
250
240
253
252
237
251
250
239
251
251
243
254
254
240
252
252
234
248
247
233
249
249
232
250
251
216
238
238
209
236
236
206
240
240
199
238
238
200
243
243
186
233
234
188
237
238
188
244
238
184
240
235
168
218
222
151
194
207
146
181
201
128
157
181
130
157
177
97
123
137
218
243
249
224
247
249
196
219
219
175
197
199
198
220
224
207
230
236
209
241
245
210
241
244
211
240
243
210
238
241
208
235
239
206
231
236
201
227
231
196
222
225
202
230
232
207
237
240
205
238
241
170
204
207
176
211
215
172
212
215
162
207
211
160
202
207
160
202
207
149
189
194
152
190
194
165
201
205
170
205
208
179
213
216
194
225
228
202
231
232
205
233
234
212
238
240
222
247
249
230
252
251
233
254
252
235
255
253
236
254
253
238
255
254
239
255
254
238
254
253
237
253
252
235
254
253
234
255
253
232
255
253
229
255
252
225
254
251
220
252
250
200
244
251
200
245
251
182
228
231
168
215
216
104
149
152
170
212
218
187
224
235
140
172
187
94
122
139
88
111
126
214
233
243
230
248
252
232
249
247
203
232
232
179
221
224
173
216
219
179
223
227
159
206
210
132
180
184
171
222
227
180
233
239
176
232
237
174
232
237
177
236
242
178
239
245
175
238
244
171
234
239
175
230
233
181
232
235
188
236
240
195
240
244
202
242
246
207
242
246
211
241
246
214
240
244
208
231
235
206
227
230
212
233
235
219
239
242
218
238
240
215
234
237
224
241
243
227
244
245
230
248
249
233
251
252
235
253
254
234
254
255
233
253
254
226
246
247
227
247
248
227
247
247
212
233
234
194
215
216
207
230
230
238
252
251
246
253
252
246
253
252
248
254
253
249
255
254
249
255
254
250
255
254
250
255
254
250
255
254
251
254
254
252
254
254
252
254
254
252
254
255
252
254
255
250
255
254
250
255
254
250
255
254
250
255
254
250
255
254
250
255
254
250
255
254
250
255
254
250
255
254
250
255
254
250
255
254
250
255
254
250
255
254
250
255
254
250
255
254
250
255
254
250
255
254
250
255
254
250
255
254
250
255
254
250
255
254
250
255
254
250
255
254
250
255
254
238
252
251
238
252
251
238
252
251
238
252
251
239
251
251
239
251
251
239
251
251
241
251
251
241
251
251
242
251
251
243
251
251
243
251
251
243
251
251
243
251
251
244
252
252
244
252
252
244
252
252
244
252
252
244
252
252
244
252
252
244
252
252
244
252
252
244
252
252
244
252
252
244
252
252
244
252
252
244
252
252
244
252
252
244
252
252
244
252
252
244
252
252
244
252
252
244
252
252
244
252
252
246
254
254
246
254
254
246
254
254
245
253
253
244
252
252
244
252
252
244
252
252
248
253
253
239
247
247
240
253
252
235
253
253
205
229
230
181
213
213
202
240
242
182
226
228
170
218
220
168
218
221
166
219
222
161
215
218
163
217
221
171
223
226
173
221
223
168
216
218
165
213
215
165
212
214
165
210
213
162
207
210
161
205
208
160
203
206
157
200
203
158
199
202
159
200
203
160
201
204
160
201
204
168
207
206
165
203
201
162
199
197
166
203
201
168
204
202
168
202
201
168
202
201
165
198
197
171
203
202
184
215
214
188
219
218
188
219
218
189
220
219
187
218
217
202
229
226
213
240
237
216
241
239
215
239
237
220
242
240
225
247
245
225
246
244
216
235
234
220
237
237
230
247
246
238
253
252
239
253
252
236
250
249
240
253
253
241
253
253
241
253
253
238
250
250
239
252
252
236
251
251
220
239
240
211
233
234
219
246
246
186
220
220
209
248
247
195
238
238
192
239
240
189
239
239
181
237
231
193
249
244
172
222
226
157
199
214
150
184
206
116
145
169
110
136
156
78
102
117
210
232
239
229
250
252
226
246
247
220
238
241
232
249
252
223
239
245
227
246
249
232
250
253
235
251
254
234
250
253
233
247
252
236
249
254
237
251
254
233
249
252
230
249
251
228
250
252
222
247
250
181
211
213
183
214
216
171
209
212
155
200
204
154
197
202
159
201
206
152
192
196
156
194
198
168
204
208
169
204
208
173
206
209
188
219
222
202
232
233
208
236
237
213
239
241
224
249
251
231
253
252
233
254
252
235
254
253
237
254
253
239
255
254
239
255
254
238
254
253
237
254
253
236
254
253
235
255
253
232
255
253
229
255
252
227
255
252
221
252
251
202
244
252
200
244
250
178
223
227
161
207
208
91
136
139
170
212
217
176
214
225
129
161
177
90
118
135
84
106
121
210
229
239
233
250
254
236
252
250
197
226
226
172
216
219
176
220
223
183
229
233
171
218
222
125
174
178
143
194
199
171
224
230
177
232
237
177
234
239
179
237
243
181
240
246
180
241
247
180
241
247
176
231
234
182
232
236
189
237
241
195
240
244
201
240
245
204
241
245
209
241
246
214
241
245
215
241
245
214
237
240
210
232
234
209
230
232
213
234
236
218
239
241
220
239
240
223
242
243
228
246
247
231
249
250
234
252
253
234
254
255
233
253
254
233
252
253
228
249
249
221
242
243
221
242
242
196
220
220
199
223
223
235
252
251
243
252
251
244
253
252
246
254
254
248
255
254
249
255
254
250
255
254
250
255
254
251
254
254
252
254
254
252
254
254
252
254
254
252
254
254
252
254
254
250
255
254
250
255
254
250
255
254
250
255
254
250
255
254
250
255
254
250
255
254
250
255
254
250
255
254
250
255
254
250
255
254
250
255
254
250
255
254
250
255
254
250
255
254
250
255
254
250
255
254
250
255
254
250
255
254
250
255
254
250
255
254
250
255
254
250
255
254
250
255
254
238
252
251
238
252
251
238
252
251
238
252
251
239
251
251
239
251
251
239
251
251
241
251
251
241
251
251
242
251
251
243
251
251
243
251
251
243
251
251
243
251
251
244
252
252
244
252
252
244
252
252
244
252
252
244
252
252
244
252
252
244
252
252
244
252
252
244
252
252
244
252
252
244
252
252
244
252
252
244
252
252
244
252
252
244
252
252
244
252
252
244
252
252
244
252
252
244
252
252
244
252
252
246
254
254
246
254
254
246
254
254
245
253
253
244
252
252
244
252
252
244
252
252
247
254
254
242
251
252
236
251
252
231
251
252
185
213
214
190
224
226
183
224
226
174
220
222
170
220
222
168
220
223
165
218
221
161
214
217
164
217
220
171
222
225
172
220
222
167
215
217
166
214
216
168
216
218
168
213
216
162
207
210
161
205
208
161
204
207
157
200
203
157
198
201
157
198
201
157
198
201
155
196
199
166
204
203
167
204
202
167
204
202
173
209
207
175
210
209
172
206
205
171
204
203
171
203
202
178
210
209
185
216
215
189
220
219
190
221
220
190
221
220
193
222
221
202
229
226
215
242
239
219
244
242
216
240
238
221
243
241
226
248
246
221
242
240
208
227
226
224
241
241
232
248
248
239
253
253
240
254
253
234
247
247
243
255
255
241
253
253
239
251
251
238
250
250
241
255
254
232
248
248
211
230
231
217
238
239
226
252
252
185
219
219
205
244
244
189
232
232
194
241
241
188
238
238
172
229
222
198
251
249
186
235
240
182
224
239
166
200
222
105
134
158
101
126
147
73
95
109
219
238
245
230
249
251
234
250
250
235
248
249
240
251
254
241
251
254
240
250
252
243
252
254
244
252
254
243
250
252
243
249
251
245
251
254
245
252
255
241
250
253
238
251
253
234
252
253
225
247
248
182
209
210
184
213
214
169
206
208
150
195
199
153
195
200
162
203
208
158
197
202
161
199
203
171
207
211
174
209
213
175
208
211
186
217
220
204
234
235
211
239
240
214
241
242
224
249
251
231
253
252
233
254
252
236
254
253
238
255
254
240
255
254
240
255
254
239
254
253
238
254
253
238
255
254
236
255
254
233
255
253
231
255
253
228
255
252
224
254
252
209
249
253
195
237
243
178
222
226
162
208
209
137
182
185
177
220
225
178
217
227
128
161
176
83
111
128
84
106
121
211
229
240
235
249
254
240
253
252
195
223
224
162
207
210
177
224
226
185
232
236
191
239
243
159
208
212
136
187
191
153
205
210
165
219
224
174
230
235
179
236
242
180
237
244
180
238
244
181
239
245
182
235
239
186
237
240
191
238
242
193
238
243
198
239
243
204
242
245
210
244
249
210
240
244
216
243
247
216
242
245
209
233
235
205
228
230
208
231
233
215
237
239
217
237
238
220
240
241
223
243
244
228
247
248
233
251
252
234
253
254
233
252
253
232
252
253
232
252
253
224
245
246
229
252
252
201
226
226
180
205
205
217
235
236
240
251
252
241
252
252
244
253
253
247
254
254
249
254
255
250
255
254
251
255
254
252
254
254
252
254
254
252
254
254
252
254
254
251
254
254
251
255
254
250
255
254
250
255
254
250
255
254
250
255
254
250
255
254
250
255
254
250
255
254
250
255
254
250
255
254
250
255
254
250
255
254
250
255
254
250
255
254
250
255
254
250
255
254
250
255
254
250
255
254
250
255
254
250
255
254
250
255
254
250
255
254
250
255
254
250
255
254
250
255
254
238
252
251
238
252
251
238
252
251
238
252
251
239
251
251
239
251
251
239
251
251
241
251
251
241
251
251
242
251
251
243
251
251
243
251
251
243
251
251
243
251
251
244
252
252
244
252
252
244
252
252
244
252
252
244
252
252
244
252
252
244
252
252
244
252
252
244
252
252
244
252
252
244
252
252
244
252
252
244
252
252
244
252
252
244
252
252
244
252
252
244
252
252
244
252
252
244
252
252
244
252
252
246
254
254
246
254
254
246
254
254
245
253
253
244
252
252
244
252
252
244
252
252
241
252
253
235
249
250
234
252
252
213
236
237
188
219
221
184
222
224
166
210
213
163
212
214
169
221
223
171
223
226
166
219
222
166
218
221
169
220
223
170
220
223
169
217
219
167
215
217
167
215
217
170
217
219
170
215
218
165
210
213
165
209
212
164
207
210
159
202
205
158
199
202
158
199
202
156
197
200
153
194
197
157
195
195
159
195
193
166
201
199
176
210
209
178
212
211
173
207
206
170
202
201
174
206
205
182
213
212
184
215
214
187
218
217
191
221
220
191
220
220
196
224
223
196
223
220
211
238
235
216
241
239
214
238
236
221
243
241
227
249
247
218
239
237
204
224
222
229
247
246
236
252
251
238
253
253
241
254
254
236
250
249
243
255
255
241
253
253
239
251
251
241
253
253
235
249
248
222
239
238
217
235
236
223
245
245
220
246
246
204
237
237
204
243
242
185
229
228
191
238
239
191
240
240
178
233
227
197
250
248
182
231
238
182
224
238
163
198
219
97
126
150
118
143
164
84
106
120
230
249
252
229
245
247
237
250
250
244
253
253
238
244
248
248
253
255
249
254
255
247
252
253
246
250
251
249
250
252
252
252
254
251
252
254
248
251
253
243
250
251
240
251
253
238
254
255
228
251
252
184
212
213
182
212
213
166
204
206
150
195
199
154
197
202
164
206
211
160
200
205
161
198
202
168
204
208
181
216
219
183
216
219
189
220
223
207
237
238
213
241
242
213
239
241
220
245
247
230
252
251
234
253
252
237
254
253
239
255
254
240
255
254
241
255
254
240
254
253
239
254
253
238
255
254
236
255
254
233
255
253
232
255
253
228
255
252
224
253
251
208
245
252
202
242
249
188
230
234
151
196
198
183
228
231
176
220
225
185
224
232
140
172
184
82
109
126
89
111
126
216
233
243
234
248
252
241
252
252
189
218
218
146
193
196
180
228
230
177
225
228
183
231
234
191
238
241
154
204
207
143
194
199
154
206
212
174
227
233
183
238
244
183
238
245
181
236
243
181
236
243
189
240
244
191
240
244
190
237
241
189
235
239
193
236
239
202
241
245
212
248
252
214
247
250
211
241
245
211
239
241
215
242
243
217
242
244
211
235
237
206
229
231
215
236
237
217
238
239
221
241
242
225
245
246
231
249
250
234
252
253
235
253
254
232
251
252
232
253
253
227
249
250
225
251
251
209
235
235
176
203
203
205
225
226
238
251
253
239
252
253
242
253
254
246
254
255
249
254
255
250
254
255
251
254
254
252
254
254
252
254
254
252
254
254
251
254
254
250
255
254
250
255
254
250
255
254
250
255
254
250
255
254
250
255
254
250
255
254
250
255
254
250
255
254
250
255
254
250
255
254
250
255
254
250
255
254
250
255
254
250
255
254
250
255
254
250
255
254
250
255
254
250
255
254
250
255
254
250
255
254
250
255
254
250
255
254
250
255
254
250
255
254
250
255
254
238
252
251
238
252
251
238
252
251
238
252
251
239
251
251
239
251
251
239
251
251
241
251
251
241
251
251
242
251
251
243
251
251
243
251
251
243
251
251
243
251
251
244
252
252
244
252
252
244
252
252
244
252
252
244
252
252
244
252
252
244
252
252
244
252
252
244
252
252
244
252
252
244
252
252
244
252
252
244
252
252
244
252
252
244
252
252
244
252
252
244
252
252
244
252
252
244
252
252
244
252
252
246
254
254
246
254
254
246
254
254
245
253
253
244
252
252
244
252
252
244
252
252
237
249
252
236
252
253
226
246
248
190
218
220
198
233
235
173
216
217
174
222
224
167
219
220
166
219
222
166
219
222
166
219
222
170
221
224
173
223
226
172
221
224
169
217
219
168
216
218
167
215
217
167
215
217
168
213
216
166
211
214
163
207
210
160
203
206
162
205
208
167
208
211
160
201
204
152
193
196
152
193
196
158
195
195
163
198
196
170
204
203
174
208
207
171
205
204
168
200
199
165
197
196
174
205
204
177
208
207
184
214
213
190
219
218
186
214
214
186
214
214
197
225
225
199
226
223
200
227
224
216
241
239
208
232
230
216
238
236
227
249
247
203
224
222
221
241
239
233
251
250
237
254
253
235
251
250
237
251
250
238
252
251
242
255
255
239
251
251
238
250
250
243
254
254
235
249
248
218
235
235
214
233
233
232
253
253
200
227
227
217
248
248
206
245
245
197
240
240
197
244
245
197
246
246
179
234
229
187
240
239
188
237
245
181
223
239
161
198
220
96
125
150
126
151
172
91
113
128
232
250
253
231
247
249
240
252
252
246
253
253
244
248
251
250
254
255
249
255
254
248
253
253
249
252
252
252
252
253
253
253
253
253
253
253
249
252
253
242
249
249
238
250
251
236
255
255
211
236
236
186
217
218
173
208
209
168
208
210
154
199
203
158
200
205
161
203
208
157
196
201
161
199
203
167
203
207
180
215
218
184
217
220
191
222
225
206
236
237
214
242
243
216
242
244
220
245
247
232
252
251
237
254
253
239
255
254
239
255
254
240
254
253
240
254
253
239
253
252
239
253
252
238
254
253
236
255
253
233
255
253
231
254
252
229
254
251
224
252
251
208
244
253
201
239
246
180
222
225
164
208
209
194
239
242
181
226
231
187
227
235
145
178
190
89
117
134
85
107
122
221
237
244
236
248
253
240
250
249
194
223
223
146
194
196
178
226
228
185
233
236
187
234
238
197
245
248
177
225
229
173
222
227
158
207
213
158
209
215
190
241
247
180
231
238
187
237
245
189
240
247
189
238
243
193
241
245
196
243
247
195
241
245
194
238
242
199
240
243
207
245
249
209
246
248
206
240
243
205
236
238
209
238
239
212
240
241
212
237
239
208
233
234
207
231
231
210
234
234
217
238
239
225
245
246
232
250
251
234
252
253
235
253
254
235
254
254
233
253
254
227
251
251
226
252
252
216
244
244
187
217
216
185
207
209
225
241
242
237
252
254
241
253
254
241
249
251
248
253
255
248
252
253
251
253
254
253
254
254
253
254
254
252
254
254
251
254
254
250
255
254
250
255
254
250
255
254
250
255
254
250
255
254
250
255
254
250
255
254
250
255
254
250
255
254
250
255
254
250
255
254
250
255
254
250
255
254
250
255
254
250
255
254
250
255
254
250
255
254
250
255
254
250
255
254
250
255
254
250
255
254
250
255
254
250
255
254
251
255
255
251
255
255
251
255
255
238
252
251
238
252
251
238
252
251
238
252
251
239
251
251
239
251
251
239
251
251
241
251
251
241
251
251
242
251
251
243
251
251
243
251
251
243
251
251
243
251
251
244
252
252
244
252
252
244
252
252
244
252
252
244
252
252
244
252
252
244
252
252
244
252
252
244
252
252
244
252
252
244
252
252
244
252
252
244
252
252
244
252
252
244
252
252
244
252
252
244
252
252
244
252
252
244
252
252
244
252
252
246
254
254
246
254
254
246
254
254
245
253
253
244
252
252
244
252
252
243
252
252
232
248
252
235
254
255
215
240
243
184
215
218
197
236
238
173
220
222
175
226
228
170
224
226
167
222
224
166
221
224
169
222
225
172
223
226
174
222
226
173
221
224
172
220
222
171
219
221
168
216
218
165
213
215
164
209
212
163
208
211
159
203
206
158
201
204
162
205
208
169
210
213
164
205
208
159
200
203
162
203
206
160
196
196
161
195
194
167
201
200
173
207
206
177
209
208
176
208
207
175
206
205
176
207
206
171
201
201
179
207
207
189
217
217
188
216
216
187
215
215
197
224
223
207
234
231
203
230
227
223
248
246
214
238
236
215
238
236
217
239
237
195
216
214
228
248
246
234
252
251
237
253
252
235
251
250
235
249
248
239
253
252
242
255
254
240
252
252
241
253
253
237
248
248
233
247
246
212
229
228
226
245
245
229
251
251
193
220
220
211
244
244
206
245
245
201
244
244
197
244
245
198
247
248
186
239
236
188
240
240
186
233
241
171
212
230
159
195
218
103
134
159
134
162
183
94
117
131
228
248
253
232
248
249
240
252
251
245
252
252
246
250
253
250
253
255
247
255
252
247
255
252
249
254
252
251
253
253
251
253
253
251
253
253
249
254
254
243
251
252
236
251
252
234
255
255
195
223
223
187
223
223
172
212
211
169
212
214
156
201
205
162
204
209
164
206
211
161
200
205
161
199
203
159
195
199
173
208
212
180
213
216
187
218
221
200
230
231
211
239
240
215
241
243
219
244
246
232
251
250
236
254
253
239
255
254
239
255
254
240
253
252
240
253
253
241
253
253
239
253
252
239
254
253
237
254
253
234
255
253
232
254
252
229
253
251
224
251
250
210
246
253
202
239
243
168
209
212
181
224
226
191
236
238
174
219
223
183
222
232
140
174
189
91
119
136
86
107
122
224
238
244
237
247
253
239
248
247
203
231
231
157
205
207
171
219
221
186
234
236
188
235
239
196
244
248
190
237
241
166
213
219
179
225
232
179
226
232
173
220
227
194
241
248
188
234
242
192
239
247
197
245
249
202
249
252
198
245
249
194
240
244
196
242
245
199
242
245
196
237
240
201
240
242
208
245
247
211
245
246
205
237
238
201
231
232
207
234
235
212
239
240
207
233
233
209
234
234
214
236
237
220
240
241
228
246
247
232
250
251
234
252
253
234
253
254
232
252
253
226
250
250
227
253
253
220
250
250
199
231
230
185
209
211
214
232
236
235
251
254
237
249
252
243
253
254
248
253
255
251
253
254
253
253
255
254
254
254
254
254
254
252
254
254
251
254
254
250
255
254
249
255
254
250
255
254
250
255
254
250
255
254
250
255
254
250
255
254
250
255
254
250
255
254
250
255
254
250
255
254
250
255
254
250
255
254
250
255
254
250
255
254
250
255
254
250
255
254
250
255
254
250
255
254
250
255
254
250
255
254
250
255
254
250
255
254
250
255
254
250
255
254
250
255
254
238
252
251
238
252
251
238
252
251
238
252
251
239
251
251
239
251
251
239
251
251
241
251
251
241
251
251
242
251
251
243
251
251
243
251
251
243
251
251
243
251
251
244
252
252
244
252
252
244
252
252
244
252
252
244
252
252
244
252
252
244
252
252
244
252
252
244
252
252
244
252
252
244
252
252
244
252
252
244
252
252
244
252
252
244
252
252
244
252
252
244
252
252
244
252
252
244
252
252
244
252
252
246
254
254
246
254
254
246
254
254
245
253
253
244
252
252
244
252
252
243
252
252
230
248
253
231
252
253
203
230
234
186
220
224
191
232
236
178
226
228
170
224
225
168
225
227
167
224
226
168
224
226
171
225
228
173
224
226
171
220
222
171
219
221
173
221
223
171
219
221
169
217
219
165
213
215
163
208
211
161
206
209
159
203
206
161
204
207
164
207
210
167
208
211
166
207
210
167
208
211
166
207
210
178
214
214
180
214
213
179
212
211
179
212
211
180
212
211
175
207
206
169
200
199
176
207
206
173
202
202
178
206
206
186
214
214
188
215
215
189
215
215
198
224
223
200
227
224
199
226
223
222
248
245
223
247
245
221
244
242
207
229
227
203
224
222
228
248
246
234
252
251
236
253
252
235
251
250
236
250
249
239
253
252
238
251
250
239
251
251
238
250
250
239
251
251
217
232
231
218
234
234
231
249
249
227
249
249
203
230
230
209
242
242
211
250
250
203
246
246
197
244
245
200
250
250
187
239
237
193
244
246
189
235
244
167
209
226
159
197
220
104
137
161
123
153
173
95
120
134
225
246
251
233
250
250
240
253
251
245
252
251
246
250
252
249
252
255
244
255
252
245
255
252
247
255
252
249
254
253
251
253
253
251
253
253
248
253
254
244
254
254
235
251
252
231
254
254
179
212
212
189
228
230
173
217
218
167
212
215
151
196
200
158
201
206
163
205
210
167
207
211
167
205
209
163
199
203
177
212
215
182
215
218
185
216
219
198
228
229
210
238
239
215
242
243
220
245
247
231
250
249
236
253
252
239
254
253
240
255
254
240
253
253
241
253
253
242
254
254
241
253
253
239
254
253
237
254
253
235
255
253
233
254
252
229
253
251
227
253
251
216
249
253
170
205
211
111
150
154
173
217
218
201
245
248
182
226
231
180
221
232
131
167
181
96
124
141
93
113
129
221
235
244
233
242
247
242
247
247
217
243
243
173
219
221
162
208
211
181
227
229
185
231
234
195
240
244
202
246
250
177
220
225
179
222
229
195
237
244
151
194
201
170
213
221
198
240
246
202
244
251
192
239
243
199
246
250
203
250
254
200
247
251
196
243
246
195
241
244
197
240
243
196
236
238
207
246
248
213
249
250
207
240
241
201
231
232
204
233
234
211
239
240
209
237
237
210
237
237
211
235
235
213
234
235
220
238
239
228
245
246
233
250
251
233
252
253
232
252
253
226
250
250
225
252
252
224
254
253
212
245
244
192
219
222
187
208
213
220
239
243
226
239
244
240
249
253
244
248
252
248
250
253
253
253
255
254
253
255
254
254
254
253
254
254
251
254
254
250
255
254
249
255
253
250
255
254
250
255
254
250
255
254
250
255
254
250
255
254
250
255
254
250
255
254
250
255
254
250
255
254
250
255
254
250
255
254
250
255
254
250
255
254
250
255
254
250
255
254
250
255
254
250
255
254
250
255
254
250
255
254
250
255
254
250
255
254
250
255
254
250
255
254
250
255
254
238
252
251
238
252
251
238
252
251
238
252
251
239
251
251
239
251
251
239
251
251
241
251
251
241
251
251
242
251
251
243
251
251
243
251
251
243
251
251
243
251
251
244
252
252
244
252
252
244
252
252
244
252
252
244
252
252
244
252
252
244
252
252
244
252
252
244
252
252
244
252
252
244
252
252
244
252
252
244
252
252
244
252
252
244
252
252
244
252
252
244
252
252
244
252
252
244
252
252
244
252
252
246
254
254
246
254
254
246
254
254
245
253
253
244
252
252
244
252
252
243
252
252
229
249
255
220
244
247
190
220
225
189
226
230
184
229
233
173
225
228
167
224
226
164
222
224
163
222
224
165
222
224
170
224
225
173
222
224
171
218
220
168
215
217
167
215
217
167
215
217
167
215
217
166
214
216
166
211
214
164
209
212
163
207
210
167
210
213
168
211
214
164
205
208
164
205
208
164
205
208
156
197
200
172
207
207
181
213
212
180
212
211
180
212
211
182
214
213
183
214
213
179
210
209
178
207
206
180
208
208
184
212
212
184
211
211
180
207
207
187
213
213
202
228
227
193
220
217
193
220
217
216
241
239
225
249
247
229
251
249
204
226
224
220
241
239
228
248
246
233
251
250
236
252
251
235
251
250
237
251
250
239
253
252
241
254
253
238
250
250
239
251
251
236
248
248
206
220
220
234
250
250
232
250
251
226
248
248
215
242
242
216
249
249
215
254
254
204
247
247
198
244
244
197
246
246
187
238
236
200
250
252
190
236
246
161
202
221
157
194
218
107
139
165
121
151
171
99
126
140
220
244
249
235
253
254
241
254
253
245
254
253
248
253
254
249
254
255
242
255
252
243
255
252
246
255
252
249
254
253
251
253
253
251
253
254
247
252
254
243
252
254
234
249
251
228
252
253
169
201
204
191
230
233
172
216
219
167
212
215
153
198
202
155
197
202
154
196
201
167
206
211
172
210
214
171
207
211
185
220
224
186
220
223
186
217
220
197
227
228
210
238
239
216
243
244
220
245
247
230
248
247
235
251
250
239
253
252
240
254
253
241
254
253
243
255
255
244
255
255
241
253
253
240
254
253
238
255
254
235
255
253
233
255
253
232
254
252
225
250
250
205
236
246
173
207
215
133
170
175
183
226
228
191
235
238
176
221
226
176
217
228
129
164
179
97
126
142
93
114
129
218
231
242
235
243
249
246
251
251
228
253
253
185
228
231
155
198
201
181
224
227
187
230
234
195
237
241
209
250
253
207
247
250
171
209
216
191
229
236
157
194
202
106
143
151
174
210
220
202
238
247
195
240
245
189
236
240
198
245
249
205
252
255
195
242
245
190
237
239
204
249
251
197
240
242
199
239
241
202
240
241
206
241
241
208
240
240
206
236
237
203
233
234
207
237
236
210
237
237
211
235
235
209
231
232
215
233
234
224
241
242
232
248
249
234
252
253
234
254
255
229
252
252
224
252
252
223
254
254
216
250
249
206
236
238
189
211
217
214
233
240
235
250
253
243
252
255
245
250
254
250
252
255
254
253
255
255
253
255
254
254
254
253
254
254
251
254
254
249
255
253
248
255
252
250
255
254
250
255
254
250
255
254
250
255
254
250
255
254
250
255
254
250
255
254
250
255
254
250
255
254
250
255
254
250
255
254
250
255
254
250
255
254
250
255
254
250
255
254
250
255
254
250
255
254
250
255
254
250
255
254
250
255
254
250
255
254
249
254
253
249
254
253
249
254
253
238
252
251
238
252
251
238
252
251
238
252
251
239
251
251
239
251
251
239
251
251
241
251
251
241
251
251
242
251
251
243
251
251
243
251
251
243
251
251
243
251
251
244
252
252
244
252
252
244
252
252
244
252
252
244
252
252
244
252
252
244
252
252
244
252
252
244
252
252
244
252
252
244
252
252
244
252
252
244
252
252
244
252
252
244
252
252
244
252
252
244
252
252
244
252
252
244
252
252
244
252
252
246
254
254
246
254
254
246
254
254
245
253
253
244
252
252
244
252
252
243
252
252
227
249
253
204
230
236
183
216
222
190
230
235
179
225
229
164
218
221
169
228
230
161
222
224
161
221
223
163
221
223
168
223
224
174
223
225
174
221
223
170
216
219
164
212
214
165
213
215
166
214
216
166
214
216
166
211
214
165
210
213
164
207
210
168
211
214
171
214
217
166
207
210
165
206
209
163
204
207
151
192
195
157
192
192
170
202
201
176
208
207
176
208
207
180
211
210
187
218
217
191
222
221
182
211
211
181
209
209
182
210
210
184
210
210
185
211
211
192
218
218
204
230
229
205
232
229
200
227
224
212
238
235
219
243
241
226
249
247
198
220
218
228
249
247
229
248
247
232
250
249
235
252
251
235
251
250
237
251
250
238
252
251
240
254
253
235
247
247
239
251
251
217
229
229
236
250
249
232
249
248
230
248
248
213
235
235
215
242
242
219
253
253
209
248
248
198
241
241
195
242
242
190
238
238
174
224
224
195
244
246
190
234
246
159
201
220
158
195
219
109
143
168
119
152
172
101
130
143
212
239
243
234
255
255
239
255
253
244
255
253
247
255
255
247
253
254
242
255
252
243
255
252
246
255
253
249
254
253
251
253
254
252
252
254
248
250
253
242
249
252
235
247
251
230
251
253
169
199
203
190
228
232
167
210
215
167
212
216
164
209
213
161
203
208
152
194
199
165
204
209
167
205
209
164
200
204
183
218
221
186
219
222
184
215
218
194
224
225
205
233
234
212
238
240
217
242
244
229
246
246
234
249
248
238
252
251
240
253
252
241
253
253
243
254
254
245
255
255
242
254
254
241
254
254
240
255
254
238
255
254
235
255
253
232
254
252
229
252
252
214
244
254
189
222
229
182
218
223
206
248
250
205
250
252
184
229
234
168
209
219
126
162
177
93
122
139
90
111
126
219
232
243
246
253
254
250
253
253
230
253
252
186
228
230
153
194
197
184
226
229
193
234
238
198
236
241
209
247
252
208
244
250
188
224
232
192
225
234
168
201
210
77
109
118
109
140
150
166
197
208
205
248
250
198
244
248
193
240
244
195
242
246
194
242
245
192
241
243
198
246
247
200
245
247
197
239
241
196
235
236
201
237
237
205
239
239
203
234
235
198
229
229
200
231
231
207
236
235
211
236
236
211
233
233
213
232
233
221
238
239
228
243
245
232
249
250
234
254
254
230
255
255
223
254
253
220
253
252
214
251
249
210
241
243
188
211
219
197
216
223
228
244
250
238
248
253
240
245
249
244
246
249
253
253
255
255
253
255
255
254
254
253
254
254
251
254
254
249
255
252
247
255
252
250
255
254
250
255
254
250
255
254
250
255
254
250
255
254
250
255
254
250
255
254
250
255
254
250
255
254
250
255
254
250
255
254
250
255
254
250
255
254
250
255
254
250
255
254
250
255
254
250
255
254
250
255
254
250
255
254
250
255
254
250
255
254
249
254
253
249
254
253
249
254
253
238
252
251
238
252
251
238
252
251
238
252
251
239
251
251
239
251
251
239
251
251
241
251
251
241
251
251
242
251
251
243
251
251
243
251
251
243
251
251
243
251
251
244
252
252
244
252
252
244
252
252
244
252
252
244
252
252
244
252
252
244
252
252
244
252
252
244
252
252
244
252
252
244
252
252
244
252
252
244
252
252
244
252
252
244
252
252
244
252
252
244
252
252
244
252
252
244
252
252
244
252
252
246
254
254
246
254
254
246
254
254
245
253
253
244
252
252
244
252
252
243
252
252
222
246
250
191
219
226
186
220
226
189
231
236
175
225
228
161
218
220
170
231
233
162
226
227
161
224
225
165
223
225
171
226
227
178
227
229
180
225
228
176
222
224
170
218
220
170
218
220
170
218
220
167
214
217
164
209
212
161
206
209
158
202
205
162
205
208
168
211
214
171
212
215
170
211
214
169
210
213
163
204
207
172
206
206
186
218
217
190
222
221
181
213
212
177
208
207
180
211
210
184
213
213
187
215
215
176
204
204
173
199
199
184
210
210
198
224
224
203
228
228
200
225
225
206
233
230
198
225
222
203
229
226
211
235
233
212
235
233
201
223
221
227
248
246
229
249
247
232
250
249
234
251
250
236
252
251
238
252
251
238
252
251
239
252
252
241
253
253
221
233
233
218
230
230
240
253
253
227
244
244
233
252
253
205
228
228
211
238
238
221
254
254
204
243
243
199
242
242
196
243
244
189
238
238
199
246
246
206
252
253
165
210
222
118
160
179
124
162
187
97
134
158
128
162
183
99
130
143
201
230
234
231
255
253
234
253
249
240
254
251
243
254
252
244
252
252
242
255
253
245
255
253
248
254
253
250
253
254
254
252
254
255
251
255
252
250
254
246
247
253
239
247
253
232
249
254
179
204
211
190
225
231
166
204
212
162
204
210
164
209
213
165
208
212
154
196
201
169
209
214
167
205
209
162
198
202
181
216
219
185
218
221
185
216
219
194
224
225
203
231
232
211
237
239
219
244
246
229
247
246
233
249
248
238
252
251
240
252
252
242
253
253
244
254
254
245
255
255
242
254
254
242
254
254
240
255
254
238
255
254
235
255
253
232
254
252
229
252
252
209
238
248
190
223
230
201
236
239
196
238
239
197
242
245
188
233
238
157
199
209
112
148
163
101
129
146
103
124
139
216
229
240
243
249
254
249
252
252
232
253
253
183
224
226
154
195
198
186
224
228
196
234
238
200
236
242
206
241
247
209
243
249
206
238
246
180
211
220
155
184
193
93
122
131
87
114
125
127
153
165
158
201
205
197
242
245
207
252
253
196
243
247
195
244
247
200
249
251
194
243
245
199
246
247
203
248
249
203
245
245
198
235
235
193
228
228
196
227
228
199
230
231
197
229
228
204
233
233
210
236
236
213
235
236
216
234
235
220
236
238
223
238
240
226
242
244
230
250
251
230
254
255
225
255
255
219
254
252
215
252
250
220
252
252
211
238
243
191
213
221
226
243
250
241
251
255
245
250
252
248
249
252
255
252
255
255
253
255
255
254
254
253
254
254
251
254
254
249
255
252
247
255
252
250
255
254
250
255
254
250
255
254
250
255
254
250
255
254
250
255
254
250
255
254
250
255
254
250
255
254
250
255
254
250
255
254
250
255
254
250
255
254
250
255
254
250
255
254
250
255
254
250
255
254
250
255
254
250
255
254
250
255
254
250
255
254
250
255
254
250
255
254
250
255
254
238
252
251
238
252
251
238
252
251
238
252
251
239
251
251
239
251
251
239
251
251
241
251
251
241
251
251
242
251
251
243
251
251
243
251
251
243
251
251
243
251
251
244
252
252
244
252
252
244
252
252
244
252
252
244
252
252
244
252
252
244
252
252
244
252
252
244
252
252
244
252
252
244
252
252
244
252
252
244
252
252
244
252
252
244
252
252
244
252
252
244
252
252
244
252
252
244
252
252
244
252
252
246
254
254
246
254
254
246
254
254
245
253
253
244
252
252
244
252
252
243
252
252
216
242
248
187
216
222
196
230
236
183
227
231
173
224
227
168
227
229
166
230
231
164
228
229
164
227
228
169
227
229
175
229
231
180
229
231
180
225
228
179
224
227
178
226
228
177
225
227
175
223
225
169
217
219
164
209
212
159
204
207
158
202
205
160
203
206
164
207
210
171
212
215
170
211
214
170
211
214
174
215
218
178
213
213
190
222
221
194
225
224
186
217
216
185
216
215
189
220
219
191
219
219
189
217
217
179
206
206
175
201
201
183
209
209
196
222
222
201
225
225
196
220
220
196
223
220
192
219
216
197
222
220
213
237
235
199
222
220
217
239
237
223
244
242
230
250
248
232
250
249
234
251
250
237
253
252
239
253
252
239
253
252
235
248
248
238
250
250
214
226
226
236
248
248
236
250
249
234
251
251
227
246
247
215
237
237
218
245
245
222
254
254
207
246
245
205
249
248
195
242
243
192
241
241
182
230
231
194
240
244
184
228
241
158
201
220
153
192
217
85
122
146
76
111
132
94
127
140
192
223
227
227
254
252
230
252
248
238
254
250
242
255
253
242
252
252
244
255
253
247
254
253
250
253
253
252
252
254
255
252
254
255
250
255
254
249
255
248
247
254
240
245
254
233
246
255
192
214
222
193
224
232
169
205
213
159
200
206
161
206
210
164
207
212
152
194
199
170
210
215
170
208
212
169
205
209
179
214
218
180
214
217
185
216
219
195
224
225
202
230
231
212
239
240
224
249
251
231
249
248
236
250
249
239
252
251
240
252
252
241
252
252
243
253
253
244
254
254
244
254
254
242
254
254
241
255
255
238
255
254
235
255
253
233
255
253
231
254
252
214
241
246
186
217
225
197
234
239
210
250
252
206
251
253
161
207
212
114
155
166
102
138
153
101
130
147
103
124
139
204
217
228
239
244
250
250
251
251
234
253
254
180
218
222
159
197
201
180
218
222
194
231
235
202
238
243
206
239
245
217
249
252
210
240
248
175
202
212
151
178
188
113
138
148
105
130
141
112
136
148
97
139
144
153
198
202
195
242
245
200
248
252
197
246
249
200
249
251
199
248
250
197
247
247
204
250
251
206
248
249
201
240
239
196
231
231
197
228
229
199
230
231
199
231
230
203
233
232
208
234
234
213
235
236
217
235
236
218
233
235
220
235
237
225
241
243
228
248
249
229
254
254
225
255
255
219
254
253
216
254
252
218
251
254
207
234
241
177
199
206
196
214
221
231
241
248
243
247
253
245
246
250
253
249
253
255
253
255
255
254
254
253
254
254
251
255
253
249
255
252
247
255
252
250
255
254
250
255
254
250
255
254
250
255
254
250
255
254
250
255
254
250
255
254
250
255
254
250
255
254
250
255
254
250
255
254
250
255
254
250
255
254
250
255
254
250
255
254
250
255
254
250
255
254
250
255
254
250
255
254
250
255
254
250
255
254
250
255
254
250
255
254
250
255
254
238
252
251
238
252
251
238
252
251
238
252
251
239
251
251
239
251
251
239
251
251
241
251
251
241
251
251
242
251
251
243
251
251
243
251
251
243
251
251
243
251
251
244
252
252
244
252
252
244
252
252
244
252
252
244
252
252
244
252
252
244
252
252
244
252
252
244
252
252
244
252
252
244
252
252
244
252
252
244
252
252
244
252
252
244
252
252
244
252
252
244
252
252
244
252
252
244
252
252
244
252
252
246
254
254
246
254
254
246
254
254
245
253
253
244
252
252
244
252
252
243
252
252
212
238
245
187
217
222
201
238
241
178
223
227
174
225
229
179
237
240
161
225
226
161
225
226
164
226
228
171
229
231
176
231
232
178
227
229
176
220
223
177
222
224
181
229
231
180
228
230
178
226
228
172
220
222
167
212
215
161
206
209
163
207
210
163
206
209
164
207
210
170
210
213
165
206
209
164
205
208
175
215
218
179
214
214
187
219
218
189
221
220
184
215
214
186
217
216
188
219
218
184
212
212
184
211
211
191
217
217
189
215
215
182
208
208
181
206
206
189
213
213
197
221
221
202
229
226
201
228
225
205
230
228
225
247
247
193
215
214
231
250
250
216
237
235
230
250
248
231
249
248
234
250
249
237
253
252
240
254
253
239
253
252
238
251
251
220
233
232
230
242
242
231
243
243
233
248
247
234
251
250
224
243
244
225
248
248
225
252
252
222
254
254
209
247
247
208
249
249
188
235
236
187
237
237
201
250
251
202
249
253
177
222
234
155
197
216
163
202
226
106
143
168
104
140
160
96
129
142
189
220
224
227
254
252
229
253
248
237
254
251
243
255
254
244
254
254
245
255
253
247
254
253
250
253
254
254
252
254
255
251
255
255
250
255
255
249
255
249
245
252
241
244
253
232
242
252
201
221
232
195
223
233
174
207
218
167
207
214
172
217
221
168
211
216
146
188
193
161
201
205
164
202
206
170
206
210
173
208
211
171
204
207
179
210
213
190
219
220
197
225
226
208
235
236
223
249
251
231
249
248
236
250
249
238
252
251
240
252
252
241
252
252
242
252
252
243
253
253
245
255
255
243
255
255
241
255
255
238
255
254
235
255
253
233
255
253
230
252
252
211
238
248
208
239
243
205
241
243
203
243
246
193
238
241
189
235
240
160
202
212
110
146
161
82
110
127
76
97
112
194
206
218
248
253
255
249
251
250
230
250
250
179
217
220
161
199
203
174
212
216
190
227
231
204
239
244
206
239
245
205
235
242
223
250
252
196
223
232
178
203
213
121
144
155
98
120
131
110
132
144
95
136
141
98
143
147
139
184
188
186
234
238
200
248
251
193
243
245
199
248
250
198
247
247
196
242
244
199
242
243
207
246
246
210
247
247
205
236
237
196
228
229
201
234
233
202
233
232
205
233
233
212
234
235
217
235
236
217
233
235
220
235
237
228
244
246
228
249
250
228
253
253
224
255
254
218
253
252
214
253
251
217
249
253
214
241
249
175
197
205
175
193
200
234
244
252
244
249
254
248
249
253
253
250
254
255
253
255
255
254
254
253
254
254
251
255
253
247
255
252
246
255
252
250
255
254
250
255
254
250
255
254
250
255
254
250
255
254
250
255
254
250
255
254
250
255
254
250
255
254
250
255
254
250
255
254
250
255
254
250
255
254
250
255
254
250
255
254
250
255
254
250
255
254
250
255
254
250
255
254
250
255
254
250
255
254
251
255
255
251
255
255
251
255
255
238
252
251
238
252
251
238
252
251
238
252
251
239
251
251
239
251
251
240
251
251
242
252
252
242
252
252
243
252
252
244
252
252
244
252
252
244
252
252
244
252
252
244
252
252
244
252
252
244
252
252
244
252
252
244
252
252
244
252
252
244
252
252
244
252
252
244
252
252
244
252
252
244
252
252
244
252
252
244
252
252
241
251
254
242
251
255
244
251
254
247
251
252
250
251
252
252
251
250
254
252
249
253
252
248
253
254
253
246
249
248
244
251
250
244
254
253
223
236
237
232
249
250
157
210
213
171
224
227
176
229
232
171
224
227
170
223
226
173
226
229
174
227
230
170
223
226
169
222
225
175
228
231
178
231
234
175
228
231
176
229
232
178
231
233
179
230
232
179
229
231
173
222
224
165
213
215
164
210
211
172
214
215
177
216
217
181
217
217
179
214
214
173
205
204
176
206
205
181
209
209
178
205
205
191
213
214
197
218
219
197
218
219
196
217
218
192
215
215
191
215
215
192
216
216
190
216
216
183
209
209
175
202
202
183
211
211
191
219
219
185
213
213
188
215
215
196
220
218
198
222
220
199
225
223
179
206
203
200
227
224
218
245
242
222
249
246
222
247
245
225
247
245
235
253
252
239
255
254
235
248
247
238
250
250
226
241
240
215
234
233
230
248
247
230
246
245
232
247
246
232
246
246
211
227
228
211
230
231
224
247
248
221
251
251
215
253
252
204
247
247
200
248
248
176
227
227
183
235
235
184
235
237
186
235
242
152
197
209
161
202
219
103
139
161
99
131
152
86
111
131
208
228
240
235
251
255
241
252
254
246
254
252
241
246
241
252
255
249
248
255
252
248
255
252
249
254
253
249
254
253
249
253
254
248
253
254
245
253
255
240
254
255
235
255
255
215
243
246
190
224
227
183
225
228
167
213
216
165
211
212
170
214
213
171
213
212
174
214
213
174
209
209
172
205
206
173
203
204
165
193
194
183
211
212
186
214
215
199
227
228
196
226
227
195
225
226
208
239
240
225
247
246
227
248
246
231
249
248
236
251
250
240
252
252
243
254
254
246
255
255
247
255
255
246
254
254
246
255
255
244
253
253
237
249
249
236
248
248
231
249
249
186
224
227
193
232
233
201
244
243
192
238
236
186
234
235
183
230
235
149
192
205
103
139
156
80
109
127
101
123
139
211
227
235
244
254
254
245
252
250
237
248
249
192
210
217
158
184
191
173
212
217
180
228
235
185
238
243
190
244
248
193
242
246
198
240
244
215
250
251
188
218
223
146
176
182
99
130
137
104
136
142
94
134
137
98
139
142
115
156
159
134
176
179
179
222
225
194
237
240
204
247
250
201
244
247
197
240
243
195
238
241
196
239
242
197
240
243
200
243
246
198
238
242
182
212
218
193
223
228
204
234
239
209
238
243
209
238
243
207
236
241
206
234
238
207
234
238
216
244
246
223
251
252
223
251
252
224
249
251
224
249
251
213
251
254
200
246
250
203
244
247
174
206
208
194
217
217
234
248
247
241
249
247
251
253
249
254
253
249
255
253
252
255
254
253
253
254
254
251
253
255
249
253
255
250
255
254
250
255
254
250
255
254
250
255
254
250
255
254
250
255
254
250
255
254
250
255
254
250
255
254
250
255
254
250
255
254
250
255
254
250
255
254
250
255
254
250
255
254
250
255
254
250
255
254
250
255
254
250
255
254
250
255
254
250
255
254
250
255
254
250
255
254
250
255
254
238
252
251
238
252
251
238
252
251
238
252
251
239
251
251
239
251
251
240
251
251
242
252
252
242
252
252
243
252
252
244
252
252
244
252
252
244
252
252
244
252
252
244
252
252
244
252
252
244
252
252
244
252
252
244
252
252
244
252
252
244
252
252
244
252
252
244
252
252
244
252
252
244
252
252
244
252
252
244
252
252
242
252
254
243
252
255
245
252
255
248
252
253
251
252
253
253
252
251
254
252
251
250
249
245
252
253
251
248
252
250
242
251
250
239
252
251
238
253
254
216
233
235
166
219
222
175
228
231
175
228
231
169
222
225
167
220
223
169
222
225
170
223
226
176
229
232
174
227
230
176
229
232
176
229
232
171
223
226
169
221
224
174
226
228
179
230
232
179
229
231
173
222
224
166
214
216
167
212
213
174
215
217
175
214
215
176
212
212
175
210
210
173
204
203
176
206
206
182
210
210
181
207
207
193
215
216
198
219
220
201
222
223
202
223
224
199
221
222
194
218
218
190
214
214
184
209
209
183
209
209
178
205
205
181
209
209
183
211
211
180
208
208
188
215
215
187
211
209
200
224
222
206
231
229
194
221
218
220
247
244
213
242
239
217
244
241
223
248
246
227
250
248
231
250
248
235
251
250
239
252
252
232
244
244
220
236
235
219
238
236
230
248
247
237
253
252
236
252
251
231
246
246
220
236
238
223
242
243
226
249
249
222
252
253
216
253
253
204
248
247
199
247
247
177
229
229
186
238
238
183
234
236
182
231
238
149
194
206
158
199
216
106
142
163
104
136
157
97
122
142
205
225
239
231
248
254
238
249
252
246
254
252
242
247
242
251
254
248
248
255
252
248
255
252
249
254
253
249
254
253
249
253
254
248
253
254
244
252
254
237
251
254
232
252
255
202
230
233
191
226
229
179
220
223
165
211
213
169
215
215
173
217
216
166
209
208
166
206
205
168
204
204
173
206
206
179
209
210
176
205
206
183
211
212
188
216
217
196
225
226
195
225
226
194
225
226
201
232
233
225
248
247
231
252
250
234
251
250
237
252
251
239
251
251
241
252
252
243
252
252
243
251
251
244
252
252
243
252
252
242
252
252
241
252
252
240
253
253
232
250
250
198
236
239
196
235
236
197
239
238
198
244
242
197
245
245
182
229
234
143
186
198
100
137
154
89
117
135
110
132
147
211
226
235
241
251
254
245
252
250
241
252
252
194
212
218
153
179
186
170
208
213
178
226
232
183
236
242
192
246
250
198
247
250
203
245
248
217
251
253
202
232
237
150
179
185
97
128
134
115
147
153
102
142
145
104
145
148
114
155
158
108
149
152
126
167
170
157
198
201
205
246
246
201
244
247
205
248
251
203
246
249
197
240
243
194
237
240
197
240
243
201
242
245
204
235
241
191
221
227
185
215
220
192
222
227
202
232
237
203
232
237
200
230
234
202
231
235
206
235
237
212
240
241
218
247
248
221
249
250
222
250
251
211
250
253
206
252
255
210
251
254
201
233
236
183
207
207
221
236
235
247
254
253
251
253
251
253
253
249
255
253
252
255
254
254
253
254
254
251
253
255
249
253
255
250
255
254
250
255
254
250
255
254
250
255
254
250
255
254
250
255
254
250
255
254
250
255
254
250
255
254
250
255
254
250
255
254
250
255
254
250
255
254
250
255
254
250
255
254
250
255
254
250
255
254
250
255
254
250
255
254
250
255
254
250
255
254
250
255
254
250
255
254
250
255
254
238
252
251
238
252
251
238
252
251
238
252
251
239
251
251
239
251
251
239
251
251
242
252
252
242
252
252
243
252
252
244
252
252
244
252
252
244
252
252
244
252
252
244
252
252
244
252
252
244
252
252
244
252
252
244
252
252
244
252
252
244
252
252
244
252
252
244
252
252
244
252
252
244
252
252
244
252
252
244
252
252
242
252
254
243
252
255
245
252
255
248
252
253
251
252
253
254
253
252
255
253
252
250
248
247
251
252
251
247
252
251
237
247
247
230
245
245
234
251
251
188
209
210
171
226
229
173
229
232
171
226
229
166
222
224
165
220
223
167
220
223
167
220
223
173
226
229
173
225
228
177
228
231
179
230
233
177
228
231
178
229
232
179
230
233
179
230
232
179
229
231
175
223
225
169
216
218
170
214
216
176
216
218
177
216
216
177
214
214
177
211
211
176
208
207
180
209
209
184
211
211
183
209
209
189
212
212
193
214
215
196
217
218
201
222
223
202
224
225
196
220
220
189
213
213
183
209
209
188
214
214
186
213
213
184
212
212
181
209
209
180
208
208
194
221
221
189
213
211
195
220
218
184
211
208
191
218
215
209
238
235
221
250
247
217
245
242
222
248
245
227
250
248
227
247
245
233
249
248
240
253
253
225
237
237
217
233
232
226
245
244
231
249
248
240
254
254
235
251
250
223
238
238
217
233
235
231
250
251
228
251
251
223
253
254
216
253
253
205
249
248
197
245
246
180
231
231
186
238
238
180
231
233
182
231
238
153
198
210
159
200
217
107
143
165
104
136
157
108
133
153
199
219
233
228
245
253
235
247
250
247
253
253
245
249
245
251
254
248
248
255
252
248
255
252
249
254
253
249
254
253
249
253
254
248
253
254
243
252
254
235
250
253
230
251
253
188
217
220
196
233
235
174
216
219
166
212
214
171
218
218
173
217
216
161
204
203
164
204
203
169
205
205
174
207
207
181
212
213
184
213
214
180
208
209
191
219
220
195
224
225
196
226
227
200
230
231
203
234
235
223
246
245
229
249
247
232
250
249
236
251
250
239
252
251
241
251
251
241
251
251
245
253
253
247
255
255
243
252
252
240
251
251
241
253
253
236
250
249
218
236
236
186
223
227
202
240
241
204
246
245
203
249
248
196
244
245
184
231
236
151
194
206
102
138
155
97
126
143
115
138
153
209
225
234
239
249
252
246
253
251
243
254
253
192
209
215
145
171
178
163
201
207
174
221
228
179
232
237
191
245
249
199
248
252
206
248
251
214
248
252
216
246
250
159
189
194
99
130
136
121
153
159
112
150
154
101
139
143
105
143
147
102
141
145
107
148
151
126
167
170
164
206
209
196
239
242
204
247
250
204
248
251
202
246
249
203
249
252
199
244
247
195
237
241
211
244
250
203
236
241
194
226
231
187
220
224
188
221
225
197
227
232
200
231
234
197
229
232
196
227
230
202
232
233
212
242
243
220
250
251
221
251
252
208
248
251
200
246
251
201
243
246
209
243
245
174
200
200
199
217
215
240
249
247
246
250
248
251
253
251
255
253
252
253
254
254
251
254
254
250
253
255
249
253
255
250
255
254
250
255
254
250
255
254
250
255
254
250
255
254
250
255
254
250
255
254
250
255
254
250
255
254
250
255
254
250
255
254
250
255
254
250
255
254
250
255
254
250
255
254
250
255
254
250
255
254
250
255
254
250
255
254
250
255
254
250
255
254
250
255
254
250
255
254
250
255
254
238
252
251
238
252
251
238
252
251
238
252
251
239
251
251
239
251
251
239
251
251
241
251
251
241
251
251
242
251
251
243
251
251
243
251
251
243
251
251
243
251
251
244
252
252
244
252
252
244
252
252
244
252
252
244
252
252
244
252
252
244
252
252
244
252
252
244
252
252
244
252
252
244
252
252
244
252
252
244
252
252
243
252
254
243
252
255
246
253
255
249
253
254
252
253
254
253
254
252
253
254
252
249
250
248
248
253
251
245
253
252
239
252
250
234
250
251
221
241
242
185
208
210
171
229
231
169
226
228
166
223
225
165
222
224
166
222
225
167
222
225
168
221
224
171
224
227
173
224
227
176
225
229
179
226
230
179
227
231
180
228
232
181
230
233
182
231
233
181
230
232
177
225
227
172
217
220
172
215
217
176
216
218
180
218
219
182
218
218
183
215
215
183
213
212
185
213
213
187
214
214
186
212
212
184
207
207
183
204
205
187
208
209
196
217
218
200
223
223
196
220
220
190
214
214
185
211
211
191
217
217
189
216
216
187
215
215
182
210
210
180
208
208
194
221
221
194
218
216
192
217
215
171
198
195
183
211
208
204
233
230
218
247
244
217
245
242
219
245
242
225
248
246
228
249
247
232
249
248
233
247
246
222
234
234
222
238
237
233
252
251
234
252
251
239
254
254
232
247
246
219
233
233
208
224
226
231
250
251
230
253
253
223
253
254
216
253
253
206
249
249
196
244
244
183
234
234
185
237
237
175
226
228
183
232
240
160
205
217
162
203
220
110
146
167
105
136
158
113
138
158
189
209
223
230
247
254
237
249
251
246
253
252
247
251
246
252
255
249
248
255
252
248
255
252
249
254
253
249
254
253
249
253
254
247
253
254
243
253
255
237
252
254
230
252
254
180
209
212
202
239
241
173
217
219
168
216
218
172
219
219
170
214
213
160
202
201
170
210
209
177
213
213
176
209
209
180
210
211
180
208
209
169
197
198
188
216
217
190
219
220
191
221
222
199
230
231
204
235
236
218
241
240
224
245
243
229
247
246
235
251
250
239
252
252
242
253
253
243
253
253
243
252
252
247
255
255
244
253
253
241
252
252
243
255
255
233
246
246
207
225
224
185
223
226
207
246
246
208
250
249
208
253
252
198
245
246
180
227
232
153
196
208
108
144
161
98
127
145
114
136
151
209
224
233
241
251
254
247
254
251
241
252
252
186
204
210
138
164
171
159
197
202
170
217
224
174
228
233
189
243
246
197
246
250
207
250
253
207
242
245
221
251
253
177
207
212
111
142
149
113
145
151
113
149
153
100
137
141
103
140
144
107
144
149
113
151
155
122
162
165
128
169
173
162
205
208
185
228
232
197
243
246
200
245
248
202
249
251
199
247
249
193
239
242
201
238
243
204
240
246
203
239
244
197
232
236
189
224
228
185
220
224
188
221
225
191
225
228
192
226
229
199
231
234
208
240
241
216
248
249
221
252
253
214
253
254
206
251
254
205
247
250
215
249
250
199
226
227
199
218
218
240
251
250
246
252
251
249
253
251
253
254
252
253
254
254
251
254
255
250
254
255
249
253
255
250
255
254
250
255
254
250
255
254
250
255
254
250
255
254
250
255
254
250
255
254
250
255
254
250
255
254
250
255
254
250
255
254
250
255
254
250
255
254
250
255
254
250
255
254
250
255
254
250
255
254
250
255
254
250
255
254
250
255
254
250
255
254
250
255
254
250
255
254
250
255
254
238
252
251
238
252
251
238
252
251
238
252
251
239
251
251
239
251
251
239
251
251
241
251
251
241
251
251
242
251
251
243
251
251
243
251
251
243
251
251
243
251
251
244
252
252
244
252
252
244
252
252
244
252
252
244
252
252
244
252
252
244
252
252
244
252
252
244
252
252
244
252
252
244
252
252
244
252
252
244
252
252
243
252
254
243
252
255
246
253
255
248
253
254
250
253
253
252
253
252
253
254
252
249
252
250
245
253
251
240
252
250
238
254
254
233
253
254
196
220
222
192
219
221
168
230
231
164
225
227
163
222
224
165
223
225
166
223
225
166
222
225
170
223
226
175
227
230
177
226
230
175
223
227
174
221
225
175
221
225
175
220
224
178
224
227
182
231
233
180
228
230
176
224
226
174
219
222
174
217
219
176
216
218
179
217
218
181
216
216
182
213
214
184
215
214
188
216
216
187
214
214
188
214
214
187
209
210
185
206
207
187
208
209
194
215
216
198
221
221
197
221
221
192
216
216
186
212
212
189
215
215
185
212
212
185
213
213
183
211
211
179
207
207
188
216
216
196
221
219
193
220
217
180
207
204
187
216
213
215
244
241
208
237
234
217
246
243
217
243
241
223
246
244
232
253
251
232
250
249
224
239
238
224
238
237
230
246
245
233
253
251
235
253
252
236
252
251
233
248
247
226
241
241
214
230
232
230
249
250
231
254
254
222
252
253
214
252
251
206
249
249
192
240
240
185
237
237
184
236
236
168
219
221
177
226
233
158
203
216
160
202
219
116
152
174
115
146
168
115
140
159
177
197
210
233
250
255
239
251
253
246
254
252
247
252
247
253
255
250
248
255
252
248
255
252
249
254
253
249
254
253
248
253
254
247
253
254
243
253
255
236
252
253
229
251
254
179
208
211
202
240
243
172
216
219
168
216
218
172
219
219
170
214
213
159
202
201
172
212
211
179
214
214
175
208
208
181
212
213
176
205
206
165
193
194
185
213
214
186
215
216
185
215
216
192
223
224
200
231
232
218
242
240
225
247
245
230
250
249
236
253
252
240
254
254
243
255
255
244
255
255
238
248
248
243
253
253
243
253
253
242
253
253
242
253
253
227
241
240
204
222
222
209
246
248
212
250
250
202
244
243
207
251
251
207
254
254
182
229
234
151
194
207
117
153
170
97
125
143
107
130
145
208
223
232
244
254
255
247
255
252
239
250
251
186
203
210
140
167
173
159
197
202
169
216
223
174
227
232
186
240
244
195
244
248
208
250
253
205
240
244
221
251
255
200
230
235
132
162
169
105
137
143
107
138
145
111
144
150
115
148
154
106
141
147
106
141
147
128
165
171
129
168
173
126
168
173
155
198
203
178
224
228
187
234
238
193
240
244
196
244
248
197
243
247
199
238
243
194
233
238
193
232
237
197
235
240
196
233
238
183
221
224
177
215
218
184
221
224
190
226
229
194
230
233
199
234
237
205
241
242
214
249
249
208
249
251
202
247
251
205
246
249
204
239
242
206
234
235
183
205
205
215
230
230
241
250
250
247
253
252
249
254
253
252
254
254
251
254
255
250
254
255
249
253
254
250
255
254
250
255
254
250
255
254
250
255
254
250
255
254
250
255
254
250
255
254
250
255
254
250
255
254
250
255
254
250
255
254
250
255
254
250
255
254
250
255
254
250
255
254
250
255
254
250
255
254
250
255
254
250
255
254
250
255
254
250
255
254
250
255
254
250
255
254
250
255
254
238
252
251
238
252
251
238
252
251
238
252
251
239
251
251
239
251
251
239
251
251
240
250
250
240
250
250
241
250
250
242
250
250
242
250
250
242
250
250
243
251
251
244
252
252
244
252
252
244
252
252
244
252
252
244
252
252
244
252
252
244
252
252
244
252
252
244
252
252
244
252
252
244
252
252
244
252
252
244
252
252
244
252
254
245
251
255
247
252
255
247
252
253
249
252
253
250
253
252
250
254
252
248
254
252
242
252
251
236
251
250
233
252
253
220
244
246
180
209
213
192
225
229
165
230
231
161
225
226
161
224
225
164
224
226
164
222
224
165
222
224
170
224
227
177
227
230
179
227
231
177
224
228
178
223
227
183
225
230
184
225
230
181
225
229
178
227
229
177
225
227
176
223
225
176
221
223
178
220
222
179
219
221
181
217
218
178
213
213
178
210
211
185
215
214
188
215
215
187
213
213
187
213
213
189
211
212
190
211
212
192
213
214
196
217
218
198
220
221
195
219
219
191
215
215
190
216
216
191
217
217
187
214
214
188
216
216
186
214
214
180
208
208
189
217
217
200
227
224
189
216
213
181
209
206
191
220
217
201
230
227
213
242
239
220
248
245
219
245
242
224
248
246
231
252
250
227
246
244
220
235
234
231
244
243
236
251
251
231
250
249
235
253
252
237
253
252
234
250
249
231
246
246
230
246
248
232
251
252
231
254
254
221
251
252
212
249
249
205
248
248
189
236
237
187
238
238
185
237
237
163
214
216
170
219
226
154
199
212
155
197
214
118
154
176
119
151
172
116
141
161
165
185
198
233
250
255
240
252
253
246
254
252
248
253
248
253
255
250
248
255
252
248
255
252
249
254
253
249
254
253
248
253
254
246
254
254
243
253
255
234
250
252
227
250
252
183
214
217
197
236
238
169
215
218
163
213
215
168
216
216
171
215
214
158
200
199
172
212
211
176
211
211
170
203
204
182
213
214
179
208
209
175
203
204
186
214
215
190
219
220
188
218
219
190
220
221
196
227
228
221
245
243
229
251
249
234
254
252
238
255
254
241
255
255
242
254
254
243
253
253
242
252
252
244
254
254
241
252
252
238
250
250
233
246
246
216
230
229
200
218
218
215
251
254
215
252
252
204
246
245
201
247
245
204
252
252
190
237
242
157
200
213
120
156
173
99
127
145
107
129
144
206
221
230
243
253
255
247
254
252
239
250
251
192
210
217
151
178
183
160
199
204
165
213
219
173
226
232
184
238
242
193
242
246
205
248
251
209
244
248
219
249
253
216
246
250
145
176
183
104
136
142
105
134
141
114
143
151
121
152
159
114
146
153
107
141
148
131
167
174
126
163
169
126
166
172
129
172
177
145
190
195
172
219
224
192
240
245
195
245
249
192
241
245
199
242
247
196
238
242
192
233
238
189
230
235
190
230
235
191
231
235
188
227
231
182
221
224
186
225
227
188
227
229
190
228
230
196
234
236
204
242
243
203
246
248
206
251
253
212
252
253
207
243
247
208
238
241
180
204
206
195
214
214
233
247
247
243
253
252
247
254
253
250
255
254
250
254
255
250
254
255
249
253
254
250
255
254
250
255
254
250
255
254
250
255
254
250
255
254
250
255
254
250
255
254
250
255
254
250
255
254
250
255
254
250
255
254
250
255
254
250
255
254
250
255
254
250
255
254
250
255
254
250
255
254
250
255
254
250
255
254
250
255
254
250
255
254
250
255
254
250
255
254
250
255
254
238
252
251
238
252
251
238
252
251
238
252
251
239
251
251
239
251
251
239
251
251
240
250
250
240
250
250
241
250
250
242
250
250
242
250
250
242
250
250
243
251
251
244
252
252
244
252
252
244
252
252
244
252
252
244
252
252
244
252
252
244
252
252
244
252
252
244
252
252
244
252
252
244
252
252
244
252
252
244
252
252
245
251
254
245
252
255
247
252
254
247
252
253
248
252
252
248
252
252
248
253
252
244
253
251
237
250
249
234
253
252
226
250
251
200
230
232
186
220
224
189
227
231
157
223
224
156
221
222
160
224
225
164
226
227
164
223
225
168
225
227
174
228
231
175
225
229
179
226
230
178
223
227
179
222
227
186
226
231
188
228
233
181
224
228
172
221
223
172
220
222
175
220
223
178
222
225
182
223
225
184
223
225
186
223
224
184
218
218
182
213
214
189
217
217
187
214
214
183
209
209
184
208
208
182
204
205
185
206
207
191
212
213
195
216
217
193
216
216
189
213
213
185
209
209
189
215
215
194
220
220
191
218
218
190
218
218
186
214
214
181
209
209
190
218
218
194
221
218
180
209
206
187
216
213
202
231
228
187
217
214
215
246
243
216
245
242
220
248
245
226
251
249
224
246
244
219
237
236
223
239
238
236
250
249
238
254
253
232
250
249
233
251
250
238
254
253
225
241
240
217
231
231
234
250
251
230
249
250
231
253
253
220
249
250
211
248
247
204
247
247
186
234
234
188
239
239
185
237
237
161
212
214
172
222
229
159
204
216
153
195
212
110
146
168
105
136
158
120
145
165
155
176
190
229
246
254
238
250
252
247
254
252
250
254
250
251
254
248
248
255
252
248
255
252
249
254
253
249
254
253
248
253
254
246
254
254
242
254
255
232
250
251
225
250
251
190
224
226
191
232
234
167
216
218
158
211
213
160
210
210
166
210
209
158
201
200
177
217
216
177
213
213
166
199
199
177
207
208
178
206
207
183
211
212
181
209
210
191
220
221
192
222
223
188
219
220
191
222
223
218
241
240
226
247
245
232
252
250
237
254
253
240
255
254
241
254
253
242
252
252
242
252
252
240
250
250
238
249
249
237
249
249
231
245
244
219
233
232
208
228
227
212
249
251
214
252
252
207
250
249
197
243
242
194
242
243
176
222
228
138
181
194
118
154
171
106
134
152
113
135
150
203
219
228
239
250
253
246
253
251
241
252
252
200
218
224
160
187
192
159
197
202
158
207
211
169
222
228
179
233
237
190
239
243
199
241
244
214
248
252
215
245
251
218
248
254
146
176
183
109
141
148
114
141
151
113
140
150
122
151
160
124
154
163
110
141
150
129
164
172
122
159
167
131
171
178
119
162
169
126
171
178
148
195
202
165
215
221
182
232
237
195
243
248
197
241
248
198
243
248
196
241
245
190
235
239
187
231
236
189
232
237
189
233
236
186
228
231
183
224
227
181
223
224
184
226
228
192
233
235
199
239
241
197
241
244
199
245
249
199
241
246
208
245
248
207
240
242
190
218
221
181
203
205
222
239
241
240
253
254
244
254
254
248
254
255
249
254
255
250
254
255
250
253
254
250
255
254
250
255
254
250
255
254
250
255
254
250
255
254
250
255
254
250
255
254
250
255
254
250
255
254
250
255
254
250
255
254
250
255
254
250
255
254
250
255
254
250
255
254
250
255
254
250
255
254
250
255
254
250
255
254
250
255
254
250
255
254
250
255
254
250
255
254
250
255
254
238
252
251
238
252
251
238
252
251
238
252
251
239
251
251
239
251
251
239
251
251
240
250
250
240
250
250
241
250
250
242
250
250
242
250
250
242
250
250
243
251
251
244
252
252
244
252
252
244
252
252
244
252
252
244
252
252
244
252
252
244
252
252
244
252
252
244
252
252
244
252
252
244
252
252
244
252
252
244
252
252
244
251
254
245
251
254
246
251
254
247
251
252
247
251
252
247
252
251
246
252
251
241
252
251
235
251
250
231
254
255
216
245
247
183
218
221
191
230
234
179
221
227
152
219
220
152
218
219
158
222
223
164
226
227
167
226
228
173
230
232
179
233
236
180
230
233
181
228
232
178
224
228
177
220
224
181
221
226
182
220
225
176
218
222
169
218
220
171
218
220
175
221
224
180
223
226
183
223
225
185
224
226
189
225
226
190
223
223
190
220
221
195
223
223
193
218
218
185
209
209
181
204
204
179
200
201
180
201
202
188
209
210
194
215
216
192
214
215
185
209
209
181
205
205
186
212
212
190
216
216
192
219
219
187
215
215
179
207
207
179
207
207
186
214
214
182
210
207
177
206
203
202
231
228
208
238
235
196
227
224
208
239
236
209
240
237
221
249
246
226
252
250
213
236
234
216
236
234
228
245
244
237
252
251
238
254
253
233
252
251
233
251
250
238
254
253
221
237
236
209
224
223
228
245
246
228
247
248
229
252
252
220
249
250
212
249
249
204
247
247
189
237
237
191
242
242
181
233
233
170
221
223
179
228
235
169
214
227
157
199
216
106
142
164
94
125
147
118
143
162
145
166
179
227
244
252
237
249
252
245
252
251
250
255
250
250
253
247
248
255
252
248
255
252
249
254
253
249
254
253
248
253
254
245
254
254
241
254
255
233
251
252
223
248
249
195
229
231
185
228
230
167
216
218
157
212
213
159
209
209
166
210
209
161
204
203
181
221
220
181
217
217
167
200
200
173
204
205
171
199
200
181
209
210
175
203
204
187
215
216
194
224
225
186
216
217
187
218
219
211
235
234
218
240
238
224
245
243
233
251
249
239
254
253
241
254
253
240
252
252
234
245
245
234
245
245
235
247
247
238
251
251
230
244
243
221
237
236
227
246
246
216
253
254
211
249
250
206
248
247
198
244
242
194
241
242
164
210
216
124
167
180
118
155
171
105
134
152
110
132
147
198
213
222
238
248
251
246
253
251
241
253
252
207
225
230
162
189
195
155
193
198
153
201
206
163
217
222
174
228
232
187
236
239
192
234
237
211
245
249
215
245
250
215
244
251
150
180
187
116
147
155
123
149
159
125
151
161
127
155
164
127
156
165
107
137
146
124
158
166
131
168
176
125
164
172
125
167
174
130
174
181
130
177
184
129
178
184
157
207
213
188
237
240
192
239
246
193
239
246
193
240
245
195
242
247
192
239
243
181
226
230
177
223
227
188
232
235
184
228
231
178
222
224
178
222
223
185
229
230
193
236
238
200
243
246
202
247
251
197
239
244
213
251
253
217
253
254
212
243
246
190
215
219
206
228
229
233
250
252
241
254
255
246
255
255
249
254
255
249
253
254
250
253
253
250
255
254
250
255
254
250
255
254
250
255
254
250
255
254
250
255
254
250
255
254
250
255
254
250
255
254
250
255
254
250
255
254
250
255
254
250
255
254
250
255
254
250
255
254
250
255
254
250
255
254
250
255
254
250
255
254
250
255
254
250
255
254
250
255
254
250
255
254
250
255
254
238
252
251
238
252
251
238
252
251
238
252
251
239
251
251
239
251
251
239
251
251
240
250
250
240
250
250
241
250
250
242
250
250
242
250
250
242
250
250
243
251
251
244
252
252
244
252
252
244
252
252
244
252
252
244
252
252
244
252
252
244
252
252
244
252
252
244
252
252
244
252
252
244
252
252
244
252
252
244
252
252
245
251
253
246
251
254
246
251
254
247
251
252
247
251
252
246
252
251
243
252
251
238
251
251
232
252
252
225
252
252
202
235
237
175
216
219
184
229
234
169
218
224
156
222
223
154
220
221
155
220
221
161
223
224
168
228
230
175
232
234
179
233
236
184
234
237
183
230
234
182
228
232
184
227
231
186
226
231
185
224
229
181
223
227
173
221
223
174
220
222
180
224
227
182
225
228
179
219
221
182
219
222
183
218
219
184
216
216
190
220
221
197
224
224
199
224
224
195
219
219
190
212
213
191
212
213
187
208
209
191
212
213
200
221
222
195
217
218
184
208
208
183
207
207
183
209
209
182
208
208
195
221
221
186
214
214
175
203
203
185
213
213
185
213
213
179
208
205
181
211
208
197
228
225
192
223
220
200
231
228
205
237
234
214
245
242
220
249
247
217
243
241
198
221
219
225
246
244
235
253
252
236
252
251
235
252
251
234
253
252
235
253
252
237
254
253
224
239
238
226
240
240
229
245
247
231
250
251
227
250
250
220
250
251
215
252
252
206
250
249
199
247
247
196
248
248
174
226
226
188
239
241
181
230
237
176
221
234
162
204
221
113
149
171
105
137
158
109
134
154
132
153
166
231
247
254
239
251
254
241
249
247
249
254
249
251
254
248
248
255
252
249
254
252
249
254
253
249
254
253
248
253
254
245
254
254
241
254
255
234
254
254
212
240
240
190
226
228
179
223
224
162
212
214
157
213
214
167
218
218
176
220
219
165
208
207
176
216
215
179
215
215
175
208
208
179
210
211
169
198
199
183
211
212
182
210
211
184
213
214
197
227
228
187
218
219
192
223
224
211
236
235
215
238
236
220
241
239
229
249
247
237
253
253
238
252
251
234
246
246
233
245
245
237
249
249
240
252
252
241
254
254
220
235
234
209
224
223
231
251
251
215
252
255
213
252
252
206
249
248
197
244
242
199
247
247
187
233
239
157
200
212
127
163
180
94
123
141
94
116
132
189
204
213
241
252
254
246
254
251
239
250
251
215
233
239
161
188
193
152
191
196
151
200
204
157
210
216
171
225
229
185
234
237
189
231
235
206
240
244
218
248
253
215
244
251
175
206
212
122
153
161
122
147
158
141
166
177
130
156
167
130
157
167
118
147
157
123
155
165
132
168
177
122
161
169
128
170
178
135
180
187
136
183
190
129
178
184
145
194
201
159
208
214
177
226
232
190
238
244
192
240
246
190
238
244
191
239
243
184
231
235
177
224
228
182
229
232
188
234
237
185
230
233
175
220
223
174
220
221
182
227
228
191
236
239
197
242
246
200
242
247
203
244
248
209
247
251
208
242
246
196
226
230
186
212
215
219
240
244
234
250
252
238
249
250
244
251
252
246
251
251
247
250
250
251
254
254
251
255
255
251
255
255
251
255
255
251
255
255
251
255
255
251
255
255
250
255
254
250
255
254
250
255
254
250
255
254
250
255
254
250
255
254
250
255
254
250
255
254
250
255
254
250
255
254
250
255
254
250
255
254
250
255
254
250
255
254
250
255
254
250
255
254
250
255
254
238
252
251
238
252
251
238
252
251
238
252
251
239
251
251
239
251
251
239
251
251
240
250
250
240
250
250
241
250
250
242
250
250
242
250
250
242
250
250
243
251
251
244
252
252
244
252
252
244
252
252
244
252
252
244
252
252
244
252
252
244
252
252
244
252
252
244
252
252
244
252
252
244
252
252
244
252
252
244
252
252
245
251
253
246
251
254
246
251
254
247
251
252
246
251
252
244
252
251
241
253
251
236
252
251
225
248
248
215
246
248
184
223
227
173
219
224
170
221
227
166
221
226
155
220
221
154
218
219
155
219
220
161
222
224
169
228
230
175
232
234
178
232
235
180
230
234
180
228
232
180
227
231
184
227
232
186
227
232
185
226
231
182
225
229
177
224
226
175
221
224
177
221
224
180
222
225
182
221
223
181
218
221
182
217
218
185
216
217
188
217
218
192
218
218
193
218
218
193
215
216
192
213
214
193
214
215
192
213
214
197
218
219
201
222
223
191
214
214
180
204
204
181
205
205
175
201
201
180
206
206
193
219
219
186
214
214
181
209
209
189
217
217
184
213
212
170
199
196
188
219
216
192
223
220
198
230
226
201
234
230
200
232
229
214
245
242
216
245
243
200
228
225
196
220
218
227
248
246
233
251
250
234
250
249
234
252
251
233
252
251
230
248
247
237
253
252
202
218
217
227
241
241
233
249
251
232
251
252
229
252
252
221
250
251
210
248
247
205
248
248
200
248
248
193
244
244
170
222
222
187
238
240
181
230
237
175
220
233
157
199
216
112
148
169
112
143
165
119
144
163
132
153
166
231
247
254
239
251
254
243
251
249
250
254
250
250
253
247
249
254
252
249
254
252
249
254
253
249
254
253
248
253
254
245
254
254
240
254
255
232
252
253
197
225
227
186
222
224
179
225
226
161
214
215
158
215
216
165
216
216
173
217
216
163
205
204
171
211
210
176
211
211
175
208
208
180
211
212
175
203
204
187
215
216
185
213
214
186
215
216
197
227
228
190
220
221
196
227
228
215
241
239
220
244
242
226
248
246
231
250
249
233
250
249
233
247
246
230
242
242
239
251
251
236
248
248
240
253
253
238
252
251
219
235
234
219
235
234
229
249
249
214
252
255
213
252
252
206
249
248
198
244
242
200
248
249
187
234
239
158
201
214
131
167
184
98
126
144
98
120
136
190
205
214
242
253
255
247
254
252
241
252
252
220
239
244
166
193
198
154
193
197
149
197
202
154
207
213
168
222
225
181
230
233
184
225
230
214
248
252
215
244
250
216
245
250
195
225
230
123
154
162
114
140
151
133
158
170
123
149
161
123
150
162
120
149
160
125
156
167
129
163
173
120
157
167
128
168
177
138
180
189
142
186
195
138
184
192
154
200
208
160
208
215
151
200
207
167
217
223
179
229
235
189
237
243
198
244
248
194
242
246
185
233
237
182
229
232
183
231
233
190
237
239
190
236
239
182
227
230
179
224
227
177
222
225
182
226
230
194
236
241
198
240
245
201
242
247
205
243
247
205
240
245
182
213
217
199
224
228
230
249
251
230
243
244
240
248
249
248
252
252
246
249
249
250
254
254
251
255
255
251
255
255
251
255
255
251
255
255
251
255
255
251
255
255
250
255
254
250
255
254
250
255
254
250
255
254
250
255
254
250
255
254
250
255
254
250
255
254
250
255
254
250
255
254
250
255
254
250
255
254
250
255
254
250
255
254
250
255
254
250
255
254
250
255
254
238
252
251
238
252
251
238
252
251
238
252
251
239
251
251
239
251
251
239
251
251
240
250
250
240
250
250
242
250
250
242
250
250
242
250
250
242
250
250
243
251
251
244
252
252
244
252
252
244
252
252
244
252
252
244
252
252
244
252
252
244
252
252
244
252
252
244
252
252
244
252
252
244
252
252
244
252
252
244
252
252
246
251
253
246
251
254
247
250
254
247
251
252
246
251
252
243
252
252
240
253
252
236
254
254
218
245
246
205
239
241
171
214
218
172
222
227
165
221
228
163
223
229
156
218
220
156
218
219
158
219
221
165
223
225
172
229
231
176
232
234
178
232
235
180
231
234
179
228
232
179
227
231
181
227
231
182
226
231
181
224
229
178
222
226
176
221
224
176
220
223
173
216
219
178
218
221
183
221
223
178
215
217
181
214
216
189
220
220
195
223
224
197
223
223
194
217
217
185
207
208
179
200
201
186
207
208
191
212
213
198
219
220
202
223
224
194
216
217
186
210
210
188
212
212
178
204
204
183
209
209
189
215
215
182
210
210
180
208
208
181
209
209
168
196
196
174
204
201
194
225
222
185
216
213
195
228
224
196
229
225
199
232
228
203
236
232
197
227
224
192
220
217
208
233
231
229
251
249
227
246
245
232
250
249
234
252
251
232
252
250
231
249
248
236
251
251
202
218
217
232
247
246
235
251
252
231
250
251
231
253
254
221
251
252
208
245
245
204
248
247
201
249
250
188
239
239
171
223
223
189
240
242
180
229
236
176
221
233
158
200
217
115
151
173
120
152
173
131
156
175
131
151
164
231
248
254
239
251
254
246
254
252
251
255
251
250
252
247
249
254
252
249
254
252
249
254
253
249
254
253
248
253
254
244
254
254
240
254
255
233
254
254
188
217
218
186
224
226
182
229
230
161
215
216
160
219
219
165
218
217
173
217
216
165
207
206
169
209
208
173
209
209
174
207
207
176
207
208
172
201
202
183
211
212
186
214
215
190
219
220
197
227
228
189
220
221
192
223
224
214
240
238
222
245
243
226
248
246
227
247
245
228
245
244
232
247
246
235
248
248
242
254
254
235
247
247
239
252
252
229
244
243
217
233
232
226
243
242
227
248
248
213
251
254
212
251
251
206
249
248
200
246
244
202
250
251
187
234
239
161
204
216
137
173
190
101
130
148
103
125
141
190
206
215
243
253
255
248
255
253
243
254
253
225
244
248
173
200
205
156
195
200
147
195
200
151
204
210
164
218
222
179
228
231
165
206
211
208
242
246
216
246
251
216
245
250
207
237
243
130
161
170
105
133
144
121
148
160
113
140
152
115
144
155
121
152
163
127
159
170
126
161
171
133
169
179
135
173
182
137
178
187
135
177
186
131
175
184
145
189
198
157
202
211
154
203
211
156
206
213
162
212
218
179
227
233
197
243
246
197
245
250
191
238
243
187
234
238
181
228
231
182
229
232
183
231
233
181
226
229
180
225
228
177
220
225
177
219
224
182
225
229
188
231
236
197
240
246
203
245
251
205
244
250
177
211
217
175
204
208
223
244
246
236
251
252
241
249
250
248
251
251
248
250
249
250
254
254
251
255
255
251
255
255
251
255
255
251
255
255
251
255
255
251
255
255
250
255
254
250
255
254
250
255
254
250
255
254
250
255
254
250
255
254
250
255
254
250
255
254
250
255
254
250
255
254
250
255
254
250
255
254
250
255
254
250
255
254
250
255
254
250
255
254
250
255
254
238
252
251
238
252
251
238
252
251
238
252
251
239
251
251
239
251
251
239
251
251
241
251
251
241
251
251
242
251
251
243
251
251
243
251
251
243
251
251
243
251
251
244
252
252
244
252
252
244
252
252
244
252
252
244
252
252
244
252
252
244
252
252
244
252
252
244
252
252
244
252
252
244
252
252
244
252
252
244
252
252
246
251
253
247
250
254
247
250
254
247
251
252
245
251
252
242
252
252
239
253
252
232
252
253
214
244
245
186
225
228
162
209
213
162
215
221
159
219
226
153
216
224
160
219
221
160
219
221
163
222
224
169
227
229
174
231
233
177
232
235
179
232
235
179
231
234
179
229
232
179
227
231
179
227
231
178
225
229
175
222
226
173
219
222
175
220
223
180
223
226
177
220
223
182
223
226
187
226
228
181
217
219
180
212
214
185
215
216
190
218
219
192
218
218
193
216
216
192
213
214
192
213
214
187
208
209
186
207
208
191
212
213
198
219
220
195
218
218
191
215
215
191
215
215
180
206
206
182
208
208
180
207
207
179
207
207
183
211
211
177
205
205
162
190
190
187
218
215
190
222
219
181
213
210
188
221
217
190
224
220
204
238
234
188
221
217
181
213
209
199
228
225
222
247
245
225
248
246
224
245
243
234
251
250
233
252
251
234
252
251
234
251
251
223
239
238
223
238
237
237
252
251
235
252
253
229
248
249
231
253
253
223
253
254
209
246
246
206
249
249
202
249
250
183
234
234
173
225
225
185
236
238
168
217
224
172
217
230
162
203
220
118
154
176
120
152
173
139
164
183
127
147
160
231
248
254
239
251
254
248
255
253
251
255
251
250
252
247
249
254
252
249
254
252
249
254
253
249
254
253
248
253
254
244
254
254
239
254
255
232
254
255
186
216
217
187
227
228
180
228
228
154
210
210
157
217
217
164
218
217
173
217
216
170
212
211
170
210
210
174
210
210
174
207
208
172
202
203
168
197
198
176
204
205
183
211
212
189
218
219
193
223
224
188
218
219
188
219
220
205
232
230
215
239
237
221
243
241
223
244
242
227
244
243
234
249
248
241
254
254
242
254
254
238
251
251
239
252
252
221
236
235
218
234
233
230
248
247
231
252
252
213
251
254
211
250
251
206
249
248
201
248
246
204
252
252
186
233
238
162
205
217
141
177
194
103
132
150
108
130
146
190
205
214
243
253
255
248
255
253
243
254
252
228
247
251
179
206
211
160
198
203
147
196
200
150
203
208
162
216
220
178
227
231
153
194
199
195
230
234
215
244
250
213
242
249
210
240
248
137
168
177
107
136
147
116
145
156
110
139
150
108
138
149
117
148
159
118
150
161
116
151
161
125
161
171
126
162
172
126
165
174
126
166
175
130
171
180
145
187
196
162
205
214
162
211
219
168
217
225
168
217
224
166
214
220
174
222
228
189
237
243
195
242
248
194
241
245
190
237
241
181
227
231
176
222
225
181
226
229
183
228
231
186
229
233
183
225
230
175
219
223
178
224
229
191
236
243
197
242
249
198
240
247
201
239
246
176
208
213
191
216
219
230
246
248
242
250
251
245
248
249
246
247
246
250
254
253
250
255
254
250
255
254
250
255
254
250
255
254
250
255
254
250
255
254
250
255
254
250
255
254
250
255
254
250
255
254
250
255
254
250
255
254
250
255
254
250
255
254
250
255
254
250
255
254
250
255
254
250
255
254
250
255
254
250
255
254
250
255
254
250
255
254
250
255
254
238
252
251
238
252
251
238
252
251
238
252
251
239
251
251
239
251
251
239
251
251
242
252
252
242
252
252
243
252
252
244
252
252
244
252
252
244
252
252
244
252
252
244
252
252
244
252
252
244
252
252
244
252
252
244
252
252
244
252
252
244
252
252
244
252
252
244
252
252
244
252
252
244
252
252
244
252
252
244
252
252
246
251
253
247
250
254
247
251
253
247
251
252
245
251
252
242
252
252
237
253
252
228
250
250
215
246
247
173
214
217
167
217
222
159
217
222
159
222
230
152
218
226
165
221
223
166
222
224
168
224
227
173
229
231
177
232
235
178
232
235
177
230
233
174
227
230
175
226
229
177
227
230
178
227
231
177
226
230
174
223
227
172
220
223
175
220
223
183
226
229
184
226
229
188
227
231
190
228
230
186
220
223
189
221
223
194
225
226
195
222
223
191
216
216
188
212
212
191
212
213
196
216
217
194
215
216
190
211
212
190
211
212
195
216
217
196
218
219
192
216
216
189
213
213
183
209
209
182
208
208
176
203
203
183
211
211
191
219
219
181
209
209
170
199
198
187
218
215
180
212
209
187
220
216
191
224
220
192
226
222
203
238
234
177
210
206
186
218
215
209
239
236
222
248
245
218
240
238
229
249
247
234
252
251
233
252
250
235
254
252
231
248
248
204
220
219
237
252
251
236
250
250
236
252
254
230
250
250
230
253
253
225
254
255
213
250
250
208
251
251
200
248
248
181
233
233
179
231
231
183
234
236
155
204
211
170
215
227
168
209
226
122
158
179
115
147
168
142
167
186
120
140
153
231
247
254
238
250
253
248
254
254
251
255
251
250
253
247
249
254
252
249
254
252
249
254
253
249
254
253
248
253
254
244
254
254
239
254
255
231
254
255
191
222
222
189
228
230
176
225
226
149
206
207
153
215
215
162
216
216
171
215
214
173
216
215
172
212
211
177
213
213
179
212
212
172
203
204
173
201
202
176
204
205
180
208
209
183
211
212
185
215
216
188
219
220
192
223
224
195
223
221
208
232
230
219
243
241
226
248
246
229
248
247
233
250
249
239
252
252
237
251
250
240
252
252
234
248
247
215
230
229
219
236
235
230
248
247
233
253
254
213
251
254
211
250
251
207
250
249
203
249
247
204
252
253
185
232
237
161
204
215
143
179
194
103
132
149
110
133
148
188
203
212
243
253
255
247
254
252
242
253
252
230
248
253
185
212
217
164
202
207
149
197
201
150
204
207
161
215
218
177
226
230
164
205
210
190
225
229
205
234
241
209
238
245
212
242
250
142
173
182
105
136
147
109
140
151
108
140
151
105
137
148
113
145
156
109
142
153
113
148
158
123
158
168
125
161
171
128
164
174
128
166
175
133
170
180
142
181
190
157
197
206
158
206
214
166
214
222
172
219
227
173
221
228
176
224
230
178
226
232
181
228
234
190
237
242
199
245
249
194
239
243
186
231
235
187
232
235
183
228
231
186
229
233
187
229
234
180
225
229
177
223
230
180
227
233
186
232
240
194
239
247
198
238
246
172
206
212
174
201
205
227
245
247
241
251
251
246
250
250
252
253
251
250
254
253
249
254
253
249
254
253
249
254
253
249
254
253
249
254
253
250
255
254
250
255
254
250
255
254
250
255
254
250
255
254
250
255
254
250
255
254
250
255
254
250
255
254
250
255
254
250
255
254
250
255
254
250
255
254
250
255
254
250
255
254
250
255
254
250
255
254
250
255
254
238
252
251
238
252
251
238
252
251
238
252
251
239
251
251
239
251
251
240
251
251
242
252
252
242
252
252
243
252
252
244
252
252
244
252
252
244
252
252
244
252
252
244
252
252
244
252
252
244
252
252
244
252
252
244
252
252
244
252
252
244
252
252
244
252
252
244
252
252
244
252
252
244
252
252
244
252
252
244
252
252
246
251
253
247
250
254
247
251
252
247
251
252
245
251
252
242
252
252
236
253
252
225
249
249
200
234
234
170
213
216
170
223
227
156
216
223
153
219
227
148
218
226
168
222
225
169
223
226
172
226
229
176
230
233
178
232
235
177
230
233
174
227
230
170
223
226
171
224
227
174
226
229
176
228
231
176
228
231
173
225
228
172
222
225
176
221
224
182
225
228
186
227
230
186
224
228
185
222
224
186
220
223
191
223
225
197
227
228
202
228
230
200
224
224
194
216
216
191
211
212
191
211
212
199
219
220
198
219
220
195
216
217
195
216
217
195
218
218
194
218
218
192
216
216
191
217
217
189
215
215
180
207
207
186
214
214
188
216
216
176
204
204
178
207
206
185
216
213
177
209
205
189
222
218
194
228
224
193
228
224
191
226
222
180
214
210
198
230
226
215
245
242
215
242
239
215
238
236
234
253
252
232
250
249
233
252
251
232
251
250
224
242
241
201
218
217
238
253
253
234
248
248
236
252
254
233
252
253
230
253
253
225
254
255
216
253
253
207
250
250
197
245
246
185
236
236
189
241
241
185
236
238
150
199
206
173
218
231
177
218
232
128
164
183
115
146
168
140
165
185
112
132
146
230
247
254
237
249
252
247
254
253
250
255
250
252
254
249
249
254
252
249
254
252
249
254
253
248
254
253
248
253
254
244
254
254
239
254
255
231
255
255
200
232
232
189
230
231
178
228
228
156
214
215
157
219
219
165
219
219
169
213
212
175
217
216
171
211
210
178
213
213
182
215
215
173
204
205
178
206
207
178
206
207
181
209
210
181
209
210
180
210
211
187
218
219
192
223
224
192
220
218
204
229
227
220
243
241
229
251
249
232
251
250
233
250
249
235
249
248
233
247
246
238
251
251
225
239
238
212
228
227
221
239
238
230
248
247
229
250
250
214
252
255
212
251
251
208
250
249
204
250
248
204
252
253
183
230
235
160
203
213
143
179
193
102
130
148
112
134
149
186
201
210
242
252
255
247
254
252
241
252
252
231
250
254
190
217
222
168
206
210
150
198
202
149
203
206
158
212
215
175
224
228
182
223
228
183
217
222
195
224
231
207
236
243
210
240
248
149
180
189
99
131
142
98
130
141
107
139
150
106
138
149
111
144
155
106
141
151
124
159
169
128
163
173
129
164
174
130
166
176
129
165
175
132
168
178
137
173
183
148
186
196
141
189
197
160
207
215
176
223
231
181
228
236
179
226
233
181
228
235
182
228
235
179
225
231
185
230
234
195
240
244
199
244
248
191
236
240
181
226
229
182
225
228
185
227
232
184
228
232
179
226
233
174
222
229
177
225
233
192
239
247
200
243
249
183
219
225
174
201
206
213
231
233
238
248
249
246
251
249
249
251
249
249
254
253
249
254
253
249
254
253
249
254
253
249
254
253
249
254
253
249
254
253
250
255
254
250
255
254
250
255
254
250
255
254
250
255
254
250
255
254
250
255
254
250
255
254
250
255
254
250
255
254
250
255
254
250
255
254
250
255
254
250
255
254
250
255
254
250
255
254
250
255
254
238
252
251
238
252
251
238
252
251
238
252
251
239
251
251
239
251
251
240
251
251
242
252
252
242
252
252
243
252
252
244
252
252
244
252
252
244
252
252
244
252
252
244
252
252
244
252
252
244
252
252
244
252
252
244
252
252
244
252
252
244
252
252
244
252
252
244
252
252
244
252
252
244
252
252
244
252
252
244
252
252
246
251
253
247
250
254
247
251
252
247
251
252
245
251
252
241
252
252
236
253
253
227
252
252
176
211
212
181
224
227
171
225
229
156
217
225
151
219
228
148
219
227
169
222
225
171
224
227
173
226
229
177
230
233
177
230
233
174
227
230
171
224
227
172
225
228
172
225
228
173
226
229
175
228
231
174
227
230
170
223
226
173
222
225
181
225
228
183
226
229
187
228
231
183
221
225
179
216
219
188
223
226
194
226
228
196
225
226
199
225
227
197
221
221
194
215
216
195
215
216
200
220
221
196
216
217
194
215
216
193
214
215
191
212
213
191
214
214
195
219
219
199
223
223
191
217
217
189
215
215
180
207
207
184
212
212
178
206
206
167
195
195
185
213
213
185
216
213
183
215
211
190
223
219
195
229
225
192
227
223
172
207
203
186
221
217
196
229
225
217
247
244
216
243
240
221
244
241
233
253
252
227
245
244
234
252
251
226
245
244
221
239
238
220
237
236
236
252
251
236
251
251
234
251
252
234
253
253
231
254
254
224
254
254
216
253
253
205
248
248
195
243
244
191
242
242
195
247
247
186
237
240
148
197
204
176
220
233
181
222
234
130
166
184
114
146
167
137
162
182
106
126
140
230
247
255
237
249
252
246
253
251
250
254
250
253
255
250
249
254
252
249
254
252
249
254
253
248
254
253
248
253
254
244
254
254
239
254
254
228
251
252
202
235
235
183
225
226
179
229
229
166
223
224
162
224
224
169
224
224
171
215
214
177
219
218
169
209
208
174
210
210
180
213
214
171
202
203
175
204
205
176
204
205
184
212
213
186
214
215
180
210
211
183
213
214
181
212
213
194
222
220
205
231
228
217
241
239
227
248
246
232
251
250
235
252
251
239
252
252
235
249
248
239
253
252
221
235
234
217
233
232
228
246
245
235
252
251
226
247
247
215
252
255
212
251
252
208
251
250
204
251
249
204
252
253
181
228
233
158
201
212
142
178
192
100
129
146
112
134
149
184
199
209
241
251
254
247
254
252
241
252
252
233
251
255
193
221
225
171
210
214
151
199
203
148
201
204
154
208
211
175
224
228
188
229
234
167
201
206
195
224
231
207
236
243
200
230
238
163
194
203
103
137
147
95
129
139
110
143
154
107
141
152
106
140
150
99
134
144
126
161
171
137
172
182
131
166
176
124
159
169
118
153
163
122
158
168
129
164
174
145
182
192
141
188
196
154
201
209
168
215
223
178
225
233
186
233
241
196
242
249
198
244
249
177
222
228
159
204
208
178
223
227
201
246
250
194
238
242
191
234
238
189
232
235
181
224
228
178
222
226
179
225
232
179
226
234
178
227
235
185
233
241
195
238
246
200
238
245
191
220
224
202
221
223
235
246
247
244
249
248
250
251
249
249
254
253
249
254
253
249
254
253
249
254
253
249
254
253
249
254
253
249
254
253
250
255
254
250
255
254
250
255
254
250
255
254
250
255
254
250
255
254
250
255
254
250
255
254
250
255
254
250
255
254
250
255
254
250
255
254
250
255
254
250
255
254
250
255
254
250
255
254
250
255
254
239
251
251
239
251
251
239
251
251
239
251
251
239
251
251
239
251
251
239
251
251
241
252
252
241
252
252
241
252
252
242
252
252
242
252
252
242
252
252
241
252
252
240
252
251
240
252
251
240
252
251
240
252
251
241
251
251
241
251
251
242
252
252
243
252
252
243
252
252
244
252
252
244
252
252
244
252
252
244
252
252
249
252
253
247
248
250
246
250
251
245
252
252
236
249
250
227
246
247
226
251
251
201
234
235
176
220
221
182
233
235
168
227
229
157
221
225
154
223
228
153
223
228
162
222
224
167
227
228
172
231
233
175
233
235
174
232
234
171
229
231
170
226
229
171
227
230
171
226
229
172
228
230
171
227
229
166
221
224
166
220
223
174
225
228
184
228
231
186
229
232
188
229
232
184
222
226
181
218
220
187
221
224
195
226
228
198
226
227
197
221
223
195
217
218
196
216
217
199
218
219
203
220
222
194
216
216
192
215
215
183
206
207
187
210
210
198
221
221
197
221
221
199
223
223
199
223
223
183
207
207
188
213
213
189
215
215
166
191
191
183
209
209
178
204
204
175
207
205
184
217
215
190
223
221
183
217
215
171
206
203
174
209
207
200
234
232
197
229
227
211
242
240
212
240
238
222
246
245
225
246
246
229
248
248
233
251
251
231
249
247
206
223
222
223
238
237
238
252
251
235
249
249
235
250
251
233
251
251
229
253
253
224
254
254
212
251
250
202
246
246
196
245
246
194
246
246
189
241
242
187
238
240
149
198
205
164
210
221
146
188
202
122
159
178
115
147
168
124
149
169
111
133
146
231
247
255
238
249
253
245
252
252
249
254
250
250
254
249
246
255
253
249
254
253
251
254
254
252
253
254
252
253
255
246
253
255
238
253
255
211
238
240
193
230
232
179
225
227
172
224
226
172
227
230
163
218
222
171
222
223
171
217
216
176
220
219
172
213
212
165
202
202
174
208
208
173
203
204
174
203
204
180
208
209
187
213
215
185
211
213
181
210
211
185
214
215
187
216
217
195
225
223
204
232
231
219
243
243
225
247
246
229
249
249
236
253
253
239
253
254
233
246
247
234
247
247
211
225
226
227
241
242
236
252
252
233
248
249
232
251
252
217
253
255
208
252
252
198
249
247
194
248
245
198
245
246
194
230
238
164
194
208
150
179
197
100
133
152
108
144
159
167
197
206
232
248
253
248
250
251
243
250
252
234
253
255
193
222
225
168
208
211
154
204
208
145
200
204
151
206
211
166
215
222
182
224
231
147
183
189
184
216
222
202
233
239
193
225
230
187
222
226
112
146
155
106
140
149
117
151
160
112
144
154
107
140
148
104
136
144
133
164
172
134
166
173
126
158
165
127
160
167
139
173
179
148
182
187
147
182
187
136
173
179
146
190
195
155
198
203
167
210
215
180
223
228
193
236
241
204
245
250
205
246
251
196
237
241
167
207
211
162
202
206
183
222
226
182
220
224
197
235
239
201
239
244
192
231
237
181
224
230
176
223
231
175
226
235
173
227
236
170
226
235
180
233
242
189
237
245
191
231
237
181
212
214
211
233
234
232
248
247
242
253
252
247
252
251
248
253
252
249
254
253
249
254
253
249
254
253
249
254
253
248
253
252
250
255
254
250
255
254
250
255
254
250
255
254
250
255
254
250
255
254
250
255
254
251
255
255
251
255
255
250
255
254
250
255
254
249
254
253
249
254
253
249
254
253
249
254
253
249
254
253
249
254
253
239
251
251
239
251
251
239
251
251
239
251
251
239
251
251
239
251
251
239
251
251
240
252
252
240
252
252
240
252
252
240
252
252
240
252
252
240
252
252
240
252
252
239
253
252
239
253
252
239
253
252
239
253
252
240
252
252
240
252
252
241
252
252
242
252
252
242
252
252
244
252
252
244
252
252
244
252
252
244
252
252
252
254
254
251
251
251
248
252
253
242
251
251
237
252
253
226
250
251
218
249
250
180
220
221
178
227
228
174
230
231
162
223
226
155
221
224
155
223
226
155
225
227
160
224
225
166
229
230
172
234
236
174
235
237
172
233
235
170
230
232
171
230
232
171
229
231
171
228
230
172
229
231
170
227
229
164
219
222
166
221
224
175
226
229
181
226
229
184
227
230
184
226
229
183
222
226
185
222
225
190
224
227
194
225
227
194
222
223
193
216
218
193
214
215
195
215
216
200
217
218
202
218
220
195
217
217
193
217
217
183
207
207
186
210
210
196
220
220
193
217
217
194
218
218
198
222
222
190
214
214
195
219
219
192
216
216
170
194
194
192
216
216
173
198
198
177
209
208
176
208
207
189
222
221
175
209
208
169
203
202
188
222
221
188
222
221
199
232
231
206
237
236
211
238
238
222
246
246
223
244
245
231
251
252
230
249
249
232
248
247
214
230
229
225
239
238
238
252
251
238
251
251
237
251
252
231
249
250
228
252
253
224
254
255
209
248
248
202
246
246
198
248
248
194
248
248
183
235
236
178
229
231
146
195
201
176
222
231
156
198
213
128
164
184
92
123
144
114
139
159
115
137
151
231
247
255
239
250
255
244
251
252
248
254
250
249
254
248
243
255
253
248
255
254
252
253
255
255
253
255
254
253
255
247
253
255
236
253
255
202
231
233
187
227
230
182
232
234
169
221
224
172
224
228
163
214
220
171
219
221
170
217
215
174
219
217
173
215
214
162
200
200
171
206
206
172
203
204
174
202
203
181
209
210
183
208
210
178
203
205
180
208
209
190
218
219
198
226
227
195
226
225
200
228
228
217
243
243
225
247
248
226
247
248
233
252
252
234
249
251
237
249
250
222
234
236
212
225
227
233
246
248
238
253
254
233
248
250
236
254
255
218
253
255
204
251
251
191
248
245
190
248
245
196
242
243
199
228
239
162
183
200
146
171
192
89
124
144
96
140
155
153
191
200
229
248
254
250
250
253
245
250
253
234
254
255
191
220
222
164
205
208
157
207
211
144
199
204
150
204
211
162
211
218
179
221
230
144
181
188
175
209
214
197
230
234
195
229
232
200
237
238
123
157
164
111
144
153
119
151
160
117
149
158
112
144
151
106
138
144
129
160
167
130
160
165
143
174
179
160
192
196
171
204
207
171
204
207
181
215
218
168
205
208
164
206
209
172
213
216
177
218
221
181
220
224
188
227
231
203
241
245
211
249
252
211
248
251
200
236
240
174
210
214
173
208
212
191
226
230
193
228
232
197
232
237
201
236
243
193
233
240
177
224
232
170
221
230
168
225
234
165
224
234
170
228
237
172
227
234
185
231
237
177
215
218
199
228
230
228
249
249
234
252
251
245
252
251
247
252
251
248
253
252
249
254
253
249
254
253
249
254
253
249
254
253
250
255
254
250
255
254
250
255
254
250
255
254
250
255
254
250
255
254
250
255
254
251
255
255
251
255
255
250
255
254
250
255
254
249
254
253
249
254
253
249
254
253
249
254
253
249
254
253
249
254
253
239
251
251
239
251
251
239
251
251
239
251
251
239
251
251
239
251
251
239
251
251
240
252
252
240
252
252
240
252
252
240
252
252
240
252
252
240
252
252
240
252
252
239
253
252
239
253
252
239
253
252
239
253
252
240
252
252
240
252
252
241
252
252
242
252
252
242
252
252
244
252
252
244
252
252
244
252
252
244
252
252
248
250
250
252
254
254
243
248
249
235
245
245
238
254
254
229
253
254
203
235
237
182
222
224
178
227
229
172
227
229
163
223
226
159
223
227
159
226
229
158
227
230
163
227
228
168
231
232
172
233
235
173
234
236
171
232
234
172
231
233
172
231
233
172
230
232
172
229
231
172
229
231
171
227
229
167
222
225
168
223
226
175
227
229
180
226
228
180
224
227
179
222
225
181
222
225
187
226
228
195
230
233
197
229
231
194
223
224
191
215
217
190
212
213
193
214
215
198
217
218
201
220
221
197
219
219
193
217
217
193
217
217
190
214
214
187
211
211
189
213
213
191
215
215
176
200
200
190
214
214
188
212
212
185
209
209
189
213
213
197
221
221
184
208
208
178
210
209
180
212
211
176
208
207
171
204
203
179
213
212
188
222
221
189
223
222
200
233
232
204
235
234
215
243
242
222
246
246
226
247
248
228
248
249
227
246
246
218
235
234
224
240
239
229
243
242
238
252
251
240
254
254
238
252
254
233
251
252
228
253
253
221
251
252
210
247
247
203
247
247
199
249
250
195
248
248
178
230
232
170
221
223
148
197
202
189
235
241
175
217
232
134
170
190
80
112
133
112
137
156
114
135
150
231
246
255
239
250
255
244
251
251
248
254
249
249
254
249
243
255
253
248
255
254
252
253
255
254
253
255
254
253
255
247
253
255
236
254
255
199
229
231
183
225
227
187
236
238
168
220
223
166
219
222
164
214
220
171
220
222
173
220
218
176
221
220
176
218
217
169
207
207
175
209
209
174
205
206
170
198
199
173
201
202
179
204
206
180
206
208
185
213
214
193
221
222
196
224
225
197
228
227
199
227
227
216
243
243
228
252
252
228
249
250
232
251
252
234
250
251
238
250
250
205
218
220
222
235
237
236
251
253
237
252
253
237
252
254
232
252
253
217
253
254
203
250
249
192
250
246
195
253
250
199
246
247
196
225
235
159
180
197
147
172
193
83
119
138
88
132
147
148
186
195
232
252
255
252
252
253
244
250
252
232
253
255
186
215
218
161
202
205
158
208
212
145
200
205
148
203
209
161
210
218
176
218
227
151
188
196
169
202
208
190
222
227
199
233
236
201
238
239
127
161
168
107
140
149
118
151
160
120
152
161
114
146
153
108
140
146
131
163
169
151
182
187
167
199
204
182
214
218
184
217
220
178
211
214
196
230
233
195
230
233
188
227
231
192
231
235
190
229
233
184
222
226
185
223
227
199
236
240
210
246
250
207
243
246
214
248
250
193
226
230
167
200
205
196
228
233
191
224
228
183
215
220
196
228
234
206
242
249
188
230
238
171
219
227
169
222
230
167
223
232
160
215
223
172
223
230
197
242
248
182
219
223
176
205
208
217
239
240
222
242
242
244
251
250
248
253
252
249
254
253
250
255
254
250
255
254
250
255
254
249
254
253
250
255
254
250
255
254
250
255
254
250
255
254
250
255
254
250
255
254
250
255
254
251
255
255
251
255
255
250
255
254
250
255
254
249
254
253
249
254
253
249
254
253
249
254
253
249
254
253
249
254
253
239
251
251
239
251
251
239
251
251
239
251
251
239
251
251
239
251
251
239
251
251
239
251
251
239
251
251
239
251
251
239
251
251
239
251
251
239
251
251
239
252
252
240
254
253
240
254
253
240
254
253
240
254
253
241
253
253
241
253
253
241
252
252
242
252
252
242
252
252
244
252
252
244
252
252
244
252
252
244
252
252
245
249
249
252
254
254
240
245
246
233
244
244
232
250
251
218
245
245
184
217
220
187
229
231
181
231
233
171
227
230
164
224
227
161
225
229
161
227
231
160
227
231
169
230
232
171
232
234
172
233
235
171
232
234
171
231
233
173
232
234
174
233
235
172
229
231
171
228
230
170
227
229
169
224
227
167
222
225
169
224
227
175
228
230
182
230
232
180
227
229
178
223
226
180
222
225
185
225
227
192
229
231
197
231
232
197
228
229
194
222
223
193
218
218
195
217
218
196
217
218
196
217
218
198
221
222
194
218
218
201
225
225
196
220
220
185
209
209
192
216
216
193
217
217
177
201
201
192
216
216
186
210
210
176
200
200
189
213
213
189
213
213
181
205
205
176
208
207
188
219
218
164
196
195
170
203
202
182
216
215
181
215
214
202
236
235
202
235
234
201
232
231
216
245
244
219
244
244
225
247
248
222
242
243
230
249
250
209
226
225
215
231
230
228
243
242
240
253
253
236
250
250
237
251
252
236
254
255
229
252
252
218
247
248
209
246
246
206
249
249
203
251
252
197
248
248
174
226
227
169
220
222
153
203
208
183
229
237
165
207
222
130
167
186
93
125
146
112
137
157
113
134
149
230
246
255
239
250
255
243
250
250
247
253
248
250
255
249
244
255
253
248
254
254
251
253
254
253
252
254
252
252
255
245
253
255
236
254
255
196
228
229
177
219
221
185
235
237
168
221
223
163
216
219
166
216
222
171
220
222
177
224
222
181
225
224
181
223
222
174
211
211
175
210
210
178
208
209
172
200
201
173
201
202
181
206
208
184
209
211
186
214
215
191
219
220
195
223
224
200
230
229
198
228
228
217
244
244
230
253
254
228
249
250
232
250
251
238
253
254
226
239
240
200
213
215
232
245
247
238
253
254
236
251
252
237
254
254
231
251
252
217
252
254
204
251
250
194
252
248
197
254
252
201
247
248
197
226
236
164
185
199
157
182
197
90
126
145
92
136
151
146
184
193
233
253
255
251
251
253
245
250
252
231
252
254
181
210
213
155
196
199
157
206
211
146
202
207
148
203
209
161
210
217
172
214
223
161
198
206
160
194
199
181
214
218
200
234
237
200
237
238
121
157
164
102
137
145
119
154
162
118
151
160
118
151
159
127
160
166
152
185
191
176
210
214
174
206
211
177
210
214
184
217
220
183
216
219
194
227
230
187
221
224
194
232
234
200
238
241
202
240
242
198
234
237
195
230
234
199
235
238
205
239
243
211
245
247
216
249
252
213
245
248
177
208
212
181
212
216
210
241
244
213
242
244
191
219
223
175
206
211
198
234
240
195
237
242
170
217
225
167
217
225
170
221
229
174
222
229
181
224
231
188
224
229
181
211
215
214
238
239
229
250
250
245
252
251
248
253
252
249
254
253
250
255
254
250
255
254
250
255
254
250
255
254
250
255
254
250
255
254
250
255
254
250
255
254
250
255
254
250
255
254
250
255
254
251
255
255
251
255
255
250
255
254
250
255
254
249
254
253
249
254
253
249
254
253
249
254
253
249
254
253
249
254
253
239
251
251
239
251
251
239
251
251
239
251
251
239
251
251
239
251
251
239
251
251
239
251
251
239
251
251
239
251
251
239
251
251
239
251
251
239
251
251
239
252
252
240
254
253
240
254
253
240
254
253
240
254
253
241
253
253
241
253
253
242
252
252
242
252
252
242
252
252
244
252
252
244
252
252
244
252
252
244
252
252
248
252
253
248
251
252
243
251
251
238
251
251
228
248
249
205
233
235
181
217
218
188
232
234
179
229
231
167
223
227
162
222
226
161
223
227
160
224
229
160
225
230
172
233
235
172
233
235
172
233
235
171
231
233
171
230
232
173
232
234
175
233
235
172
229
231
170
227
229
169
225
227
168
223
226
169
224
227
170
225
228
175
228
231
183
232
234
181
229
231
180
227
229
181
225
228
184
226
228
187
226
228
191
227
228
193
227
227
194
224
225
195
222
222
194
220
221
193
217
217
189
213
213
195
218
218
189
213
213
197
221
221
195
219
219
187
211
211
195
219
219
192
216
216
191
215
215
193
217
217
182
206
206
174
198
198
184
208
208
180
204
204
183
207
207
186
217
216
176
207
206
171
203
202
178
210
209
184
217
216
185
219
218
189
223
222
197
230
229
196
227
226
211
240
240
215
241
241
224
247
248
220
241
242
231
251
251
214
231
231
218
236
235
234
250
249
241
254
254
233
247
247
233
249
250
235
254
255
228
251
251
215
244
245
210
247
246
208
251
251
204
252
252
197
248
248
176
228
228
165
216
218
151
201
207
183
228
238
170
212
227
132
168
188
91
123
144
115
140
160
112
133
148
228
244
255
239
250
255
243
250
250
246
252
248
251
255
250
244
254
252
247
254
253
250
253
254
252
252
254
251
251
255
244
252
255
234
254
255
199
231
232
174
218
220
181
231
233
172
224
227
168
220
224
172
222
228
170
219
221
175
222
220
181
226
225
179
221
220
172
209
209
169
203
204
177
207
208
183
211
212
184
212
213
185
210
212
180
205
207
177
205
206
187
215
216
201
229
230
199
229
228
196
226
225
214
241
241
224
249
249
222
244
244
229
248
249
238
253
254
206
220
222
211
224
226
234
248
250
235
250
251
237
252
253
236
253
254
233
254
254
217
252
255
206
253
253
195
253
250
196
254
251
200
246
247
203
232
241
170
191
205
152
177
194
92
128
147
97
141
156
142
180
189
232
252
255
251
252
254
246
252
253
230
251
253
177
206
209
149
190
193
154
204
208
147
203
208
151
206
212
162
211
219
170
212
221
170
207
215
152
185
191
175
207
212
197
231
234
199
236
237
133
169
176
103
139
147
115
150
158
115
150
158
133
168
175
156
191
197
167
202
208
181
216
220
178
212
216
181
215
218
186
219
222
182
215
218
199
232
235
197
230
233
195
230
233
200
236
239
208
243
245
212
246
249
212
245
248
208
241
244
206
238
241
216
246
248
216
246
249
221
251
253
200
230
234
175
204
208
208
236
240
222
245
248
219
239
242
204
227
232
179
210
215
184
219
224
190
231
237
175
220
227
171
216
224
178
223
230
182
222
229
198
234
239
156
187
192
151
177
180
216
238
240
245
252
251
248
253
252
249
254
253
250
255
254
250
255
254
249
254
253
249
254
253
250
255
254
250
255
254
250
255
254
250
255
254
250
255
254
250
255
254
250
255
254
251
255
255
251
255
255
250
255
254
250
255
254
249
254
253
249
254
253
249
254
253
249
254
253
249
254
253
249
254
253
239
251
251
239
251
251
239
251
251
239
251
251
239
251
251
239
251
251
239
251
251
238
250
250
238
250
250
238
250
250
238
250
250
238
250
250
238
250
250
239
251
251
239
253
252
239
253
252
239
253
252
239
253
252
240
252
252
240
252
252
241
252
252
242
252
252
242
252
252
244
252
252
244
252
252
244
252
252
244
252
252
249
254
254
239
243
244
242
252
254
237
251
252
219
243
244
194
224
226
186
225
227
186
232
234
174
226
229
165
221
225
163
222
227
162
224
229
164
226
232
167
231
236
173
234
236
173
234
236
172
232
234
171
230
232
170
229
231
171
230
232
175
232
234
175
232
234
173
229
231
169
224
227
169
224
227
172
227
230
174
228
231
175
228
230
179
229
231
179
228
230
181
229
231
185
230
233
187
230
231
187
227
229
186
224
225
187
223
223
192
225
225
197
228
227
198
227
227
194
222
222
188
216
216
189
214
214
184
208
208
187
211
211
188
212
212
185
209
209
189
213
213
185
209
209
187
211
211
188
212
212
174
198
198
181
205
205
191
215
215
186
210
210
195
219
219
171
200
199
170
199
199
183
214
213
194
226
225
189
223
222
185
219
218
188
222
221
190
223
222
192
223
222
203
231
231
211
237
237
224
248
248
222
245
245
217
237
237
209
229
228
230
248
247
238
254
253
233
248
247
237
251
251
236
252
253
232
252
253
225
248
248
214
244
244
212
249
248
210
252
252
204
251
252
199
248
249
187
239
239
168
219
221
151
201
206
183
229
238
177
219
233
137
174
192
92
124
145
122
147
166
112
134
149
227
242
253
239
250
255
245
252
251
247
253
248
251
255
250
244
254
252
246
253
253
249
252
253
250
252
253
249
251
255
242
252
255
231
252
254
201
234
236
180
224
226
178
230
232
178
231
234
174
226
230
178
227
233
174
222
224
177
224
222
181
226
224
177
219
218
172
210
210
167
201
202
177
208
209
185
214
215
187
215
216
192
217
219
190
216
218
183
211
212
185
213
214
193
221
222
194
225
225
194
225
224
210
237
237
218
244
244
222
244
244
228
248
249
229
247
248
195
210
212
226
241
243
235
249
251
235
250
251
238
254
255
231
249
250
233
254
255
217
252
255
207
253
253
195
253
249
194
252
248
199
245
246
206
235
242
173
194
210
147
172
192
94
130
150
102
146
161
137
176
185
231
250
255
251
252
255
246
254
254
231
252
254
177
206
209
148
189
192
153
202
206
148
203
208
154
209
215
158
208
215
164
206
215
172
208
216
139
172
178
166
199
203
183
217
220
192
229
230
164
201
208
106
142
150
107
143
151
120
157
165
158
196
202
179
217
222
164
201
206
181
218
222
181
217
221
185
220
224
186
219
222
178
211
214
200
232
235
207
238
241
204
237
240
203
235
238
208
240
243
217
248
251
222
253
254
219
249
252
213
243
247
214
243
246
220
247
251
215
242
246
219
245
249
192
218
222
178
203
207
211
230
233
232
246
248
234
251
252
219
242
243
189
218
222
178
211
216
187
225
230
183
222
227
180
219
224
162
199
205
192
225
231
196
227
232
177
204
209
205
229
234
243
250
250
247
252
251
248
253
252
249
254
253
249
254
253
248
253
252
248
253
252
250
255
254
250
255
254
250
255
254
250
255
254
250
255
254
250
255
254
250
255
254
251
255
255
251
255
255
250
255
254
250
255
254
249
254
253
249
254
253
249
254
253
249
254
253
249
254
253
249
254
253
239
251
251
239
251
251
239
251
251
239
251
251
239
251
251
239
251
251
239
251
251
238
250
250
238
250
250
238
250
250
238
250
250
238
250
250
238
250
250
238
251
251
239
253
252
239
253
252
239
253
252
239
253
252
240
252
252
240
252
252
241
252
252
242
252
252
242
252
252
244
252
252
244
252
252
244
252
252
244
252
252
248
253
254
237
244
246
238
251
253
233
251
252
211
236
238
186
220
222
190
231
233
184
232
234
172
225
228
167
223
228
166
225
230
165
225
231
168
228
234
175
235
243
173
233
235
174
234
236
173
232
234
170
229
231
168
227
229
172
229
231
174
231
233
176
232
235
174
229
232
169
224
227
170
224
227
176
229
232
177
230
233
175
227
230
176
227
229
177
227
229
181
230
232
185
233
235
188
233
234
187
230
231
185
225
226
185
224
224
190
226
226
197
230
229
198
230
229
195
226
225
190
221
220
188
213
213
189
213
213
186
210
210
185
209
209
184
208
208
180
204
204
180
204
204
188
212
212
196
220
220
177
201
201
192
216
216
192
216
216
185
209
209
181
205
205
156
184
184
179
207
207
187
216
216
197
228
227
192
225
224
186
220
219
200
234
233
189
223
222
194
226
225
194
225
224
206
234
234
220
245
245
223
247
247
203
225
224
206
227
225
232
251
250
234
252
251
230
246
245
238
253
252
238
253
254
231
250
251
222
245
246
215
244
245
216
251
251
212
254
253
204
250
251
199
249
249
194
246
246
175
226
227
158
208
212
179
225
235
172
214
230
137
174
193
103
135
156
130
155
175
113
135
150
224
240
251
239
250
254
246
253
252
247
253
249
250
255
249
244
254
252
246
253
252
249
252
253
250
252
253
248
252
255
240
253
255
224
248
249
193
228
230
186
231
233
176
228
230
180
234
237
173
225
229
178
227
233
180
228
230
183
230
228
180
225
224
175
217
216
178
216
216
172
206
206
180
210
211
185
213
214
184
212
213
192
218
219
200
225
227
196
224
225
188
216
217
184
212
213
193
224
223
193
225
224
202
232
232
214
240
240
226
249
249
229
250
251
212
231
232
208
223
225
236
251
253
236
251
253
237
254
254
237
255
255
232
250
251
231
252
254
217
253
255
205
252
252
193
251
247
193
251
248
199
246
247
204
233
242
172
193
207
150
175
191
97
133
153
105
149
164
135
173
182
231
251
255
250
251
253
246
252
254
232
253
255
181
210
213
152
193
196
154
204
208
149
204
209
154
209
215
154
203
211
159
201
210
171
208
216
130
163
169
161
193
197
168
202
205
185
222
223
185
222
229
104
141
149
107
146
154
138
176
184
176
216
222
187
227
232
163
202
207
186
223
227
177
215
219
179
215
218
183
217
220
176
209
212
192
223
226
196
227
230
209
239
242
206
235
239
207
236
240
214
243
247
223
250
254
224
252
255
224
251
254
225
250
253
228
252
254
222
247
250
228
251
254
220
242
243
188
211
215
208
223
226
230
240
240
234
247
248
234
251
252
228
249
250
212
239
241
190
220
225
182
215
220
187
221
227
174
206
212
170
202
208
192
221
227
185
212
219
177
202
209
238
245
245
246
251
250
247
252
251
248
253
252
248
253
252
247
252
251
247
252
251
250
255
254
250
255
254
250
255
254
250
255
254
250
255
254
250
255
254
250
255
254
251
255
255
251
255
255
250
255
254
250
255
254
249
254
253
249
254
253
249
254
253
249
254
253
249
254
253
249
254
253
239
251
251
239
251
251
239
251
251
239
251
251
239
251
251
239
251
251
239
251
251
238
250
250
238
250
250
238
250
250
238
250
250
238
250
250
238
250
250
238
251
250
238
252
251
238
252
251
238
252
251
238
252
251
239
251
251
239
251
251
241
252
252
242
252
252
242
252
252
244
252
252
244
252
252
244
252
252
244
252
252
246
253
254
244
253
254
236
250
252
232
252
254
206
234
236
185
221
223
187
231
233
179
229
232
168
223
226
165
222
227
164
222
228
162
220
226
164
222
230
173
230
239
173
232
234
174
233
235
173
232
234
170
229
231
169
227
229
170
227
229
173
229
232
175
230
233
173
228
231
168
221
224
169
222
225
176
229
232
175
228
231
174
226
229
178
229
231
178
227
229
180
229
231
184
232
234
188
233
234
186
231
232
184
227
227
184
224
223
186
224
223
189
225
224
190
224
223
188
221
220
185
217
216
189
215
215
201
225
225
194
218
218
189
213
213
187
211
211
177
201
201
181
205
205
172
196
196
189
213
213
177
201
201
197
221
221
195
219
219
196
220
220
176
200
200
183
209
209
179
206
206
189
218
218
182
213
212
190
222
221
201
235
234
182
216
215
194
227
226
200
232
231
191
222
221
204
233
233
216
242
242
220
246
246
207
230
229
221
241
240
226
246
245
234
252
251
236
252
251
232
248
248
232
248
250
229
248
249
221
244
244
218
246
247
219
254
254
214
254
254
205
250
251
201
249
250
194
245
246
173
224
226
162
212
215
185
231
239
178
220
233
136
173
191
95
127
148
135
160
180
114
136
151
222
238
249
238
249
253
247
254
253
249
255
250
250
255
249
244
254
252
246
253
252
249
252
253
250
252
253
247
252
255
239
253
255
216
242
242
180
218
219
185
233
235
171
226
227
178
233
236
168
220
224
172
222
228
182
230
232
184
231
229
173
218
217
169
211
210
181
218
218
174
208
208
177
208
209
194
222
223
188
216
217
180
205
207
185
210
212
191
219
220
193
221
222
195
223
224
193
224
224
188
220
219
192
223
222
206
233
233
226
249
249
224
244
245
190
208
209
227
245
246
235
250
252
232
248
249
233
251
252
230
248
249
233
253
254
229
251
252
217
253
254
203
249
249
190
248
244
194
252
249
201
247
248
199
229
238
166
187
201
146
171
188
92
128
147
99
143
158
131
169
178
233
253
255
251
252
254
245
252
254
233
254
255
184
214
216
157
198
201
157
207
211
149
205
210
154
208
215
155
204
212
164
207
215
176
213
221
131
165
170
165
198
202
165
199
202
187
225
225
183
222
228
96
134
142
116
156
163
155
197
204
180
222
228
186
228
233
174
215
220
182
222
225
175
215
219
181
218
221
185
219
222
178
210
213
194
225
228
199
228
231
204
232
233
206
234
235
210
238
240
215
243
244
219
247
249
222
248
250
223
249
251
225
249
251
218
241
243
224
247
250
215
236
239
217
238
240
221
241
243
203
216
217
222
229
228
243
251
251
235
248
248
230
247
248
233
254
254
222
246
249
206
233
237
176
206
211
184
213
218
184
212
219
187
214
221
186
212
219
195
221
228
239
247
246
245
250
249
246
251
250
247
252
251
247
252
251
246
251
250
246
251
250
250
255
254
250
255
254
250
255
254
250
255
254
250
255
254
250
255
254
250
255
254
251
255
255
251
255
255
250
255
254
250
255
254
249
254
253
249
254
253
249
254
253
249
254
253
249
254
253
249
254
253
241
253
253
239
251
251
238
250
250
237
249
249
238
250
250
240
252
252
241
253
253
239
251
251
239
251
251
239
251
251
239
251
251
239
251
251
239
251
251
239
252
251
239
253
252
239
253
252
239
253
252
239
253
252
240
252
252
240
252
252
241
252
252
242
252
252
242
252
252
244
252
252
244
252
252
244
252
252
244
252
252
240
249
251
243
254
254
225
240
243
220
242
242
179
211
213
185
224
227
174
221
224
169
221
224
164
220
225
161
219
225
162
220
226
165
222
230
170
226
235
175
230
239
175
234
236
169
228
230
167
225
227
170
227
229
173
230
232
174
230
233
173
228
231
172
227
230
170
224
227
171
224
227
173
226
229
174
227
230
173
224
227
171
223
225
174
225
227
178
228
230
181
230
232
184
232
234
184
232
233
185
230
231
180
223
223
181
221
220
187
225
225
190
228
226
189
226
224
187
222
221
186
220
219
193
220
219
208
232
232
197
221
221
199
223
223
183
207
207
178
202
202
189
213
213
194
218
218
166
190
190
204
228
228
181
205
205
200
224
224
162
186
186
185
209
209
199
224
224
196
222
222
183
210
210
174
204
203
188
220
219
199
232
231
194
228
227
186
220
219
179
212
211
197
229
228
196
227
226
213
241
241
219
245
245
210
235
234
227
250
248
231
253
251
233
254
252
235
252
251
236
252
252
237
253
254
229
248
249
223
246
246
221
249
250
217
252
252
212
252
252
206
250
251
201
248
249
196
248
248
175
226
228
155
206
210
166
212
222
181
224
234
151
188
204
90
122
143
140
165
185
116
138
153
224
240
249
240
251
255
248
254
255
248
253
249
250
255
249
243
252
251
245
252
252
250
254
255
247
251
252
244
251
254
239
254
255
205
233
235
167
207
207
184
233
234
177
232
233
174
229
232
175
228
231
171
220
226
173
221
223
181
228
226
187
232
230
190
231
231
183
221
221
179
213
213
187
217
218
188
216
217
188
216
217
187
212
214
177
203
204
176
204
205
192
220
221
209
237
238
206
239
238
182
214
213
191
221
220
214
242
242
229
252
252
213
234
234
215
235
236
233
251
252
234
252
253
234
252
253
235
253
254
233
252
253
232
252
253
229
251
252
213
248
251
204
250
251
197
254
251
187
245
242
196
243
243
203
232
238
155
176
192
145
170
190
94
130
150
105
149
164
127
165
174
235
254
255
251
250
253
246
251
252
233
254
255
179
208
211
164
205
208
158
208
212
150
205
210
155
210
216
158
207
215
153
195
203
159
196
204
131
164
170
162
194
198
171
205
208
179
216
217
185
226
232
84
125
132
121
164
171
175
219
226
179
224
229
176
223
227
172
217
221
172
216
219
175
216
219
181
219
222
185
220
222
187
219
222
180
209
213
196
225
228
206
234
235
210
238
239
213
239
241
213
239
241
216
241
243
222
246
248
227
251
253
229
252
254
230
252
254
231
252
254
228
249
251
227
247
249
226
245
247
212
224
225
208
214
213
241
249
248
240
251
251
235
250
249
233
250
250
232
251
252
231
252
252
223
246
250
203
228
232
189
213
219
183
207
214
173
196
204
153
176
184
187
194
194
246
251
250
248
253
252
247
252
251
247
252
251
242
247
246
250
254
254
250
255
254
250
255
254
250
255
254
250
255
254
250
255
254
250
255
254
250
255
254
251
255
255
251
255
255
250
255
254
250
255
254
249
254
253
249
254
253
249
254
253
249
254
253
249
254
253
249
254
253
240
252
252
239
251
251
239
251
251
238
250
250
239
251
251
239
251
251
240
252
252
239
251
251
239
251
251
239
251
251
239
251
251
239
251
251
239
251
251
239
252
251
239
253
252
239
253
252
239
253
252
239
253
252
240
252
252
240
252
252
241
252
252
242
252
252
242
252
252
244
252
252
244
252
252
244
252
252
244
252
252
242
253
254
235
247
251
228
246
249
200
227
229
172
207
209
169
212
214
158
207
210
165
221
224
164
222
227
163
221
227
163
221
228
167
223
232
172
226
235
175
227
238
173
231
233
170
227
229
167
224
226
170
227
229
173
230
232
173
228
231
171
226
229
171
225
228
170
224
227
171
224
227
175
226
229
176
227
230
173
224
227
172
222
225
175
224
226
177
226
228
181
230
232
183
231
233
185
231
232
184
230
231
185
228
228
187
228
227
190
230
229
190
229
227
187
225
223
187
224
222
186
223
221
191
218
217
204
228
228
202
226
226
208
232
232
197
221
221
195
219
219
197
221
221
186
210
210
192
216
216
200
224
224
200
224
224
185
209
209
177
201
201
195
219
219
187
211
211
191
216
216
188
215
215
187
217
216
192
224
223
190
223
222
185
219
218
195
229
228
195
228
227
195
227
226
185
216
215
206
234
234
200
228
228
197
223
222
228
252
250
231
253
251
233
254
252
235
253
252
233
250
250
233
249
251
227
247
248
224
247
247
222
250
251
219
251
252
212
251
252
207
249
251
201
247
248
188
239
239
184
235
237
167
217
221
138
184
194
126
169
183
124
162
178
114
146
166
134
159
179
106
127
144
216
231
243
235
245
252
244
251
252
245
251
246
249
253
248
246
253
252
247
252
252
251
255
255
246
250
251
242
251
253
238
254
254
203
232
234
166
208
209
184
235
236
177
233
234
170
225
228
169
221
225
167
216
222
173
221
223
183
230
228
189
233
232
192
234
233
186
223
223
183
217
217
189
220
221
185
214
215
187
215
216
192
217
219
185
211
213
182
210
211
189
217
218
196
224
225
191
224
224
193
227
226
174
205
204
200
229
229
204
229
229
178
200
201
204
224
225
233
251
252
234
252
253
234
252
253
234
253
254
232
252
253
232
252
253
228
251
252
213
248
251
203
250
249
195
252
249
186
244
240
195
241
242
199
229
238
150
171
188
143
168
189
95
131
151
106
150
165
120
159
168
233
252
255
252
253
254
245
252
254
232
253
255
178
207
210
166
207
210
159
209
213
150
205
210
154
209
215
160
209
217
156
198
207
164
201
208
138
172
178
160
192
197
171
205
208
184
221
222
178
219
225
82
126
133
127
171
178
175
221
228
184
231
236
181
229
233
177
225
229
168
215
218
171
215
218
176
215
218
179
214
216
181
212
215
170
200
203
187
214
217
193
221
222
199
226
227
206
231
233
210
235
237
215
240
242
224
247
249
227
250
252
229
251
253
231
252
254
231
252
254
231
250
253
228
248
250
227
246
249
223
236
237
199
208
208
188
198
198
229
239
239
243
255
254
239
253
252
237
253
252
229
247
247
235
253
254
233
252
253
218
238
243
202
221
227
188
207
214
172
192
199
208
215
215
245
250
249
241
246
245
243
248
247
248
252
252
242
247
246
240
245
244
250
255
254
250
255
254
250
255
254
250
255
254
250
255
254
250
255
254
250
255
254
251
255
255
251
255
255
250
255
254
250
255
254
249
254
253
249
254
253
249
254
253
249
254
253
249
254
253
249
254
253
238
250
250
238
250
250
239
251
251
239
251
251
239
251
251
238
250
250
238
250
250
239
251
251
239
251
251
239
251
251
239
251
251
239
251
251
239
251
251
239
252
251
239
253
252
239
253
252
239
253
252
239
253
252
240
252
252
240
252
252
241
252
252
242
252
252
242
252
252
244
252
252
244
252
252
244
252
252
244
252
252
243
254
254
230
245
247
230
249
250
188
217
221
180
218
221
172
218
220
164
217
220
166
224
229
164
225
229
165
224
231
167
224
232
171
225
234
175
226
237
177
227
239
172
229
231
169
226
228
169
226
228
172
229
231
175
230
233
172
227
230
169
224
227
171
224
227
171
224
227
172
224
227
175
226
229
175
226
229
173
224
227
173
223
225
175
223
225
177
225
227
180
228
230
183
228
231
183
229
230
185
228
230
188
231
231
193
234
233
193
233
232
189
228
226
186
224
222
186
223
221
188
225
223
194
222
221
196
220
220
189
213
213
191
215
215
188
212
212
196
220
220
192
216
216
157
181
181
194
218
218
176
200
200
182
206
206
147
171
171
187
211
211
176
200
200
193
215
215
188
212
212
186
211
211
188
215
215
191
221
220
191
223
222
188
222
221
189
223
222
194
228
227
194
226
225
196
228
227
210
241
240
208
236
236
209
237
236
227
252
250
230
253
251
232
254
252
233
253
252
230
248
248
226
244
245
226
246
247
228
249
250
225
250
252
219
251
252
213
250
251
207
248
250
201
246
247
195
246
246
184
235
237
175
225
229
182
228
238
187
229
240
148
186
200
80
112
133
134
159
179
103
124
141
214
229
241
237
247
254
246
253
254
247
253
248
251
255
250
247
254
253
248
253
253
250
254
255
245
250
251
242
251
253
234
254
254
201
232
233
170
214
214
183
236
237
175
232
233
165
222
224
163
215
219
165
213
219
176
222
225
185
232
230
188
233
231
192
234
233
189
227
227
186
220
221
191
221
222
190
218
219
191
219
220
195
220
222
191
217
218
190
218
219
193
221
222
192
220
221
195
228
227
209
242
241
194
225
224
204
233
233
205
231
231
191
213
213
229
248
248
231
251
252
234
252
253
234
252
253
233
253
254
232
252
253
231
252
253
228
251
252
213
248
251
202
248
248
191
249
246
186
244
241
195
241
242
195
224
234
149
170
187
143
168
189
95
131
151
106
150
165
108
147
156
226
245
251
250
250
253
245
251
253
231
252
254
177
206
209
167
208
211
161
211
215
151
206
211
153
208
214
165
214
222
163
205
214
170
206
214
143
176
182
145
178
182
152
186
189
170
208
208
173
216
222
101
145
152
147
193
200
177
225
231
185
235
240
179
230
233
177
228
231
171
220
222
174
219
222
177
218
221
179
215
218
183
215
218
175
202
206
187
214
217
186
214
215
192
218
220
199
224
226
207
232
233
214
239
241
222
245
247
224
247
249
226
249
250
229
250
252
230
251
253
231
250
253
230
249
252
229
248
251
233
249
250
235
249
248
239
251
251
232
246
245
233
246
244
232
245
243
235
247
246
243
255
254
242
255
255
236
249
251
236
250
253
237
252
255
224
240
246
200
216
223
161
167
167
204
209
208
237
242
241
248
253
252
248
253
252
248
253
252
250
255
254
250
255
254
250
255
254
250
255
254
250
255
254
250
255
254
250
255
254
250
255
254
251
255
255
251
255
255
250
255
254
250
255
254
249
254
253
249
254
253
249
254
253
249
254
253
249
254
253
249
254
253
237
249
249
238
250
250
239
251
251
240
252
252
239
251
251
238
250
250
237
249
249
239
251
251
239
251
251
239
251
251
239
251
251
239
251
251
239
251
251
239
252
251
239
253
252
239
253
252
239
253
252
239
253
252
240
252
252
240
252
252
241
252
252
242
252
252
242
252
252
244
252
252
244
252
252
244
252
252
244
252
252
236
249
251
225
242
245
206
227
232
172
204
208
170
211
213
162
210
213
156
211
214
162
222
226
164
224
230
166
225
232
170
226
235
174
227
238
178
228
240
181
229
241
171
228
230
171
227
230
173
229
232
176
231
234
176
231
234
172
227
230
170
223
226
171
224
227
172
224
227
174
225
228
175
226
229
174
225
228
175
223
227
175
222
226
178
223
226
179
224
227
180
225
228
183
226
229
182
226
227
182
225
226
187
229
229
192
233
232
191
231
230
188
227
225
185
223
221
185
222
220
187
224
222
204
232
231
203
227
227
199
223
223
198
222
222
196
220
220
199
223
223
184
208
208
187
211
211
203
227
227
202
226
226
173
197
197
194
218
218
192
216
216
200
224
224
199
220
221
189
211
212
186
211
211
190
217
217
189
219
218
192
224
223
194
228
227
185
219
218
183
217
216
190
222
221
200
232
231
184
215
214
186
217
216
211
241
239
224
251
248
226
251
249
230
253
251
233
253
251
230
248
248
224
242
243
227
246
247
230
251
252
226
251
253
220
252
253
213
250
251
207
247
249
202
244
246
190
241
241
178
229
231
172
222
226
184
230
239
192
235
242
152
190
203
82
114
135
142
167
187
104
125
142
214
229
240
240
251
255
248
255
255
247
253
249
251
255
250
247
254
253
249
254
253
250
254
255
246
251
252
243
254
254
231
253
253
199
232
233
176
220
220
179
233
234
172
229
230
169
226
227
168
220
223
169
216
222
178
225
227
185
232
230
186
231
230
190
232
231
189
227
227
187
221
222
191
221
222
194
223
224
193
221
222
188
213
215
183
209
210
187
215
216
194
222
223
196
224
225
180
215
214
182
216
215
182
214
213
183
213
212
182
209
209
191
215
215
224
246
246
231
251
252
232
252
253
232
252
253
233
253
254
232
252
253
231
252
253
228
251
252
214
250
252
203
249
249
189
247
244
188
246
243
196
242
243
194
223
233
155
176
193
153
178
199
101
137
157
112
156
171
103
142
151
225
245
250
248
248
250
243
248
250
229
250
252
177
206
209
167
208
211
163
213
217
152
208
213
153
208
214
163
212
220
160
202
211
166
202
210
143
176
182
133
166
170
142
176
179
160
197
198
167
210
216
122
169
175
170
218
224
181
230
236
182
234
239
174
227
230
178
231
234
170
221
223
177
223
226
182
223
225
184
221
223
191
223
226
185
212
216
196
222
225
191
219
219
194
222
222
199
226
226
205
232
232
212
238
238
216
241
241
220
244
244
223
247
247
226
249
249
229
250
251
230
251
252
230
251
252
230
250
251
229
249
251
203
223
224
152
171
172
184
200
199
232
246
244
243
254
253
241
251
249
241
251
248
247
255
254
244
255
253
242
252
253
241
252
254
242
253
255
236
248
253
248
253
254
240
245
244
238
243
242
242
247
246
248
252
252
250
255
254
248
253
252
250
255
254
250
255
254
250
255
254
250
255
254
250
255
254
250
255
254
250
255
254
251
255
255
251
255
255
250
255
254
250
255
254
249
254
253
249
254
253
249
254
253
249
254
253
249
254
253
249
254
253
236
248
248
237
249
249
238
250
250
239
251
251
238
250
250
237
249
249
237
249
249
239
251
251
239
251
251
239
251
251
239
251
251
239
251
251
239
251
251
239
252
251
239
253
252
239
253
252
239
253
252
239
253
252
240
252
252
240
252
252
241
252
252
242
252
252
242
252
252
244
252
252
244
252
252
244
252
252
244
252
252
236
249
252
230
248
252
187
210
215
178
211
215
164
206
209
155
206
208
146
203
207
155
217
222
159
221
228
164
225
233
171
226
236
177
228
240
181
229
242
184
230
242
171
228
230
174
230
232
178
233
236
180
235
238
178
233
236
176
229
232
172
225
228
173
226
229
176
227
230
176
227
230
175
226
229
176
224
228
175
223
227
178
224
227
182
225
228
182
225
228
181
224
227
181
224
227
182
223
225
181
222
224
184
224
224
186
226
225
188
226
226
187
225
223
186
223
221
185
222
220
187
224
222
196
224
223
196
220
220
201
225
225
203
227
227
203
227
227
192
216
216
175
199
199
192
216
216
188
212
212
177
201
201
174
198
198
182
206
206
197
221
221
182
206
206
193
213
214
189
211
212
195
219
220
198
225
225
190
220
220
185
217
216
186
220
219
183
217
216
184
218
217
190
224
223
202
235
234
182
214
213
191
222
221
217
247
246
219
247
244
224
249
246
229
252
250
232
252
250
231
249
248
227
245
246
229
249
250
231
252
253
227
252
254
221
252
253
215
250
251
207
247
249
202
245
246
188
238
238
177
228
230
168
218
222
169
215
225
175
217
230
148
186
202
97
129
150
144
169
188
98
118
135
207
222
234
237
247
254
246
253
254
245
251
247
249
253
248
246
254
253
249
254
253
250
254
255
247
252
253
244
254
255
229
250
251
195
230
230
177
224
223
172
227
228
167
227
227
175
233
234
176
228
232
174
222
228
180
226
229
183
230
228
184
229
228
188
229
229
187
224
224
185
219
220
190
221
222
196
224
225
193
221
222
184
209
211
179
204
206
184
212
213
191
219
220
191
219
220
191
226
225
196
231
230
183
216
215
197
227
226
188
215
215
212
237
237
229
250
251
231
251
252
232
252
253
232
252
253
232
253
254
231
252
253
231
252
253
226
252
252
216
251
254
204
251
250
189
246
243
191
249
246
197
244
245
197
226
236
166
187
201
161
186
203
106
141
161
122
166
181
106
144
153
232
252
255
252
251
253
244
249
251
229
250
252
176
205
208
168
209
212
165
215
219
155
210
215
154
209
215
157
207
214
154
196
205
160
197
204
144
177
183
130
162
167
144
178
181
158
195
196
153
198
204
136
183
189
179
228
234
182
234
240
178
232
236
175
230
233
184
239
242
166
220
221
176
223
226
182
224
226
185
221
224
193
224
228
186
213
217
195
221
224
194
222
222
196
224
224
198
226
226
201
229
229
206
233
233
212
238
238
217
242
242
221
245
245
224
248
248
228
250
251
230
251
252
230
251
252
230
251
252
226
251
253
223
249
251
206
230
232
203
224
225
201
218
217
231
244
242
244
254
251
243
250
246
248
253
250
249
254
252
246
252
251
244
250
252
246
253
254
246
254
254
242
248
247
218
223
222
214
219
218
226
231
230
242
247
246
250
254
254
250
255
254
250
255
254
250
255
254
250
255
254
250
255
254
250
255
254
250
255
254
250
255
254
251
255
255
251
255
255
250
255
254
250
255
254
249
254
253
249
254
253
249
254
253
249
254
253
249
254
253
249
254
253
237
249
249
237
249
249
238
250
250
238
250
250
238
250
250
237
249
249
237
249
249
239
251
251
239
251
251
239
251
251
239
251
251
239
251
251
239
251
251
239
252
251
239
253
252
239
253
252
239
253
252
239
253
252
240
252
252
240
252
252
241
252
252
242
252
252
242
252
252
244
252
252
244
252
252
244
252
252
244
252
252
228
241
245
210
229
234
175
201
205
185
220
223
168
212
215
158
211
213
150
210
214
154
217
221
157
221
226
163
224
232
169
226
236
176
227
239
180
227
239
182
225
240
173
228
231
176
231
234
179
234
237
181
236
239
179
234
237
177
230
233
174
227
230
177
229
232
179
230
233
179
230
233
177
226
230
175
223
227
175
223
227
178
224
228
183
225
228
184
225
228
183
224
227
182
223
226
182
222
224
182
221
223
183
222
222
185
223
223
186
224
224
187
224
222
186
223
221
186
223
221
189
226
224
195
222
222
192
216
216
185
209
209
183
207
207
191
215
215
182
206
206
189
213
213
195
219
219
190
214
214
169
193
193
201
225
225
187
211
211
194
218
218
190
214
214
194
214
215
194
214
215
195
218
218
191
216
216
181
211
210
182
214
213
184
218
217
180
214
213
191
225
224
191
225
224
193
226
225
185
217
216
198
230
229
217
247
245
216
244
241
223
250
247
229
252
250
230
250
248
230
248
247
230
248
249
232
251
252
231
252
253
227
252
254
220
251
252
214
249
250
208
247
249
205
246
248
195
244
245
180
232
232
168
218
222
177
223
232
188
231
238
156
194
207
94
126
146
144
169
189
92
113
130
202
217
229
236
247
253
247
254
254
246
251
249
251
255
251
247
254
253
249
254
253
250
254
255
246
253
253
243
254
255
220
243
244
186
221
221
175
223
222
166
220
221
164
223
223
179
236
238
181
233
236
178
225
231
180
227
230
181
228
226
183
228
227
186
228
227
184
222
222
183
217
218
190
221
222
196
225
226
196
224
225
192
218
219
189
215
216
191
219
220
192
220
221
186
214
215
180
215
214
180
217
215
175
208
207
185
215
214
188
215
215
217
242
242
217
238
239
231
251
252
232
252
253
232
252
253
232
253
254
231
252
253
229
253
253
226
251
252
215
250
253
205
251
250
187
245
241
191
249
246
198
245
245
202
231
241
174
195
210
158
183
202
104
140
160
128
172
187
104
143
152
234
254
255
252
251
252
245
250
252
230
251
253
176
205
208
169
210
213
168
217
222
158
213
218
157
212
218
157
207
214
160
202
211
165
201
209
144
178
183
119
151
155
135
169
172
140
177
178
145
190
196
146
194
200
173
223
229
182
235
241
172
227
231
171
227
230
177
232
235
168
221
223
180
228
230
186
228
231
188
225
227
196
226
230
186
212
216
192
218
221
191
222
221
194
224
223
196
224
224
195
223
223
199
227
227
210
236
236
216
242
242
220
245
245
223
247
247
226
250
250
228
252
252
230
251
252
229
251
251
218
245
248
215
249
251
223
254
255
203
228
228
184
204
201
222
236
233
240
248
244
247
252
248
249
253
248
244
248
243
249
251
249
251
254
254
248
252
252
241
245
246
244
249
248
239
244
243
238
243
242
243
248
247
249
254
253
248
253
252
246
251
250
250
255
254
250
255
254
250
255
254
250
255
254
250
255
254
250
255
254
250
255
254
251
255
255
251
255
255
250
255
254
250
255
254
249
254
253
249
254
253
249
254
253
249
254
253
249
254
253
249
254
253
238
250
250
237
249
249
236
248
248
236
248
248
237
249
249
237
249
249
238
250
250
239
251
251
239
251
251
239
251
251
239
251
251
239
251
251
239
251
251
239
252
251
239
253
252
239
253
252
239
253
252
239
253
252
240
252
252
240
252
252
241
252
252
242
252
252
242
252
252
244
252
252
244
252
252
244
252
252
244
252
252
215
228
232
166
185
191
167
194
197
176
211
214
164
208
211
152
205
208
149
209
213
153
217
222
158
222
227
163
224
232
169
225
235
173
224
236
176
222
235
176
220
234
172
227
230
176
231
234
179
234
237
179
234
237
179
232
235
176
229
232
176
229
232
181
232
235
183
234
237
183
232
235
179
227
231
175
223
227
174
222
226
178
223
227
183
224
227
182
223
226
182
223
226
184
222
226
185
224
226
186
225
227
188
226
227
189
227
227
189
226
226
186
223
221
185
222
220
188
225
223
194
229
227
203
230
229
202
226
226
187
211
211
181
205
205
191
215
215
174
198
198
200
224
224
184
208
208
171
195
195
200
224
224
197
221
221
198
222
222
183
207
207
199
222
222
196
216
217
201
221
222
198
220
221
186
212
212
176
207
206
180
213
212
185
219
218
187
221
220
190
224
223
191
225
224
179
213
212
160
192
191
178
210
209
207
237
236
217
246
243
225
253
250
229
253
251
226
247
245
227
246
245
232
250
251
233
252
253
231
252
253
226
251
253
220
251
252
214
250
250
210
248
250
207
247
249
191
240
241
175
227
227
161
211
215
162
208
218
171
213
227
149
187
203
100
132
152
152
177
197
94
114
131
203
218
230
238
248
253
248
255
255
247
252
250
252
255
252
248
254
253
249
254
254
249
254
254
244
251
252
240
252
254
209
232
233
173
210
209
171
218
218
161
216
217
162
222
222
177
234
236
176
228
232
176
223
229
180
226
229
180
227
225
185
230
228
187
229
228
182
220
220
182
216
216
192
222
223
195
223
224
194
222
223
193
218
220
191
217
219
192
220
221
192
220
221
185
213
214
170
205
204
167
204
202
181
215
214
170
201
200
197
226
225
222
247
247
214
236
237
230
251
252
232
252
253
232
252
253
232
253
254
231
252
253
229
253
253
225
251
251
212
247
250
204
251
250
185
243
240
190
248
245
196
243
244
205
235
245
181
202
218
158
182
202
108
144
164
138
182
197
104
142
151
232
252
255
252
251
253
245
250
252
231
252
254
176
205
208
169
210
213
169
219
223
160
216
221
159
214
220
156
205
213
167
209
218
176
213
220
147
181
187
110
143
147
129
163
166
131
168
169
140
185
191
146
195
201
156
207
213
180
233
239
169
225
229
170
227
229
166
223
225
164
219
220
179
228
231
189
231
234
192
229
231
201
231
235
191
216
220
196
219
223
193
224
223
197
228
227
195
226
225
191
220
220
194
222
222
207
235
235
218
244
244
220
246
246
222
247
247
226
250
250
227
251
251
227
251
251
227
250
250
220
251
252
209
246
249
216
250
252
220
248
248
204
225
223
196
211
208
232
240
236
246
251
246
252
254
248
254
254
250
253
253
250
248
248
247
247
248
248
251
253
253
249
253
253
234
239
238
211
216
215
223
228
227
248
253
252
251
255
255
246
251
250
250
255
254
250
255
254
250
255
254
250
255
254
250
255
254
250
255
254
250
255
254
251
255
255
251
255
255
250
255
254
250
255
254
249
254
253
249
254
253
249
254
253
249
254
253
249
254
253
249
254
253
239
251
251
238
250
250
236
248
248
236
248
248
236
248
248
238
250
250
239
251
251
239
251
251
239
251
251
239
251
251
239
251
251
239
251
251
239
251
251
238
252
251
237
253
252
238
253
252
238
253
252
239
253
252
241
252
252
242
252
252
242
252
252
243
252
252
242
252
251
243
252
252
243
252
252
240
250
250
240
251
250
212
232
235
153
180
185
179
212
216
172
210
215
164
210
214
152
205
208
150
209
212
147
208
213
157
219
224
162
222
229
167
222
231
171
222
232
169
216
228
169
215
227
172
226
230
178
231
235
179
232
236
179
232
236
180
232
235
176
227
231
179
230
233
183
233
236
185
234
237
186
234
237
181
228
231
176
223
226
177
223
227
179
223
226
181
220
223
183
221
224
183
221
224
184
223
225
187
225
227
187
225
227
191
229
230
193
230
230
191
227
227
185
222
220
186
223
221
191
227
226
194
229
228
193
221
220
193
219
219
190
215
215
190
215
215
186
211
211
158
183
183
174
199
199
157
182
182
193
217
217
198
223
223
201
226
226
191
215
215
202
226
226
193
217
217
187
207
208
202
223
224
209
231
232
201
225
225
188
216
215
177
207
206
181
213
212
190
222
221
189
221
220
201
234
233
187
221
220
166
199
198
188
221
220
210
242
240
216
246
243
224
252
249
226
252
250
223
245
243
225
245
244
232
251
252
233
252
253
230
252
253
226
251
253
219
250
251
214
250
250
210
249
250
206
247
249
188
238
239
163
215
216
148
198
203
162
206
217
181
222
233
153
190
205
87
118
139
152
178
198
96
118
135
200
217
228
237
249
254
247
254
254
245
248
247
251
254
250
249
254
253
249
254
253
245
250
251
240
249
250
236
250
252
206
230
232
166
203
204
167
214
215
161
214
216
166
222
224
174
230
232
174
226
229
173
221
227
180
226
229
182
228
227
184
228
228
187
229
229
180
218
219
180
215
216
191
223
225
190
220
222
186
214
216
187
213
215
181
207
209
185
213
214
189
216
218
185
212
213
166
200
199
168
203
202
183
216
216
170
201
200
200
228
228
216
241
241
212
234
235
227
249
250
230
251
252
232
252
254
232
253
254
232
252
254
230
252
253
225
250
251
209
246
248
202
249
248
185
243
239
188
247
243
195
242
242
207
237
245
184
206
221
161
186
204
112
148
169
146
190
206
107
146
156
233
253
255
251
252
253
246
252
253
232
252
254
178
206
209
170
212
215
170
220
224
160
216
221
160
216
222
152
202
210
165
208
216
182
219
226
155
188
194
115
147
152
138
172
175
140
176
177
134
177
181
133
178
183
144
192
197
177
231
235
173
230
233
175
233
236
165
223
225
157
212
214
176
225
228
187
229
232
189
226
229
198
230
233
192
220
223
193
220
223
199
229
229
200
230
230
198
227
228
191
220
221
193
219
220
205
232
233
216
242
243
220
244
245
222
246
247
225
249
249
227
251
251
226
251
251
225
250
250
214
245
248
214
250
252
222
255
255
214
243
244
215
239
238
199
216
213
216
228
223
241
249
244
250
253
249
248
250
246
251
252
249
254
255
253
253
254
253
255
255
255
243
248
247
248
253
252
234
239
238
228
232
232
243
248
247
249
253
253
249
254
253
250
255
254
250
255
254
250
255
254
250
255
254
250
255
254
250
255
254
250
255
254
251
255
255
251
255
255
250
255
254
250
255
254
249
254
253
249
254
253
249
254
253
249
254
253
249
254
253
249
254
253
238
250
250
238
250
250
238
250
250
238
250
250
238
250
250
238
250
250
238
250
250
239
251
251
239
251
251
239
251
251
239
251
251
239
251
251
239
251
251
236
251
252
231
252
253
233
252
253
237
253
252
240
252
252
245
253
253
247
252
253
247
251
251
247
252
251
243
251
250
241
253
251
240
253
252
229
247
244
225
245
243
178
222
224
157
212
215
176
231
234
156
211
214
153
208
211
160
215
218
144
199
202
125
180
183
159
214
217
160
215
218
161
216
219
163
218
221
147
202
205
154
209
212
171
219
225
183
231
237
177
224
231
180
226
233
181
228
233
176
223
227
188
233
237
184
229
232
186
229
232
190
234
236
187
231
232
185
226
228
187
228
230
187
227
228
181
219
219
185
223
223
180
218
218
182
220
220
185
223
223
180
218
218
184
222
222
185
223
223
185
223
223
183
221
221
188
226
226
192
230
230
183
221
221
189
222
221
178
209
208
187
218
217
189
219
219
168
197
197
169
197
197
167
195
195
179
206
206
184
210
210
187
213
213
190
216
216
195
219
219
197
221
221
194
218
218
189
210
211
195
216
217
200
220
221
205
226
227
205
225
226
186
206
207
194
216
217
196
221
221
202
229
229
200
231
230
171
204
203
186
223
221
185
224
222
178
215
212
209
242
238
215
246
243
215
245
242
222
245
244
228
249
250
231
252
253
229
250
251
226
250
252
223
251
252
216
249
250
212
251
250
208
249
249
198
243
244
185
239
240
156
209
212
155
201
208
164
202
215
180
213
228
159
190
210
88
119
142
138
169
190
96
125
142
187
212
222
233
249
255
247
252
254
250
247
246
254
252
250
250
250
250
248
251
252
232
241
242
232
247
249
228
249
254
214
244
248
170
205
212
168
210
217
165
210
217
176
223
229
172
220
226
181
232
235
170
221
224
180
226
230
187
229
234
177
219
224
186
226
231
176
214
219
178
216
220
185
221
225
187
220
224
180
211
214
191
220
223
174
204
205
188
215
216
191
217
218
183
208
210
173
203
204
161
192
193
169
200
201
190
220
221
189
218
219
206
234
235
207
232
234
217
242
244
224
247
249
230
252
253
232
253
255
232
252
254
231
250
253
227
249
252
210
249
252
195
246
245
188
249
244
187
248
243
193
242
242
206
238
245
178
201
217
157
184
203
97
137
159
135
183
200
106
147
159
234
254
254
250
252
252
246
252
254
234
252
255
183
210
213
176
218
221
171
224
227
158
216
220
158
218
223
157
211
218
158
205
213
177
216
223
160
193
199
120
152
156
137
168
171
133
164
165
141
169
170
116
148
149
150
192
194
175
228
229
176
235
237
172
235
238
162
223
227
160
214
219
181
227
233
190
230
234
182
220
224
183
221
223
190
228
228
176
213
213
200
227
233
196
221
227
198
222
228
200
222
228
198
218
223
203
222
227
212
231
236
219
238
241
222
242
245
224
247
248
226
250
250
224
251
251
222
250
250
222
248
250
225
249
254
229
253
254
223
248
251
218
243
246
209
233
235
191
213
214
213
233
234
237
252
253
241
252
252
242
250
250
251
254
254
250
251
251
253
253
253
246
250
250
248
253
252
240
245
244
211
216
215
225
230
229
245
250
249
248
252
252
248
253
252
248
253
252
249
254
253
249
254
253
250
255
254
250
255
254
250
255
254
250
255
254
250
255
254
250
255
254
250
255
254
250
255
254
250
255
254
250
255
254
249
254
253
249
254
253
249
254
253
238
250
250
238
250
250
238
250
250
238
250
250
238
250
250
238
250
250
238
250
250
239
251
251
239
251
251
239
251
251
239
251
251
239
251
251
239
251
251
236
251
252
232
252
253
234
252
253
238
253
252
241
252
252
245
253
253
247
252
253
248
253
253
245
251
250
244
253
252
240
253
252
235
251
249
233
253
252
214
237
235
170
215
217
170
225
228
163
218
221
160
215
218
170
225
228
171
226
229
133
188
191
152
207
210
178
233
236
170
225
228
163
218
221
154
209
212
137
192
195
146
201
204
161
209
215
169
217
223
167
215
221
173
220
226
152
199
203
173
220
224
179
224
228
182
227
230
184
228
231
182
226
227
186
230
231
189
233
234
191
232
234
193
233
235
192
230
230
193
231
231
181
219
219
185
223
223
185
223
223
185
223
223
185
223
223
185
223
223
173
211
211
190
228
228
184
222
222
187
225
225
185
223
223
185
218
217
182
213
212
190
221
220
172
203
202
171
201
200
170
198
198
187
215
215
185
213
213
188
214
214
193
219
219
194
220
220
189
214
214
181
205
205
179
204
204
200
222
222
197
218
219
193
214
215
198
219
220
196
216
217
198
218
219
205
226
227
203
228
228
202
229
229
197
228
227
163
197
196
189
226
224
188
227
225
188
225
222
204
237
233
215
247
243
206
235
232
227
251
250
230
251
251
226
247
248
228
250
250
226
250
252
223
251
252
215
250
250
211
250
250
207
249
249
198
243
244
189
243
244
161
214
217
167
214
221
162
200
213
172
204
223
157
188
211
98
129
152
142
173
194
94
124
140
183
208
219
233
249
255
247
252
254
251
247
247
254
251
249
250
250
250
246
249
250
236
245
247
231
247
250
229
251
254
212
242
247
172
207
214
170
211
219
163
208
215
170
217
224
168
216
222
174
225
228
168
218
222
176
222
226
182
224
229
179
221
226
184
224
229
176
215
220
184
221
225
177
213
217
179
213
216
178
209
212
187
216
220
178
208
209
190
218
219
184
211
212
185
210
212
188
218
219
157
188
189
167
198
199
184
214
215
197
226
227
204
232
233
209
235
236
214
239
241
221
244
246
228
250
252
230
252
254
229
250
252
229
249
251
225
248
251
211
250
253
199
250
248
189
250
246
189
249
245
198
246
247
203
235
242
171
194
211
157
184
206
107
147
169
131
179
196
97
138
150
231
251
254
251
251
252
247
251
252
235
252
255
183
210
214
179
220
223
176
228
231
160
218
223
156
216
221
164
218
225
158
205
213
171
209
217
161
194
200
119
150
155
128
159
162
126
157
158
144
173
174
125
157
158
146
188
190
179
232
234
174
234
235
173
235
239
165
226
230
163
217
222
177
223
228
187
227
232
185
223
227
183
221
223
186
226
226
175
213
213
201
229
234
197
223
229
200
225
231
201
223
229
196
216
222
199
218
223
208
227
232
217
236
239
221
242
244
225
248
248
226
250
250
224
251
251
223
251
251
227
253
253
227
251
254
223
248
252
224
249
253
227
252
254
214
238
240
183
204
206
193
213
214
224
240
241
243
255
254
244
252
252
247
252
251
252
253
253
253
253
253
247
251
250
246
251
250
242
247
246
230
235
234
223
228
227
245
249
249
241
246
245
248
253
252
248
253
252
249
254
253
249
254
253
250
255
254
250
255
254
250
255
254
250
255
254
250
255
254
250
255
254
250
255
254
250
255
254
250
255
254
250
255
254
249
254
253
249
254
253
249
254
253
238
250
250
238
250
250
238
250
250
238
250
250
238
250
250
238
250
250
238
250
250
239
251
251
239
251
251
239
251
251
239
251
251
239
251
251
239
251
251
237
251
252
234
252
253
236
251
253
239
252
252
242
252
252
245
253
253
247
252
253
247
253
253
243
250
251
243
253
253
238
253
252
229
249
247
228
252
249
197
223
221
162
208
210
169
224
227
152
207
210
169
224
227
180
235
238
172
227
230
151
206
209
163
218
221
175
230
233
169
224
227
167
222
225
161
216
219
152
207
210
168
223
226
176
224
230
175
223
229
173
221
227
171
217
224
137
184
189
168
215
219
167
213
217
174
219
222
176
220
223
162
206
208
172
216
217
183
226
228
179
221
222
185
225
226
189
227
227
181
219
219
178
216
216
189
227
227
192
230
230
197
235
235
190
228
228
184
222
222
168
206
206
195
233
233
184
222
222
185
223
223
185
223
223
190
223
222
184
215
214
176
208
207
172
203
202
155
186
185
176
205
205
187
215
215
182
210
210
182
210
210
190
216
216
195
221
221
189
215
215
185
211
211
191
216
216
185
209
209
193
215
216
195
217
218
203
224
225
192
213
214
194
215
216
194
215
216
187
211
211
187
215
215
180
210
210
176
209
208
194
231
229
187
226
224
187
224
221
197
230
226
211
243
239
203
232
229
229
254
252
229
251
251
224
245
246
227
250
250
225
250
251
221
251
252
215
250
250
210
250
249
206
249
249
197
242
243
188
243
244
160
213
216
176
223
230
156
195
208
163
195
214
157
188
211
107
138
161
133
164
185
85
116
132
176
200
212
232
248
254
245
252
254
251
248
247
254
249
246
246
246
246
242
245
246
240
249
250
235
251
253
228
252
253
200
231
236
182
220
226
174
217
224
168
214
221
177
225
231
177
226
232
175
226
229
172
221
225
179
224
229
186
228
233
183
225
230
182
222
227
175
215
219
189
226
230
179
215
219
180
214
218
177
209
212
179
210
213
176
206
207
180
208
209
177
203
205
184
209
211
186
216
217
161
192
193
177
208
209
183
213
214
195
224
225
200
228
229
215
241
243
214
239
241
221
244
246
227
250
252
230
252
254
230
251
253
229
250
252
226
249
251
209
249
252
199
250
249
187
248
243
186
247
242
197
245
246
193
225
233
158
181
199
150
178
200
107
147
169
123
171
188
87
128
140
228
248
253
252
251
252
247
250
251
234
252
254
181
208
212
179
221
224
178
230
234
163
221
225
157
216
221
165
219
226
155
202
210
166
204
212
162
196
201
121
153
157
129
160
163
130
161
163
149
176
178
134
166
168
138
180
182
182
234
236
172
232
234
173
235
239
170
231
235
167
221
226
173
219
224
186
226
231
190
227
232
185
223
225
185
224
224
175
213
213
198
227
232
196
224
229
201
227
233
203
226
232
197
218
223
199
219
224
207
226
230
213
232
235
220
240
243
226
247
248
224
248
248
223
249
249
224
252
252
225
250
253
224
248
253
225
249
252
226
251
254
229
254
255
223
247
248
204
226
227
189
209
210
204
221
222
237
250
249
242
251
251
243
248
248
250
254
253
250
251
251
242
246
245
243
247
247
250
255
254
240
244
244
211
215
215
236
241
240
242
247
246
248
253
252
248
253
252
249
254
253
249
254
253
250
255
254
250
255
254
250
255
254
250
255
254
250
255
254
250
255
254
250
255
254
250
255
254
250
255
254
249
254
253
249
254
253
249
254
253
249
254
253
238
250
250
238
250
250
238
250
250
238
250
250
238
250
250
238
250
250
238
250
250
239
251
251
239
251
251
239
251
251
239
251
251
239
251
251
239
251
251
238
251
252
236
252
253
238
251
252
240
252
252
243
252
252
246
252
253
247
252
253
245
252
252
242
252
252
241
254
254
236
254
253
227
251
250
212
240
239
186
217
215
165
213
214
160
215
218
154
209
212
171
226
229
172
227
230
155
210
213
166
221
224
177
232
235
178
233
236
172
227
230
171
226
229
164
219
222
159
214
217
175
230
233
183
231
237
179
227
233
183
231
237
174
221
228
168
214
219
188
235
239
184
231
235
178
223
226
177
222
225
156
200
202
169
213
214
182
226
227
173
217
218
176
218
219
175
213
213
151
189
189
166
204
204
175
213
213
181
219
219
182
220
220
178
216
216
177
215
215
173
211
211
190
228
228
186
224
224
185
223
223
178
216
216
184
218
217
184
216
215
171
203
202
160
192
191
164
196
195
181
212
211
182
211
211
180
209
209
182
210
210
190
218
218
194
221
221
186
212
212
182
208
208
190
216
216
185
210
210
191
215
215
186
209
209
186
208
209
180
201
202
190
211
212
196
218
219
186
211
211
184
211
211
162
193
192
183
216
215
193
230
228
187
226
224
188
226
223
191
225
221
202
234
230
211
240
237
224
250
248
227
250
251
227
248
249
226
248
249
225
250
251
221
250
252
214
249
249
210
250
249
205
248
248
197
242
243
187
241
242
154
208
211
183
230
237
156
196
209
165
199
217
166
197
220
118
149
172
117
149
169
77
108
124
171
196
208
231
247
254
243
249
251
251
247
247
254
246
244
248
249
249
246
249
249
243
251
253
237
253
254
215
239
242
160
192
197
181
220
226
165
209
216
164
211
218
176
225
231
183
232
238
174
224
227
179
227
231
182
227
232
182
225
230
180
222
227
178
219
224
177
216
221
189
227
231
190
226
230
186
221
224
185
218
221
175
206
209
176
206
207
170
198
199
174
201
202
176
202
204
165
195
196
175
205
206
190
220
221
186
216
217
187
216
217
198
226
227
212
240
241
214
239
241
221
245
247
228
251
253
230
253
255
231
253
255
230
252
254
226
250
253
209
249
251
201
252
250
186
248
243
187
247
242
198
247
247
189
221
229
157
181
198
145
173
195
99
139
161
119
167
184
85
126
138
227
246
251
251
251
252
247
252
252
233
250
253
177
204
208
175
216
219
177
229
232
164
222
226
160
219
224
166
220
227
161
208
215
173
211
219
163
196
202
120
151
155
129
160
163
130
161
162
148
174
177
137
169
172
130
172
174
179
231
233
169
230
233
172
235
239
173
234
238
171
225
231
171
217
223
184
225
231
193
231
235
187
226
228
186
225
227
176
215
216
194
224
229
195
224
229
202
228
234
204
228
234
198
220
225
202
222
227
207
226
230
209
228
231
216
236
239
222
243
244
222
246
246
222
248
248
225
251
251
224
249
252
226
248
253
231
253
255
226
251
253
224
248
250
227
250
252
226
248
249
205
225
226
195
213
214
222
236
236
240
250
250
243
250
251
250
254
254
247
250
250
249
253
253
249
253
253
246
251
250
249
253
253
233
238
237
223
228
227
241
246
245
248
253
252
248
253
252
249
254
253
249
254
253
250
255
254
250
255
254
250
255
254
249
254
253
249
254
253
249
254
253
249
254
253
249
254
253
249
254
253
249
254
253
249
254
253
249
254
253
249
254
253
238
250
250
238
250
250
238
250
250
238
250
250
238
250
250
238
250
250
238
250
250
239
251
251
239
251
251
239
251
251
239
251
251
239
251
251
239
251
251
239
251
251
238
251
252
239
251
251
242
252
252
244
252
252
247
252
253
247
252
253
242
250
250
241
252
252
236
253
252
232
254
253
221
249
249
191
224
223
180
216
214
168
217
219
153
208
211
165
220
223
167
222
225
168
223
226
151
206
209
162
217
220
176
231
234
173
228
231
171
226
229
169
224
227
163
218
221
163
218
221
174
229
232
181
230
236
175
224
230
179
227
233
161
209
215
183
231
235
181
228
232
184
231
235
188
234
237
186
231
234
166
211
213
178
223
224
190
234
235
183
227
228
186
228
228
182
220
220
150
188
188
173
211
211
177
215
215
182
220
220
174
212
212
162
200
200
160
198
198
172
210
210
172
210
210
176
214
214
172
210
210
151
189
189
164
198
198
173
206
205
155
187
186
156
188
187
178
209
208
169
200
199
171
202
201
178
209
208
182
211
211
187
216
215
185
213
213
180
207
207
184
211
211
194
221
221
187
213
213
191
216
216
182
207
207
180
203
203
177
199
200
182
204
204
190
212
213
193
218
218
186
214
214
168
198
197
176
209
208
192
229
227
187
226
224
199
236
234
188
223
219
193
226
222
221
250
248
217
244
241
224
247
247
229
251
252
224
248
248
224
249
251
220
250
251
214
249
249
210
249
249
205
248
248
196
242
243
186
240
241
147
202
205
185
233
240
160
200
213
172
207
223
176
208
229
125
156
179
114
147
166
79
111
126
172
197
209
230
247
254
239
246
248
250
247
247
253
245
243
251
251
251
250
253
254
243
251
253
235
252
254
199
224
227
123
157
162
176
216
222
169
214
221
166
214
220
172
222
228
179
229
235
163
214
217
182
230
234
185
232
236
185
230
234
184
227
231
178
220
225
181
221
226
177
216
220
182
219
223
180
216
219
197
230
233
176
207
210
185
215
216
175
204
205
177
205
206
169
197
198
151
181
182
185
215
216
188
218
219
190
220
221
188
218
219
199
228
229
198
226
227
212
238
239
218
243
245
225
249
251
228
252
254
228
251
253
227
251
253
225
250
252
209
248
251
201
251
250
188
249
244
191
252
247
202
251
251
193
225
233
173
197
214
149
177
198
96
136
158
124
173
190
87
129
141
228
248
253
249
251
252
247
254
254
232
250
252
175
202
206
171
212
215
173
226
229
164
222
226
163
222
227
166
220
226
165
212
220
180
219
227
161
195
200
115
147
151
126
157
160
124
155
157
144
170
173
135
167
170
125
167
169
171
223
225
169
229
232
169
233
237
173
233
239
173
226
233
171
218
225
184
226
232
193
233
237
189
229
231
188
230
232
180
220
222
194
224
229
196
226
231
202
230
235
202
227
233
196
218
223
199
220
225
205
225
230
206
226
228
211
231
233
216
237
238
219
243
243
221
246
246
223
249
249
226
250
252
228
250
254
229
252
255
227
250
252
224
247
249
225
248
250
227
249
250
224
244
245
204
223
223
211
226
228
234
246
246
245
253
253
249
255
255
247
252
252
246
250
250
250
254
254
244
248
248
247
251
251
242
247
246
206
211
210
241
246
245
248
253
252
248
253
252
249
254
253
249
254
253
250
255
254
250
255
254
250
255
254
249
254
253
249
254
253
249
254
253
249
254
253
249
254
253
249
254
253
249
254
253
249
254
253
249
254
253
249
254
253
238
250
250
238
250
250
238
250
250
238
250
250
238
250
250
238
250
250
238
250
250
239
251
251
239
251
251
239
251
251
239
251
251
239
251
251
239
251
251
239
251
251
240
251
251
241
251
251
243
252
252
245
252
252
247
252
253
245
253
253
241
251
252
239
253
254
233
253
254
228
254
254
208
241
241
173
212
211
173
215
214
163
215
216
151
207
210
169
225
227
166
222
225
168
224
227
162
218
221
162
218
221
170
226
228
168
224
226
167
223
226
163
219
221
161
216
219
166
222
225
171
227
230
182
232
238
176
226
232
173
222
228
159
208
214
185
233
238
173
220
224
181
228
232
185
233
235
181
227
230
173
218
220
180
226
227
189
234
235
186
231
232
190
232
232
187
226
225
171
210
210
183
222
222
190
229
229
194
233
233
185
224
223
168
206
206
168
207
207
185
224
224
178
217
217
178
217
217
171
209
209
138
177
177
161
197
196
137
171
170
149
182
181
170
202
201
170
203
202
143
175
174
158
190
189
178
210
209
180
211
210
169
200
199
155
185
184
154
184
183
170
198
198
186
214
214
189
216
216
182
209
209
168
194
194
175
199
199
177
201
201
180
204
204
175
199
199
178
203
203
166
193
193
178
208
208
177
210
209
193
230
228
183
221
219
200
238
235
187
222
218
190
224
220
221
250
248
216
244
241
223
247
247
228
252
252
223
248
248
222
249
250
220
250
251
212
248
248
209
249
248
203
248
248
195
241
242
182
238
238
141
196
199
182
230
238
158
198
211
171
205
219
176
209
227
122
154
177
123
156
176
87
119
135
173
199
210
230
249
254
238
245
248
251
250
249
254
247
244
250
250
250
250
253
254
243
252
253
236
253
255
206
232
236
140
175
180
181
223
229
177
223
230
171
221
227
167
218
224
166
216
222
138
188
192
166
214
218
169
216
220
177
222
226
178
222
226
167
209
214
187
228
233
177
217
220
181
218
222
177
213
217
190
223
226
172
204
207
188
218
219
183
213
214
179
208
209
167
195
196
161
190
191
186
216
217
180
210
211
191
221
222
195
225
226
194
223
224
187
215
216
208
236
237
215
242
243
221
248
249
224
251
252
225
250
252
225
250
252
223
249
251
206
246
249
197
248
247
187
248
243
192
252
248
200
248
249
194
226
233
189
212
229
151
179
200
99
139
161
133
181
198
84
126
138
230
250
254
249
250
251
247
253
254
233
251
253
177
204
208
172
213
216
172
224
227
162
220
224
163
222
228
161
215
221
157
204
211
175
213
221
161
194
200
116
147
152
126
157
160
124
155
157
142
168
171
133
164
168
126
167
171
161
213
217
170
230
234
167
230
235
169
231
236
171
225
232
171
218
226
182
225
231
189
229
234
188
229
232
192
236
237
182
225
227
193
224
229
195
225
230
200
229
234
197
224
230
190
213
218
194
216
221
204
224
228
204
225
227
205
226
228
209
230
231
215
239
239
220
244
244
221
247
247
225
248
249
228
249
251
229
251
253
231
253
255
230
253
255
230
253
255
228
252
252
233
254
254
219
239
240
209
225
227
221
234
235
238
249
250
246
254
255
247
254
255
247
252
252
248
252
252
244
248
248
247
252
251
248
253
252
215
220
219
228
232
232
248
253
252
248
253
252
249
254
253
249
254
253
250
255
254
250
255
254
250
255
254
248
253
252
248
253
252
248
253
252
248
253
252
248
253
252
248
253
252
248
253
252
249
254
253
249
254
253
249
254
253
238
250
250
238
250
250
238
250
250
238
250
250
238
250
250
238
250
250
238
250
250
239
251
251
239
251
251
239
251
251
239
251
251
239
251
251
239
251
251
240
251
251
241
251
251
242
251
251
244
252
252
246
251
252
246
253
253
244
253
253
241
253
255
234
251
252
230
253
254
223
252
253
191
228
228
165
209
209
168
215
214
160
214
215
154
211
213
164
221
223
170
227
229
152
209
211
156
213
215
168
225
227
170
227
229
168
225
227
166
223
225
157
214
216
159
216
218
169
226
228
168
225
227
179
229
235
176
226
232
168
218
224
171
221
227
183
231
236
180
228
232
189
236
240
181
229
231
175
222
225
177
223
225
180
226
227
183
229
230
184
230
231
184
227
228
182
222
221
193
232
231
179
219
218
193
233
232
195
235
234
188
228
227
165
205
204
171
211
210
186
226
225
196
236
235
192
232
231
189
229
228
155
195
194
155
192
191
137
173
171
174
209
208
170
205
204
179
212
211
151
184
183
162
195
194
169
201
200
180
211
210
172
203
202
154
185
184
153
184
183
166
196
195
173
203
202
178
207
207
161
189
189
146
173
173
169
195
195
178
203
203
182
206
206
166
190
190
172
198
198
135
162
162
164
194
193
183
216
215
186
221
220
181
219
217
189
226
224
186
221
217
192
226
222
212
243
240
220
249
246
225
250
250
227
251
251
223
248
248
222
249
250
219
250
250
211
248
248
208
249
248
203
248
248
194
241
242
181
238
238
141
197
199
182
231
238
156
197
210
165
201
214
172
205
223
118
150
173
130
164
184
89
122
137
170
196
208
230
249
255
239
246
249
252
252
252
255
249
247
252
252
252
250
253
253
244
253
254
233
251
252
220
248
250
180
217
221
182
227
232
175
224
230
175
227
233
175
227
233
173
223
229
133
184
187
164
212
216
159
206
210
168
213
217
165
210
214
137
181
185
178
220
225
173
213
216
174
212
216
176
213
216
162
196
199
162
195
198
174
205
206
177
207
208
173
202
203
168
196
197
180
210
211
182
212
213
182
212
213
190
220
221
195
225
226
180
210
211
188
217
218
208
236
237
215
243
244
221
249
250
224
252
253
225
252
253
225
251
253
223
251
253
209
248
251
195
246
245
186
247
242
190
250
246
193
241
242
189
221
229
194
218
235
146
174
196
103
143
165
138
186
203
75
117
129
232
252
254
249
250
251
246
252
253
234
252
254
182
209
213
177
218
221
172
224
228
160
218
222
161
220
225
163
217
224
151
198
206
167
206
214
164
198
203
119
151
155
122
153
156
121
152
154
143
168
172
132
162
167
131
172
176
154
206
210
171
231
236
165
228
233
164
226
233
167
222
230
170
219
227
179
223
231
183
225
230
186
228
231
195
239
241
182
226
228
187
220
225
189
221
226
194
225
230
193
220
226
185
211
215
193
214
219
204
225
229
205
226
228
201
222
224
203
224
226
212
235
235
219
243
243
219
244
244
223
245
246
226
246
249
230
250
252
232
253
254
229
252
252
229
252
252
230
254
254
229
252
252
231
251
251
211
230
231
203
219
220
225
238
240
240
252
254
244
254
255
249
254
254
247
252
251
242
247
246
247
252
251
247
252
251
234
239
238
206
211
210
248
253
252
248
253
252
249
254
253
249
254
253
250
255
254
250
255
254
250
255
254
248
253
252
248
253
252
248
253
252
248
253
252
248
253
252
248
253
252
248
253
252
249
254
253
249
254
253
249
254
253
237
249
249
237
249
249
238
250
250
238
250
250
238
250
250
239
251
251
239
251
251
238
250
250
238
250
250
239
251
251
239
251
251
239
251
251
240
252
252
240
251
251
241
250
250
243
251
251
244
252
252
244
251
252
243
252
252
242
252
253
239
253
255
229
247
249
227
252
253
208
242
243
169
210
211
158
206
207
158
209
210
154
210
211
160
217
219
166
223
225
165
222
224
148
205
207
154
211
213
166
223
225
166
223
225
164
221
223
163
220
222
159
216
218
162
219
221
171
228
230
171
228
230
175
226
232
172
223
229
168
218
224
175
225
231
177
227
231
181
229
233
185
233
236
179
227
229
173
221
223
180
228
229
185
232
233
184
230
231
182
228
229
183
227
227
183
223
222
194
233
233
184
224
223
191
231
230
191
231
230
187
227
226
175
215
214
186
226
225
185
225
224
195
235
234
188
228
227
172
212
211
147
187
186
149
187
185
172
209
207
182
219
217
178
214
213
183
219
217
177
211
210
179
213
212
166
199
198
180
213
212
180
212
211
167
199
198
169
201
200
181
213
212
181
213
212
182
213
212
163
194
193
146
175
175
170
197
197
182
208
208
187
212
212
190
215
215
184
210
210
135
162
162
163
193
193
187
219
218
183
217
216
180
217
215
182
219
216
185
221
217
194
229
225
202
234
230
222
250
248
225
251
251
224
250
250
225
250
250
222
251
251
219
250
251
212
249
249
206
248
247
200
245
245
193
242
242
177
235
235
146
203
205
181
231
238
150
193
205
163
200
215
177
211
231
116
150
173
126
161
180
87
120
136
175
204
214
228
248
253
241
249
251
252
252
251
255
251
249
252
252
252
251
253
254
243
253
254
230
249
251
217
246
248
187
226
230
184
230
234
177
227
233
179
232
238
183
236
242
180
231
237
162
212
215
179
227
231
173
220
224
172
219
223
171
216
220
140
185
189
174
216
220
171
212
215
175
213
217
177
215
218
154
190
193
157
190
193
167
200
200
169
200
201
159
189
190
153
183
184
149
179
180
169
199
200
182
212
213
183
213
214
186
216
217
170
200
201
195
225
226
205
235
236
213
242
243
220
249
250
224
253
254
224
253
254
224
253
254
222
252
254
211
250
253
197
248
247
185
247
242
188
248
244
197
246
246
182
214
222
193
217
234
147
174
196
106
146
168
137
185
202
75
117
128
231
251
254
250
250
251
247
251
251
234
251
253
186
213
216
183
224
227
170
223
226
159
217
222
162
221
226
167
221
227
157
204
211
169
208
216
170
203
209
124
156
160
116
147
150
113
144
145
135
161
165
126
156
161
129
169
174
147
198
203
172
232
237
167
230
236
163
225
233
167
223
232
171
221
229
180
225
233
185
228
234
184
228
232
187
234
236
182
228
230
180
216
220
190
225
229
193
225
229
197
227
232
189
216
220
189
212
217
203
225
229
205
226
228
202
223
225
201
222
224
207
229
230
214
238
238
220
244
244
223
245
246
226
245
247
229
249
250
230
251
252
228
250
251
227
251
251
229
253
253
223
247
247
232
253
253
218
238
239
194
213
214
206
222
223
230
243
246
241
253
254
247
253
252
250
255
254
249
253
253
248
253
252
247
251
251
246
251
250
217
222
221
230
235
234
246
251
250
247
252
251
246
251
250
248
253
252
250
255
254
246
251
250
249
254
253
249
254
253
249
254
253
249
254
253
249
254
253
249
254
253
249
254
253
249
254
253
249
254
253
249
254
253
237
249
249
237
249
249
237
249
249
238
250
250
238
250
250
239
251
251
239
251
251
238
250
250
238
250
250
239
251
251
239
251
251
240
252
252
240
252
252
240
251
251
240
249
249
242
251
251
243
251
251
243
251
251
241
251
251
240
251
253
236
252
253
228
250
251
222
250
252
183
220
222
152
197
199
149
201
202
149
204
205
152
208
210
164
221
223
171
228
230
163
220
222
162
219
221
168
225
227
168
225
227
165
222
224
163
220
222
162
219
221
163
220
222
165
222
224
168
225
227
171
228
230
172
224
230
170
221
227
170
221
227
174
225
231
180
230
234
182
232
235
182
230
234
175
224
226
171
219
221
180
228
229
188
236
237
184
231
232
180
226
227
183
227
227
183
223
222
184
224
223
191
231
230
186
226
225
186
226
225
183
223
222
183
223
222
182
222
221
193
233
232
187
227
226
184
224
223
154
194
193
155
195
194
164
203
201
173
211
209
180
219
217
179
217
215
175
213
211
180
216
214
184
220
218
177
213
211
182
215
214
174
207
206
160
194
193
165
197
196
179
211
210
182
214
213
175
208
207
173
204
203
162
193
192
182
210
210
185
213
213
193
219
219
202
228
228
183
209
209
155
183
183
180
210
210
190
222
221
188
223
222
179
215
213
181
218
215
189
226
222
197
233
229
198
232
228
218
247
245
221
247
247
221
247
247
223
250
250
220
249
250
217
249
250
211
249
248
204
246
245
197
244
244
194
243
243
180
238
238
153
210
213
178
228
235
147
189
202
165
202
220
182
216
238
109
143
166
123
158
178
87
121
136
182
212
221
227
247
252
242
251
253
251
250
250
255
253
251
252
251
251
252
254
254
242
252
253
230
249
251
199
230
232
177
218
221
185
233
237
179
231
237
178
233
238
179
235
240
173
225
231
174
225
228
179
227
231
179
226
230
174
221
225
178
224
228
158
203
207
178
222
226
175
217
220
182
221
225
178
216
219
167
202
205
162
196
199
168
201
202
173
204
205
162
192
193
154
184
185
130
159
160
165
194
195
177
206
207
174
204
205
178
208
209
162
192
193
187
217
218
202
232
233
209
240
241
217
248
249
221
252
253
222
252
253
221
251
252
219
250
252
208
248
251
198
249
249
187
249
244
187
247
242
200
248
248
174
206
214
191
214
232
155
183
204
104
144
165
130
178
196
72
113
125
231
251
255
251
250
251
245
249
250
228
246
248
184
211
215
183
224
227
166
218
221
161
219
223
167
226
231
166
220
227
160
207
215
171
210
217
172
206
211
133
164
168
121
152
155
113
144
145
126
151
156
126
157
162
132
171
178
144
194
201
171
230
236
166
229
236
165
228
236
169
225
235
171
221
231
181
227
235
187
233
240
183
229
233
180
228
230
183
230
232
179
216
220
192
229
233
190
223
228
201
232
237
196
223
228
190
215
219
203
225
228
200
221
223
199
220
222
198
219
220
201
222
223
209
232
232
218
242
242
224
243
244
226
243
244
227
246
247
229
250
251
229
251
252
228
252
252
226
251
251
222
247
247
230
253
253
225
247
249
204
224
225
199
216
219
216
233
235
234
249
251
247
253
252
250
255
254
249
254
253
249
253
253
248
253
252
242
247
246
233
238
237
217
222
221
240
245
244
248
253
252
246
251
250
249
253
253
250
255
254
246
251
250
249
254
253
249
254
253
249
254
253
249
254
253
249
254
253
249
254
253
249
254
253
249
254
253
249
254
253
249
254
253
237
249
249
237
249
249
237
249
249
238
250
250
238
250
250
238
250
250
239
251
251
238
250
250
238
250
250
239
251
251
239
251
251
240
252
252
240
252
252
239
251
251
239
250
249
240
251
250
241
251
250
241
250
250
240
251
252
239
252
254
233
251
253
229
252
254
212
243
246
162
201
204
150
198
200
145
199
201
147
204
206
157
215
217
163
221
223
168
226
228
167
225
227
166
224
226
168
227
229
170
228
230
163
221
223
161
220
222
163
221
223
164
222
224
166
224
226
168
226
228
170
228
230
168
220
226
168
220
226
170
222
228
174
226
232
180
231
235
181
232
235
181
231
234
177
226
228
173
222
224
180
228
230
187
235
236
183
231
232
179
227
228
181
226
226
180
221
220
185
226
225
190
231
230
183
224
223
180
221
220
176
217
216
177
218
217
183
224
223
188
229
228
185
226
225
166
207
206
158
199
198
166
207
206
168
208
206
175
214
212
178
217
215
175
214
212
170
209
207
174
212
210
179
216
214
182
219
217
181
217
216
169
205
203
162
196
195
164
198
197
169
202
201
175
208
207
175
209
208
173
207
206
164
196
195
171
202
201
173
201
201
188
215
215
186
212
212
168
195
195
168
196
196
184
214
213
189
221
220
187
221
220
174
208
207
179
216
213
192
230
226
199
235
231
199
232
228
212
243
240
216
244
244
220
246
246
220
247
247
216
246
246
213
247
247
208
247
247
202
246
245
196
244
243
193
242
243
180
239
239
155
213
215
183
233
240
154
197
210
161
199
217
178
213
235
109
144
167
132
169
188
92
126
141
184
214
223
229
250
254
243
252
254
250
251
250
255
253
251
254
253
253
251
253
254
241
250
252
229
249
251
180
211
214
175
218
222
182
231
236
178
232
238
179
235
240
180
235
240
170
222
228
169
220
223
175
223
227
176
223
227
173
220
224
177
224
228
162
208
212
181
226
229
177
220
223
182
222
225
179
218
220
173
210
213
175
210
213
166
200
200
177
210
210
183
214
215
173
203
204
161
189
190
178
206
207
179
208
209
175
205
206
177
207
208
158
188
189
179
209
210
199
229
230
206
237
238
214
245
246
218
250
250
218
251
251
217
250
250
216
250
251
208
248
251
199
250
250
188
249
244
183
243
239
194
243
243
173
205
213
189
212
229
151
179
200
102
142
164
135
183
200
69
110
122
233
252
254
246
245
246
242
245
247
230
248
251
187
214
218
181
222
225
163
215
218
161
219
224
168
227
232
167
221
227
162
209
217
170
209
217
172
206
211
140
172
176
130
161
164
119
150
151
134
159
165
134
163
169
130
169
176
140
190
197
172
231
238
164
227
235
165
227
236
168
225
235
169
220
230
178
225
234
186
232
239
183
230
235
178
228
231
180
228
231
181
221
224
189
226
230
185
220
224
197
229
234
197
226
230
193
218
222
199
222
226
193
214
216
195
216
218
196
217
218
200
221
222
207
228
229
212
236
236
221
241
241
227
243
243
228
246
246
230
250
250
230
252
251
229
252
252
226
252
252
225
251
251
225
250
251
227
251
253
221
242
244
206
226
228
203
222
225
218
236
239
244
250
250
248
253
252
249
254
253
251
255
255
247
252
251
243
248
247
244
249
248
221
226
225
225
230
229
244
249
248
245
250
249
246
251
250
246
251
250
247
252
251
249
254
253
249
254
253
249
254
253
249
254
253
249
254
253
249
254
253
249
254
253
249
254
253
249
254
253
249
254
253
236
248
248
237
249
249
237
249
249
237
249
249
238
250
250
238
250
250
238
250
250
238
250
250
238
250
250
239
251
251
239
251
251
240
252
252
240
252
252
239
252
251
238
251
249
237
250
248
237
249
249
239
250
250
239
251
252
238
252
254
234
253
254
224
249
251
198
231
234
158
198
201
154
203
206
146
201
204
146
204
208
159
218
221
161
220
222
162
221
223
166
225
227
164
223
225
162
221
223
162
221
223
159
218
220
160
219
221
163
222
224
165
224
226
167
226
228
168
227
229
168
227
229
165
219
225
168
221
226
172
224
230
175
227
233
179
231
234
180
231
234
180
231
234
183
232
234
180
229
231
183
232
233
187
236
237
183
231
232
180
228
229
180
225
226
178
220
219
184
226
225
188
230
229
179
221
220
177
219
218
173
215
214
181
223
222
183
225
224
186
228
227
162
204
203
160
202
201
170
212
211
164
206
205
175
215
213
181
221
219
177
217
215
172
212
210
166
205
203
167
206
204
171
210
208
178
216
214
176
213
211
170
207
205
171
207
206
170
206
204
167
201
200
170
204
203
171
206
205
167
202
201
169
202
201
164
196
195
175
206
205
177
205
205
172
199
199
159
186
186
175
203
203
181
211
211
185
217
216
181
214
213
168
202
201
176
213
210
186
225
221
192
229
225
195
229
225
205
236
233
212
240
240
219
246
246
221
249
249
217
247
248
213
247
247
208
247
246
202
245
244
194
242
241
188
238
238
173
232
232
154
213
215
187
239
246
161
205
217
155
194
212
175
212
233
113
150
172
135
172
192
93
129
144
184
215
224
230
252
255
243
254
255
249
251
249
255
253
250
255
252
253
249
251
251
238
249
250
231
252
253
171
204
207
182
227
230
180
231
235
174
230
235
177
235
240
180
236
241
169
222
227
170
220
223
179
226
230
177
224
228
170
218
222
175
222
226
167
213
217
185
230
234
184
227
230
188
230
233
183
223
225
190
228
230
168
203
206
175
209
209
175
208
209
193
224
225
178
209
210
172
201
202
186
214
215
190
219
220
184
214
215
177
207
208
162
192
193
189
220
221
193
224
225
200
232
233
208
241
242
213
247
247
214
249
249
215
250
250
215
250
251
208
248
251
198
249
249
188
249
244
182
243
238
190
239
239
168
200
208
179
202
220
143
170
192
107
147
169
132
180
197
60
101
113
228
248
251
248
249
250
245
250
251
236
253
255
193
220
224
182
223
227
161
213
217
160
218
223
165
224
230
168
222
229
171
218
226
176
214
222
174
208
213
143
175
179
130
161
164
120
151
152
149
172
179
136
165
172
114
153
160
124
174
181
171
230
238
163
228
236
165
227
237
170
228
238
169
221
232
176
224
233
183
231
238
183
231
236
177
228
231
175
225
228
179
221
224
188
226
230
187
223
227
196
229
234
193
223
227
186
212
216
192
216
219
195
217
219
199
220
222
202
223
224
204
225
226
207
228
229
211
233
233
219
237
237
226
241
240
228
244
243
229
249
247
231
252
251
231
253
254
229
254
254
227
253
253
221
246
248
225
249
251
228
252
252
212
234
237
196
216
220
199
218
223
240
247
246
246
251
250
244
249
248
247
251
251
249
254
253
248
253
252
250
254
254
234
239
238
219
224
223
241
246
245
247
252
251
248
253
252
248
252
252
249
253
253
249
254
253
249
254
253
249
254
253
249
254
253
249
254
253
249
254
253
249
254
253
249
254
253
249
254
253
249
254
253
236
248
248
236
248
248
237
249
249
237
249
249
237
249
249
238
250
250
238
250
250
238
250
250
238
250
250
239
251
251
239
251
251
240
252
252
240
252
252
239
252
252
237
253
250
235
250
248
235
249
248
237
251
250
239
252
252
235
251
253
233
253
254
207
232
235
178
212
216
159
200
204
150
199
203
146
202
206
146
205
210
160
220
222
162
221
223
162
221
223
167
226
228
165
224
226
160
219
221
158
217
219
157
216
218
160
219
221
163
222
224
166
225
227
167
226
228
167
226
228
167
226
228
166
221
226
169
224
229
174
227
232
177
229
235
177
230
234
176
229
232
179
230
233
184
234
236
182
231
233
184
233
234
185
235
235
182
232
232
182
230
231
182
228
228
182
224
223
187
229
228
188
230
229
180
222
221
181
223
222
178
220
219
183
225
224
182
224
223
157
199
198
173
215
214
172
214
213
166
208
207
161
203
202
180
222
220
180
222
219
174
214
212
170
210
208
164
204
202
163
203
201
167
206
204
174
213
211
169
207
205
170
208
206
175
212
210
174
211
209
170
206
204
167
203
201
162
200
198
162
199
197
169
204
203
169
202
201
179
210
209
176
204
204
163
191
191
168
196
196
181
209
209
180
210
209
187
219
218
179
211
210
174
208
207
180
217
214
179
219
214
185
223
219
192
227
223
198
230
226
208
237
237
219
247
247
222
251
251
219
249
250
213
248
248
208
248
247
201
246
244
192
241
240
184
235
235
181
240
240
157
216
218
179
232
239
163
207
220
158
197
214
177
214
235
100
137
159
121
158
178
87
123
138
179
210
221
226
249
253
242
254
255
249
251
250
255
254
252
255
253
254
247
249
249
238
249
249
231
254
255
176
209
212
187
233
236
175
229
232
170
227
232
175
233
238
180
236
241
169
223
228
172
222
225
183
230
234
182
229
233
174
222
226
173
220
224
167
214
218
180
226
229
180
224
227
185
227
230
188
228
230
176
214
216
176
212
214
170
205
205
183
217
217
190
222
222
177
208
209
172
201
202
183
211
212
195
223
224
192
221
222
181
211
212
167
197
198
192
223
224
188
219
220
194
227
228
202
237
237
208
244
244
212
248
248
214
250
250
214
250
251
204
244
247
197
248
247
193
252
249
191
250
246
188
237
237
149
181
188
153
176
193
126
154
176
105
145
167
123
171
188
62
103
115
222
242
247
247
247
248
242
246
247
232
249
251
190
217
220
181
222
225
161
214
217
160
218
223
165
224
229
168
222
229
177
224
232
182
221
229
178
211
217
142
173
178
123
154
157
119
150
151
145
168
175
134
163
171
109
148
156
113
163
171
161
220
228
161
225
233
172
235
244
174
232
242
171
224
235
174
223
233
180
228
236
180
229
235
174
226
230
172
223
226
177
220
223
188
229
232
191
229
233
193
228
232
187
218
221
183
209
213
190
214
217
197
219
221
202
223
225
205
226
227
207
228
229
208
229
230
211
232
233
218
234
234
223
237
235
224
240
239
226
244
243
227
248
246
228
250
250
227
252
252
226
253
253
220
248
249
221
248
249
226
252
253
219
243
247
202
224
229
190
211
216
232
238
238
247
252
251
246
251
250
244
249
248
249
253
253
251
255
255
247
252
251
241
246
245
218
223
222
231
236
235
244
249
248
243
248
247
246
251
250
246
251
250
249
254
253
249
254
253
249
254
253
249
254
253
249
254
253
249
254
253
249
254
253
249
254
253
249
254
253
249
254
253
235
247
247
236
248
248
236
248
248
237
249
249
237
249
249
237
249
249
237
249
249
238
250
250
238
250
250
239
251
251
239
251
251
240
252
252
240
252
252
239
253
252
235
253
250
234
251
248
234
250
248
237
252
251
236
252
251
230
248
250
227
248
251
189
217
220
164
198
202
157
199
204
143
192
198
147
203
209
152
212
217
158
219
222
160
220
222
162
222
224
164
225
227
164
225
227
161
221
223
157
218
220
156
217
219
158
218
220
161
222
224
163
224
226
164
225
227
164
224
226
163
224
226
169
224
229
172
227
232
175
230
235
177
230
236
177
229
233
176
229
232
178
229
232
178
229
231
178
228
230
180
230
230
181
231
231
181
231
231
182
232
232
184
231
231
185
229
228
188
231
230
188
231
230
181
225
224
186
230
229
182
225
224
174
217
216
160
204
203
174
218
217
167
211
210
190
233
232
155
199
198
163
206
205
183
226
223
178
221
218
173
215
212
175
216
214
172
212
210
170
210
208
172
212
210
175
214
212
168
207
205
168
207
205
169
206
204
169
206
204
171
208
206
166
203
201
164
202
200
169
207
205
167
202
200
180
212
211
167
199
198
172
202
201
153
181
181
182
210
210
182
210
210
178
208
207
186
217
216
176
208
207
182
216
215
187
224
221
179
219
214
185
223
219
194
229
225
193
226
222
204
234
234
218
246
246
219
249
248
216
247
247
211
247
247
208
248
247
202
248
246
194
243
242
185
237
237
179
240
240
159
218
220
176
229
235
162
207
219
157
196
214
183
220
241
97
134
156
116
153
173
92
129
144
182
214
224
224
247
251
241
254
254
248
250
249
255
253
250
255
254
255
248
250
250
239
249
250
224
246
248
181
217
219
182
228
231
168
222
226
168
227
232
172
233
237
178
235
240
168
223
228
171
222
225
182
228
232
182
229
233
176
224
228
171
219
223
169
216
220
177
223
227
180
224
227
185
227
230
183
223
225
165
204
206
167
205
207
177
213
213
191
225
225
189
222
222
180
211
212
182
210
211
183
211
212
192
220
221
193
222
223
189
219
220
173
204
205
181
212
213
184
218
218
191
226
226
199
234
234
205
241
241
209
246
246
212
249
249
213
251
251
207
246
249
194
245
244
189
249
245
191
251
246
191
240
241
154
186
194
162
185
203
132
160
181
89
129
151
92
140
157
52
93
105
216
235
240
250
251
251
243
249
250
227
245
248
182
209
213
180
221
224
164
216
219
160
218
222
165
225
230
167
221
227
176
223
231
183
222
230
182
216
222
142
174
178
116
147
150
119
150
152
136
158
165
127
156
165
110
148
156
116
166
174
161
220
229
162
226
235
168
231
241
173
232
243
172
225
236
171
221
231
175
223
232
176
226
233
174
226
231
172
225
228
177
221
224
187
229
232
190
229
233
187
223
227
186
217
220
192
219
223
196
221
224
195
217
219
200
221
223
202
223
224
204
225
226
206
227
228
209
230
231
218
234
234
224
238
236
226
240
238
225
242
241
225
246
244
225
248
247
225
250
250
224
252
252
224
252
252
221
249
250
221
248
252
224
250
253
215
240
244
197
221
225
204
211
210
235
240
239
250
254
254
247
252
251
248
252
252
250
255
254
247
252
251
248
252
252
230
235
234
228
233
232
245
250
249
247
252
251
249
253
253
247
252
251
249
254
253
249
254
253
249
254
253
249
254
253
249
254
253
249
254
253
249
254
253
249
254
253
249
254
253
249
254
253
235
247
247
235
247
247
236
248
248
236
248
248
237
249
249
237
249
249
237
249
249
238
250
250
238
250
250
239
251
251
239
251
251
240
252
252
240
252
252
238
253
252
234
254
251
233
251
248
234
252
249
237
254
252
233
251
250
226
245
246
205
228
231
172
200
204
162
198
202
153
195
200
144
194
200
149
206
211
157
216
222
155
216
219
158
219
221
162
223
225
160
221
223
160
221
223
160
221
223
153
214
216
157
218
220
158
219
221
160
221
223
161
222
224
162
223
225
161
222
224
161
222
224
170
225
230
174
229
234
176
231
236
177
231
236
177
230
233
178
231
234
179
231
234
177
228
230
177
227
229
177
227
228
177
227
227
178
228
228
180
230
230
183
231
230
186
230
229
186
230
229
185
229
228
182
226
225
186
230
229
177
221
220
157
201
200
171
215
214
180
224
223
175
219
218
177
221
220
161
205
204
172
216
215
182
225
223
178
221
218
176
219
216
182
224
221
181
222
219
177
217
215
177
217
215
171
211
209
172
211
209
170
209
207
166
205
203
168
207
205
170
207
205
162
199
197
156
196
194
164
202
200
158
195
193
175
209
208
168
201
200
167
197
196
167
195
195
185
213
213
180
208
208
173
203
202
175
206
205
169
201
200
183
216
215
184
221
218
179
220
215
186
223
219
196
231
227
190
222
219
201
231
230
215
243
243
217
246
246
214
245
246
209
245
245
206
247
246
202
248
246
194
243
242
184
235
235
165
227
227
160
219
221
182
236
242
161
208
220
150
190
207
190
227
248
110
147
169
120
159
178
106
144
158
189
221
231
222
246
249
240
253
253
247
249
248
253
250
247
255
253
254
249
251
251
240
250
251
208
230
232
182
218
220
167
215
218
163
218
221
170
229
234
172
233
237
176
234
239
169
224
229
173
223
226
181
227
231
178
226
229
173
222
225
168
216
220
174
221
225
180
227
230
185
229
232
189
231
234
181
220
223
158
197
199
173
211
213
183
219
219
190
224
224
187
221
221
180
212
213
190
219
220
185
213
214
188
216
217
187
216
217
190
220
221
180
210
211
178
209
210
186
220
220
192
227
227
198
234
234
203
240
240
205
243
243
208
246
246
210
248
248
210
250
252
192
243
242
182
243
238
185
245
241
196
245
246
176
208
216
186
209
227
138
166
187
82
122
144
89
138
155
56
97
109
218
238
242
248
247
248
244
247
249
222
240
243
174
201
205
181
222
225
167
220
223
159
217
221
164
223
228
168
222
229
174
221
229
180
219
226
188
221
227
147
179
183
111
142
145
118
149
151
133
156
163
118
146
156
105
144
152
119
169
178
167
226
236
167
231
240
156
220
230
168
227
238
169
222
233
168
217
228
168
217
226
171
222
229
174
228
233
176
229
232
174
219
222
181
223
226
188
227
231
186
222
226
190
223
226
201
229
233
203
228
231
200
222
224
201
222
224
200
221
223
199
220
221
201
222
223
205
226
227
214
231
230
221
234
232
223
237
235
224
241
239
224
245
243
226
249
248
226
251
251
223
251
251
224
253
254
221
251
252
219
247
251
223
250
254
221
247
252
211
236
241
190
197
197
210
215
214
238
243
242
248
253
252
246
251
250
247
252
251
248
253
252
246
251
250
237
242
241
219
224
223
235
240
239
247
252
251
245
249
249
247
252
251
249
254
253
249
254
253
249
254
253
249
254
253
249
254
253
249
254
253
249
254
253
249
254
253
249
254
253
249
254
253
235
247
247
235
247
247
236
248
248
236
248
248
237
249
249
237
249
249
237
249
249
238
250
250
238
250
250
239
251
251
239
251
251
240
252
252
240
252
252
238
253
252
233
254
251
233
252
249
234
253
250
237
254
253
232
250
250
222
242
243
176
199
202
151
179
184
164
200
204
147
189
194
149
199
205
147
203
209
149
209
215
154
214
218
163
224
226
167
228
230
159
220
222
158
219
221
159
220
222
151
212
214
157
218
220
159
220
222
159
220
222
159
220
222
159
220
222
159
220
222
160
220
222
170
225
230
174
229
234
176
231
236
176
231
236
177
231
234
180
233
236
183
236
238
182
233
235
181
232
234
178
229
229
175
225
225
175
225
225
176
226
226
179
227
226
182
226
225
182
226
225
180
224
223
179
223
222
181
225
224
166
210
209
162
206
205
189
233
232
166
210
209
187
231
230
159
203
202
162
206
205
181
225
224
181
225
222
177
220
217
174
217
214
181
224
221
178
220
217
171
212
210
169
209
207
158
198
196
175
214
212
177
216
214
175
214
212
176
215
213
169
208
206
157
195
193
163
203
201
162
201
199
159
197
195
157
192
191
177
209
208
138
169
168
179
207
207
182
210
210
180
208
208
172
202
201
165
196
195
164
196
195
183
215
214
176
213
211
174
215
210
182
219
215
195
230
226
187
219
216
198
228
227
213
241
241
217
247
246
216
247
247
209
244
244
205
246
245
200
246
244
190
240
239
179
230
230
168
229
229
166
225
228
183
237
243
161
208
219
150
191
208
194
232
252
104
143
164
110
150
169
104
142
157
185
216
227
216
239
244
238
251
252
249
253
251
254
253
250
252
249
250
247
249
250
239
250
251
192
216
217
178
215
217
156
205
207
162
217
221
172
231
236
172
233
237
176
235
240
172
227
232
177
228
231
184
230
234
179
227
230
173
222
226
169
217
221
177
224
228
179
225
229
180
224
227
180
222
225
176
217
219
158
197
199
192
230
232
177
213
213
189
223
223
179
213
213
175
207
208
180
209
210
181
209
210
185
213
214
175
204
205
177
207
208
179
210
211
185
216
217
190
224
224
195
229
229
199
235
235
202
239
239
202
240
240
204
242
242
205
243
244
203
243
246
193
244
244
191
251
247
191
251
247
195
244
244
172
203
211
183
207
224
146
174
195
89
129
151
104
152
169
58
99
111
221
241
246
248
248
249
238
243
245
205
223
226
157
184
188
177
218
221
170
222
226
160
218
222
166
225
230
174
228
235
176
223
231
177
216
224
192
225
231
151
183
187
107
138
141
114
145
147
127
150
157
117
145
155
109
148
156
116
166
175
156
215
224
165
229
238
160
224
235
161
220
232
163
217
229
163
213
224
163
212
221
168
219
226
176
231
236
179
232
235
168
213
216
174
218
221
187
227
231
191
227
231
196
229
232
202
230
234
204
229
232
212
234
236
210
231
233
204
225
226
198
219
220
198
219
220
201
222
223
205
221
221
208
221
219
211
224
222
215
232
229
218
239
237
223
246
244
225
250
250
222
249
249
222
252
253
223
253
254
221
249
253
219
246
250
219
245
251
220
246
252
218
225
225
205
210
209
223
228
227
246
250
250
246
251
250
245
250
249
250
254
254
246
251
250
243
248
247
215
220
219
227
232
231
249
253
253
242
247
246
250
254
254
249
254
253
249
254
253
249
254
253
249
254
253
249
254
253
249
254
253
249
254
253
249
254
253
249
254
253
249
254
253
234
248
247
234
248
247
235
248
247
235
249
248
236
250
249
236
250
249
236
250
249
238
252
251
238
251
250
237
251
250
238
252
251
238
252
251
239
253
252
241
252
251
244
252
251
243
253
252
237
252
252
230
250
252
225
252
254
207
239
241
161
199
204
152
195
199
156
201
205
143
191
194
150
199
202
151
202
203
131
182
182
138
195
198
143
203
208
157
216
221
156
214
220
161
220
225
155
213
218
162
220
224
162
218
223
158
215
217
162
219
222
166
223
225
162
218
221
160
217
219
167
224
225
174
228
231
177
230
233
177
231
234
171
224
227
173
226
229
183
234
237
181
232
235
181
232
235
185
235
238
176
224
228
180
229
232
176
223
227
180
227
231
183
228
231
186
227
231
170
211
215
183
225
229
177
219
223
158
201
204
177
220
222
180
224
226
178
224
225
175
220
221
176
223
221
161
208
206
173
221
220
169
217
215
173
218
215
171
216
213
175
218
215
180
223
220
173
215
213
178
219
216
167
207
205
168
207
205
172
211
209
173
210
208
172
208
206
172
207
206
173
207
206
173
208
207
170
207
206
162
198
198
165
202
201
169
205
204
157
192
192
144
179
179
172
207
207
172
206
206
166
201
201
165
200
200
172
207
206
179
214
214
183
218
218
177
215
212
177
219
212
177
218
211
176
216
209
188
224
220
192
227
224
202
235
232
214
249
246
210
246
244
203
241
240
205
245
244
199
244
243
191
237
236
187
236
235
167
229
226
169
229
228
181
235
240
168
216
226
165
207
223
195
234
253
110
149
170
116
155
176
96
133
150
185
217
230
217
240
247
238
250
254
251
252
254
254
251
250
250
249
251
240
245
248
233
251
253
178
210
213
155
199
202
165
217
223
163
217
223
174
229
235
181
233
240
176
227
234
181
234
238
176
232
234
176
234
235
176
230
232
181
229
233
174
221
225
178
225
229
170
215
219
181
222
227
177
217
221
162
199
204
178
214
219
197
230
235
187
219
224
192
222
228
183
212
217
188
217
223
177
215
219
173
211
216
180
218
222
173
209
213
174
208
213
189
221
226
184
214
220
189
219
225
195
225
231
200
231
237
203
236
241
206
240
245
209
244
249
207
244
250
200
240
252
192
244
250
183
244
245
180
243
241
189
239
240
165
196
203
184
205
222
151
175
195
93
129
149
113
157
174
56
94
107
227
244
251
246
246
249
237
246
249
211
239
243
173
207
211
177
219
224
173
223
228
161
217
224
153
213
221
156
216
224
108
164
172
166
217
224
175
219
225
145
184
190
101
133
138
113
143
147
127
156
161
135
165
171
123
159
165
141
181
187
170
217
222
172
223
228
168
222
229
166
222
228
159
215
221
153
208
215
158
212
219
170
224
231
176
230
237
175
227
233
174
219
222
170
214
217
176
219
222
190
230
233
199
236
240
194
230
232
190
223
226
196
226
229
202
231
233
207
234
235
208
232
234
206
229
231
203
226
228
207
228
230
210
230
230
207
227
228
209
229
229
215
235
236
222
243
243
226
247
248
224
246
247
224
248
249
224
251
251
221
250
250
218
249
249
217
249
249
218
250
251
215
239
240
195
216
217
192
211
211
232
246
246
243
252
254
248
253
254
246
248
249
250
250
251
246
247
246
239
241
241
202
206
205
235
241
239
241
250
247
244
253
251
249
253
254
249
253
254
249
253
254
249
253
254
249
253
254
249
253
254
249
253
254
249
253
254
249
253
254
249
253
254
234
248
247
234
248
247
235
249
248
235
249
248
236
250
249
236
250
249
236
250
249
237
251
250
237
251
250
236
250
249
237
251
250
238
252
251
239
253
252
239
251
250
238
245
244
238
248
248
235
249
250
226
249
251
215
245
249
180
217
221
155
198
202
157
203
207
157
205
209
150
199
201
156
205
207
159
209
209
142
192
190
150
207
210
152
212
218
160
218
224
153
211
217
149
207
213
137
195
200
145
202
207
158
214
218
161
218
220
165
221
224
164
219
222
160
215
218
166
221
223
178
234
235
174
227
230
180
233
236
179
232
235
175
228
231
175
228
231
177
228
231
177
228
231
179
230
233
172
222
225
168
216
220
177
225
229
184
231
235
178
225
229
180
224
228
178
218
223
182
223
228
169
211
216
150
192
196
177
220
223
187
230
233
182
226
228
177
223
224
180
226
227
168
215
213
173
220
218
180
228
226
173
222
220
174
219
216
176
219
216
180
223
220
183
226
223
177
219
216
177
217
215
167
206
204
170
209
207
173
210
208
171
208
206
170
205
204
168
202
201
168
202
201
170
204
203
174
210
210
171
207
207
168
204
204
165
201
201
142
178
178
165
201
201
191
227
227
171
207
207
163
199
199
161
197
197
168
204
204
177
213
213
179
215
215
176
215
212
175
217
210
171
212
205
169
210
203
185
222
218
192
229
225
198
235
231
207
244
241
204
243
241
201
240
238
202
245
242
198
243
242
192
238
236
187
235
233
162
224
220
170
230
229
177
231
235
163
210
220
164
206
222
194
234
253
104
143
164
119
158
180
96
133
150
182
214
227
215
238
247
238
250
254
252
253
255
254
251
251
244
245
247
239
247
249
230
250
252
180
214
218
153
198
202
161
213
219
158
212
219
171
225
232
182
232
240
178
227
234
184
237
240
181
238
240
181
242
242
177
233
234
180
228
232
176
223
227
176
223
227
190
234
238
178
219
224
159
198
203
160
197
202
186
220
226
188
220
226
181
212
219
188
217
224
181
209
216
189
217
224
180
218
223
174
214
219
180
217
223
173
208
214
175
208
214
189
221
227
184
213
220
188
217
224
193
222
229
198
228
235
201
234
240
204
238
244
207
243
249
207
243
251
199
240
253
191
243
251
181
242
245
178
241
240
189
239
241
168
197
205
184
205
221
151
174
194
87
122
141
118
161
179
51
89
101
232
249
253
244
244
248
239
251
254
220
251
253
186
222
226
187
229
234
181
230
237
171
226
234
164
223
232
162
224
232
102
160
169
151
204
211
158
204
210
133
172
179
87
119
125
87
116
121
111
141
146
131
163
168
123
158
164
136
176
181
165
210
214
170
220
223
170
222
228
166
221
226
159
215
220
153
211
217
159
215
222
170
225
232
171
226
233
167
220
226
173
221
223
177
223
226
180
225
228
181
225
228
182
223
226
183
221
223
192
226
229
202
234
237
198
229
230
195
223
224
195
220
222
197
220
222
199
222
224
200
222
224
205
226
227
212
233
234
219
239
240
221
241
242
222
242
243
223
243
244
224
244
245
226
248
249
226
251
251
223
252
251
220
251
250
218
251
250
218
252
251
223
252
252
202
229
230
197
220
220
203
220
221
232
244
245
242
248
249
250
252
253
251
251
252
242
242
242
240
241
241
225
229
228
236
243
240
246
254
252
246
254
252
249
253
254
249
253
254
249
253
254
249
253
254
249
253
254
249
253
254
249
253
254
249
253
254
249
253
254
249
253
254
234
248
247
235
249
248
235
249
248
236
250
249
236
250
249
236
250
249
236
250
249
236
250
249
236
250
249
236
250
249
236
250
249
237
251
250
238
252
251
241
252
251
239
249
247
239
251
250
238
254
254
232
254
255
209
241
244
162
200
205
152
196
201
152
199
203
152
202
205
151
202
204
155
206
208
158
209
209
155
205
204
161
218
222
162
222
228
166
224
230
156
214
220
148
206
211
135
193
198
146
203
208
145
201
206
153
210
212
154
210
212
144
199
202
141
196
199
154
210
212
170
226
227
171
224
227
177
230
233
171
224
227
176
229
232
182
235
238
179
231
234
184
235
238
182
233
236
176
225
229
180
228
232
176
224
228
181
228
232
179
226
230
184
229
233
186
228
233
159
201
206
155
197
202
179
221
226
173
216
219
185
228
231
174
219
221
175
221
222
168
214
215
163
210
208
172
219
217
178
225
223
171
219
217
172
217
214
177
220
217
178
220
217
177
218
215
177
217
215
170
210
208
170
209
207
175
212
210
177
214
212
176
212
210
174
208
207
171
205
204
169
203
202
171
203
202
164
200
200
169
205
205
169
205
205
169
205
205
154
190
190
159
195
195
174
210
210
174
210
210
164
200
200
159
195
195
163
199
199
172
208
208
175
211
211
177
216
213
173
215
208
166
208
201
169
210
204
179
216
212
190
227
223
193
230
227
193
230
228
196
235
233
199
239
237
199
242
241
199
244
243
195
242
240
186
235
233
156
219
214
172
232
231
175
229
233
156
204
213
159
201
216
194
234
252
98
137
158
122
161
183
98
135
152
176
208
221
212
235
244
237
249
253
252
253
255
254
252
251
243
244
246
242
251
253
223
245
247
186
221
225
159
205
209
154
207
213
158
212
219
176
229
236
187
237
245
180
230
236
179
232
235
174
232
233
172
232
232
172
228
230
182
230
234
179
226
230
166
213
217
191
235
239
170
211
216
162
201
206
171
208
214
185
220
226
178
212
218
180
211
217
189
218
225
181
209
216
187
215
222
183
219
224
179
217
222
180
216
222
173
209
215
177
210
216
193
223
229
190
219
226
189
218
225
191
220
227
193
225
231
197
230
236
200
235
241
203
241
246
205
243
250
198
239
252
190
242
250
181
243
246
179
242
241
191
241
243
174
204
211
184
205
221
151
175
194
95
130
150
124
167
184
65
102
114
232
249
255
249
249
253
239
251
254
222
253
255
191
227
231
192
234
239
185
234
241
176
232
240
174
234
243
174
236
244
132
191
200
163
216
223
170
217
223
144
184
190
106
139
144
104
133
138
108
137
142
131
163
168
126
161
167
127
167
172
156
201
205
168
218
221
170
222
227
157
213
218
156
212
217
155
213
219
161
219
225
169
226
232
169
224
231
165
218
225
178
226
229
184
232
235
187
233
236
184
227
230
179
219
223
181
219
222
187
223
226
195
227
230
201
231
234
210
238
240
217
241
243
212
235
237
204
226
228
200
221
223
204
225
226
210
231
232
211
231
232
210
230
231
216
235
236
224
243
244
223
243
244
224
245
246
225
250
250
224
251
251
221
251
250
219
251
250
218
252
251
213
243
244
208
237
238
206
230
232
193
212
213
226
240
241
244
252
254
249
253
254
245
247
248
252
254
254
247
248
248
230
234
234
194
199
197
230
237
234
241
247
245
249
253
254
249
253
254
249
253
254
249
253
254
249
253
254
249
253
254
249
253
254
249
253
254
249
253
254
249
253
254
235
249
248
235
249
248
235
249
248
236
250
249
236
250
249
237
251
250
237
251
250
236
250
249
235
249
248
235
249
248
235
249
248
236
250
249
237
251
250
241
253
252
240
250
250
234
248
247
230
250
251
220
247
249
180
214
217
144
185
189
146
192
196
144
193
197
144
197
200
152
205
207
153
206
207
152
204
205
157
209
209
159
216
220
161
221
227
164
222
228
160
218
224
154
212
217
148
206
211
164
221
226
156
212
217
164
221
223
160
216
219
146
201
204
145
200
203
159
215
216
169
225
226
160
213
216
161
214
217
145
198
201
156
209
212
167
220
223
166
217
220
179
230
233
171
222
225
168
217
221
181
229
233
177
225
229
175
222
226
178
225
229
188
233
237
164
206
211
152
194
199
181
223
228
188
231
235
185
228
231
179
222
225
173
218
220
175
221
222
156
202
203
174
221
219
170
217
215
176
223
221
169
216
214
181
223
221
185
225
223
181
221
219
177
217
215
184
223
221
177
216
214
189
227
225
179
216
214
180
214
213
178
212
211
175
209
208
175
208
207
177
209
208
179
211
210
177
213
213
172
208
208
156
192
192
143
179
179
155
191
191
148
184
184
167
203
203
174
210
210
166
202
202
162
198
198
165
201
201
171
207
207
173
209
209
177
215
212
173
215
209
170
211
206
176
216
211
172
211
207
183
220
216
185
222
219
180
217
215
188
226
224
198
238
237
199
242
241
201
246
244
198
246
244
187
236
234
154
216
212
172
232
231
176
230
234
159
207
216
153
195
211
189
229
247
100
140
161
127
166
187
102
139
156
169
201
214
210
232
241
236
248
252
252
253
254
254
252
252
247
250
251
239
250
251
203
226
230
183
220
223
165
211
215
153
208
213
158
213
220
169
222
229
180
230
238
178
228
234
179
231
235
178
236
238
178
238
238
172
228
230
176
224
228
179
227
231
169
216
220
167
211
216
164
206
211
177
218
223
179
218
223
181
217
223
180
214
220
190
221
228
196
225
232
185
213
220
188
216
223
181
215
222
178
214
220
178
212
218
173
207
213
180
211
217
192
221
228
195
224
231
191
220
227
189
219
225
190
223
229
194
229
235
197
235
240
200
240
245
203
243
249
197
238
251
189
241
249
182
244
247
180
243
242
193
242
244
182
212
220
180
201
217
144
167
187
92
127
147
123
166
184
66
103
115
232
250
255
247
246
250
236
247
250
219
251
254
188
225
228
190
232
237
185
234
241
177
233
241
174
235
243
167
229
237
149
209
218
174
227
234
178
225
231
142
182
189
114
148
153
124
154
159
114
146
151
134
169
173
128
164
170
121
160
165
150
195
199
164
214
218
162
214
219
147
203
208
150
208
213
155
213
218
162
220
226
169
227
233
170
228
234
167
223
229
178
229
232
179
228
232
183
231
234
188
236
238
191
234
237
187
227
230
185
221
225
185
218
221
184
214
217
188
216
218
199
224
226
207
230
232
208
229
231
207
228
229
207
228
229
206
227
228
203
223
224
204
224
225
214
232
233
225
243
244
221
240
241
221
241
242
224
246
247
222
248
248
219
249
248
219
250
249
218
250
249
209
242
242
223
251
252
209
236
237
200
222
223
198
214
216
224
236
238
232
240
240
244
249
250
251
254
254
249
251
251
249
251
251
219
223
222
241
246
244
248
253
252
249
253
254
249
253
254
249
253
254
249
253
254
249
253
254
249
253
254
249
253
254
248
252
253
248
252
253
248
252
253
235
249
248
235
249
248
236
250
249
236
250
249
237
251
250
237
251
250
237
251
250
236
250
249
235
249
248
235
249
248
235
249
248
236
250
249
237
251
250
237
251
250
236
251
250
229
248
248
228
251
252
210
239
243
155
193
198
143
186
191
146
194
199
142
194
200
146
200
204
157
212
215
154
210
211
150
204
204
157
211
211
156
214
218
158
218
224
157
215
221
157
215
221
150
208
214
146
204
209
164
221
226
166
222
227
171
228
230
166
222
224
157
212
215
161
216
219
171
226
228
173
229
230
176
229
232
172
225
228
152
205
208
161
214
217
168
221
224
162
213
216
173
224
227
153
204
207
139
188
192
154
202
206
174
222
226
172
219
223
167
214
218
143
188
192
149
191
196
183
225
230
168
210
215
187
229
234
184
227
230
169
212
215
181
226
227
169
215
216
164
210
211
183
230
228
179
226
224
175
222
220
177
224
222
179
220
218
181
220
218
180
219
218
176
214
212
184
221
219
176
213
211
185
222
220
181
216
215
178
212
211
175
208
207
172
204
203
172
204
203
177
209
208
181
213
212
176
212
212
183
219
219
167
203
203
144
180
180
153
189
189
152
188
188
173
209
209
166
202
202
164
200
200
166
202
202
170
206
206
173
209
209
171
207
207
171
210
207
168
211
205
174
216
211
183
223
218
171
210
206
178
215
212
180
217
215
177
214
212
187
225
224
199
239
238
200
242
241
200
245
244
197
245
243
185
234
233
150
212
208
167
227
226
175
229
233
167
215
224
148
190
205
181
221
239
106
145
166
128
167
189
104
141
158
162
194
207
208
231
239
236
248
252
252
253
254
255
252
252
250
255
255
229
242
243
174
200
203
166
205
208
158
208
211
151
206
212
162
217
224
176
230
237
179
231
238
182
233
239
182
235
238
180
236
238
178
239
239
170
225
227
168
216
220
176
224
228
187
234
238
152
199
203
169
213
217
178
219
224
179
217
222
182
218
224
185
219
225
193
225
231
192
223
229
185
214
221
190
219
226
180
213
219
180
214
220
177
209
215
173
204
211
178
207
214
183
212
219
188
217
224
192
221
228
186
218
224
187
221
227
193
230
235
195
234
239
197
239
244
200
242
248
196
237
250
187
239
247
182
244
247
180
243
242
193
243
244
188
218
226
188
209
225
172
195
214
96
132
151
118
161
179
48
85
97
230
247
254
248
249
253
240
254
255
220
252
254
187
223
227
189
232
237
187
236
243
179
235
243
173
233
242
165
227
235
160
219
228
169
223
230
173
219
225
134
174
180
106
140
145
114
144
149
115
149
153
126
164
168
121
160
165
111
153
158
146
192
196
160
210
213
150
202
208
144
200
205
149
207
212
154
213
218
159
219
225
166
226
232
168
228
234
166
225
230
168
223
226
169
223
226
176
227
230
185
234
238
191
236
240
190
232
235
189
227
230
187
223
225
183
214
217
183
210
214
190
215
218
196
218
220
196
217
219
196
217
218
199
220
221
204
225
226
212
232
233
219
237
238
219
237
238
218
236
237
217
235
236
219
239
240
223
245
246
224
248
248
222
249
249
220
250
249
220
251
250
216
252
252
219
252
252
209
239
240
203
229
230
176
198
198
200
216
218
239
250
252
245
252
252
243
248
249
239
242
242
241
243
243
226
228
228
205
207
207
234
237
237
249
253
254
249
253
254
249
253
254
249
253
254
249
253
254
249
253
254
249
253
254
248
252
253
248
252
253
248
252
253
236
250
249
236
250
249
236
250
249
237
251
250
237
251
250
237
251
250
238
252
251
236
250
249
236
250
249
236
250
249
236
250
249
237
251
250
238
252
251
233
249
248
231
249
248
232
252
253
226
253
253
196
229
232
148
188
192
147
193
198
146
196
202
143
197
202
147
203
208
157
214
216
152
209
211
147
203
204
154
210
210
153
213
216
159
219
225
152
211
217
156
214
220
148
206
212
144
202
207
159
215
220
161
217
222
159
216
218
156
213
215
159
214
217
166
221
224
171
227
228
170
226
227
184
237
240
184
237
240
177
230
233
186
239
242
186
239
242
176
227
230
180
231
234
163
214
217
153
203
206
164
212
216
171
219
223
160
207
211
159
206
210
134
180
184
149
194
198
174
219
223
167
212
216
151
196
200
158
203
206
156
201
204
153
197
199
150
194
195
170
214
215
166
210
209
175
219
218
160
204
203
175
219
218
175
214
213
182
218
218
187
223
223
181
217
217
181
217
217
177
211
211
176
210
210
182
216
216
180
214
214
177
208
209
173
204
205
172
203
204
175
206
207
178
210
211
165
201
201
173
209
209
169
205
205
171
207
207
170
206
206
168
204
204
163
199
199
159
195
195
162
198
198
168
204
204
172
208
208
172
208
208
168
204
204
162
202
199
161
205
199
172
214
208
178
219
214
172
211
209
176
214
212
182
219
217
181
219
218
188
226
226
199
239
238
200
243
242
196
241
241
189
236
237
181
229
230
145
207
203
163
223
222
171
225
229
170
217
227
145
187
202
176
216
234
105
144
166
121
159
181
100
137
154
153
186
198
207
230
237
237
249
252
252
253
254
254
252
251
245
254
255
221
237
239
160
188
191
155
197
200
152
204
207
152
209
214
161
218
224
173
228
235
165
218
225
175
226
232
178
231
234
172
227
230
172
230
231
175
230
232
180
229
233
176
224
228
182
229
233
156
202
206
187
231
235
183
224
229
184
222
227
188
225
231
190
224
230
186
219
225
181
212
219
183
212
219
190
219
226
185
217
223
190
222
228
184
213
220
181
210
217
182
210
217
178
206
213
183
212
219
192
221
228
183
216
222
185
221
226
192
232
237
193
235
240
192
237
241
197
241
246
195
236
249
186
238
246
183
244
247
179
242
241
192
242
244
193
223
231
179
200
216
150
174
193
110
145
165
130
173
191
94
131
143
217
234
241
247
246
248
233
243
245
220
252
254
184
220
224
186
229
234
184
235
242
178
235
242
170
231
239
172
234
242
165
225
234
161
216
223
172
220
227
149
188
195
115
148
154
110
141
146
113
149
153
116
153
158
116
155
160
109
151
156
148
194
198
162
212
215
152
204
209
148
203
208
154
211
216
157
216
222
158
218
224
163
223
229
165
225
231
164
223
228
165
222
224
174
230
232
180
234
237
180
232
235
182
230
233
191
235
238
196
236
239
196
231
234
200
232
235
206
234
238
211
235
240
207
229
234
200
220
224
196
217
219
195
216
218
195
216
218
201
220
223
208
227
230
214
231
234
215
232
235
215
232
235
219
236
239
224
244
246
227
248
250
226
250
252
224
250
252
224
252
253
214
251
251
197
232
232
217
250
250
212
241
242
194
219
220
185
206
207
231
247
249
234
246
246
243
252
252
250
255
255
249
252
252
254
254
254
226
226
226
252
252
253
249
253
254
249
253
254
249
253
254
249
253
254
249
253
254
249
253
254
248
252
253
247
251
252
247
251
252
247
251
252
236
250
249
236
250
249
236
250
249
237
251
250
237
251
250
238
252
251
238
252
251
237
251
250
237
251
250
236
250
249
237
251
250
238
252
251
239
253
252
234
250
249
226
247
246
226
250
251
203
233
234
160
195
198
138
180
184
134
183
187
138
191
197
143
199
204
143
201
206
148
206
211
147
204
206
145
201
202
152
208
209
153
212
217
160
220
226
149
207
213
157
215
221
151
209
215
146
204
209
157
213
218
166
222
227
161
218
220
161
217
220
168
223
226
173
228
231
176
232
233
178
233
235
173
226
229
171
224
227
176
229
232
182
235
238
181
234
237
177
228
231
177
228
231
175
226
229
177
227
230
186
234
238
167
215
219
162
209
213
168
215
219
162
208
212
168
213
217
177
222
226
155
200
204
170
215
219
157
202
205
131
176
179
149
193
195
147
191
192
165
209
210
154
198
197
155
199
198
145
189
188
161
204
203
176
213
213
190
224
224
188
222
222
178
212
212
174
208
208
187
221
221
183
217
217
177
211
211
177
211
211
178
209
210
176
207
208
174
205
206
175
206
207
178
209
210
179
215
215
163
199
199
148
184
184
162
198
198
170
206
206
176
212
212
165
201
201
159
195
195
164
200
200
170
206
206
174
210
210
172
208
208
167
203
203
161
200
198
161
205
199
165
208
205
167
207
205
174
213
211
174
213
211
178
217
216
182
220
220
184
224
223
192
234
233
197
241
242
191
238
239
183
231
232
181
230
230
142
205
201
164
225
224
169
223
227
171
218
228
150
192
208
183
223
241
100
139
160
107
146
168
91
129
146
143
176
189
205
228
234
238
250
252
252
253
254
253
250
250
241
253
253
224
244
246
170
203
205
163
208
210
155
210
212
160
219
224
159
219
225
153
209
216
138
190
197
160
210
216
173
225
228
169
224
227
175
232
233
166
222
223
171
222
225
173
222
226
158
206
210
168
214
218
190
234
238
188
229
234
187
227
232
190
228
233
193
229
235
188
221
227
183
215
221
188
218
225
188
217
224
183
212
219
192
221
228
186
215
222
186
214
221
185
213
220
175
203
210
180
209
216
189
219
226
180
213
219
182
219
224
192
232
237
190
234
238
189
234
238
192
237
243
195
236
249
184
236
244
182
244
246
178
241
240
190
240
242
196
225
233
180
201
217
155
178
198
95
130
150
90
133
151
55
93
105
189
206
212
252
251
252
238
249
252
216
248
251
181
218
222
181
227
231
179
230
237
173
230
238
169
230
238
166
229
237
154
214
223
155
210
217
170
218
224
150
192
198
113
147
152
110
141
146
110
146
150
105
143
147
113
152
157
109
151
155
146
192
196
160
208
212
155
206
212
146
201
206
156
212
217
160
219
225
161
221
227
162
223
229
163
225
231
162
224
229
166
226
230
170
228
232
174
230
233
176
230
233
181
232
235
188
235
238
196
237
240
198
235
238
193
226
230
189
218
222
192
219
223
202
226
231
213
235
240
209
232
235
201
224
226
197
218
220
192
212
215
193
212
215
201
218
221
208
225
228
211
228
231
215
232
235
220
240
242
224
245
247
223
247
249
223
248
250
222
249
250
217
253
254
204
241
243
218
254
254
217
250
250
207
236
237
181
207
208
189
211
212
235
252
252
236
249
248
238
245
246
247
251
251
253
254
254
221
219
219
210
210
210
249
253
254
249
253
254
249
253
254
249
253
254
249
253
254
249
253
254
248
252
253
247
251
252
247
251
252
247
251
252
236
250
249
236
250
249
236
250
249
237
251
250
238
252
251
238
252
251
238
252
251
238
252
251
237
251
250
238
251
251
238
252
251
238
252
251
238
252
251
237
254
253
227
251
251
223
251
251
186
219
221
140
178
182
143
189
194
139
189
195
141
197
203
144
201
207
142
202
207
145
203
208
144
202
205
147
204
206
154
211
212
155
214
219
160
220
226
148
206
212
157
215
221
149
207
213
143
201
206
150
207
212
166
222
227
160
217
219
162
218
220
169
224
227
170
225
228
170
226
228
177
232
234
184
237
240
177
230
233
181
234
237
181
234
237
178
231
234
182
233
236
177
228
231
168
219
222
165
215
218
178
226
230
165
213
217
181
228
232
182
229
233
175
222
226
183
230
234
184
231
235
181
228
232
186
231
235
162
207
210
159
204
207
153
197
199
168
212
213
169
213
214
168
211
210
150
192
191
152
194
193
161
203
202
164
200
200
172
206
207
160
194
195
146
180
180
145
179
180
174
208
208
174
208
208
164
198
199
166
199
200
164
198
198
168
202
203
170
204
204
172
204
205
172
203
204
161
197
197
160
196
196
162
198
198
170
206
206
169
205
205
156
192
192
156
192
192
161
197
197
168
204
204
171
207
207
174
210
210
172
208
208
170
206
206
164
204
202
164
208
205
163
207
204
158
199
197
172
212
210
170
209
208
174
212
212
181
219
219
180
219
219
185
226
227
195
239
240
190
236
237
181
230
231
184
234
234
144
206
203
169
229
228
171
225
229
170
218
227
156
198
213
190
230
245
97
137
157
99
138
159
84
121
138
136
168
181
203
225
231
238
250
252
252
252
254
251
250
249
237
252
252
229
252
252
187
221
223
177
223
225
163
219
221
167
228
233
171
231
237
171
228
234
147
200
207
164
214
220
171
222
226
157
210
213
156
213
214
131
185
187
138
189
192
166
217
220
148
197
201
180
228
232
176
223
227
173
216
221
180
221
226
187
226
231
195
231
237
194
228
234
191
223
229
194
226
232
187
218
224
173
202
209
183
212
219
180
208
215
181
209
216
182
210
217
172
200
207
178
206
213
188
217
224
176
211
217
181
218
223
190
230
235
187
232
236
184
231
235
188
234
240
195
236
249
184
236
244
183
244
247
177
240
239
190
240
241
196
226
234
176
196
212
161
184
204
100
135
154
139
183
200
66
104
116
230
247
253
246
245
249
236
248
250
214
248
251
184
221
225
182
227
231
178
229
236
171
229
237
171
234
242
169
232
240
158
220
228
169
224
231
176
225
231
148
189
195
106
142
147
112
144
148
102
139
143
96
134
138
107
146
151
103
144
149
137
181
185
151
197
201
151
200
206
145
198
203
156
211
216
164
221
226
164
224
230
163
225
231
164
226
232
164
226
232
165
227
231
159
218
223
160
217
222
171
226
230
183
234
237
183
230
234
184
228
231
192
231
235
196
232
236
200
231
236
200
229
233
201
227
232
203
228
232
203
229
232
206
231
233
210
234
236
208
229
232
200
219
222
196
214
217
197
214
217
202
219
222
208
226
229
215
235
238
219
241
243
219
243
245
219
244
246
219
244
247
209
247
249
214
251
252
202
240
242
211
248
248
211
244
244
208
238
239
183
210
210
202
224
224
231
247
248
238
249
249
248
254
254
247
248
249
245
243
243
228
227
228
245
249
250
248
252
253
249
253
254
248
252
253
249
253
254
249
253
254
248
252
253
247
251
252
247
251
252
247
251
252
236
250
249
236
250
249
236
250
249
236
250
249
236
250
249
236
250
249
237
251
250
236
249
249
232
246
245
241
255
254
237
251
250
239
253
252
231
245
244
234
252
251
225
251
251
206
235
236
157
192
194
142
183
186
146
194
198
141
193
199
136
192
198
138
197
203
145
205
211
145
206
210
144
202
206
149
206
208
158
215
216
155
214
218
149
209
215
154
212
218
157
215
221
151
209
214
147
205
210
154
211
216
163
219
224
164
221
223
166
223
225
171
226
229
175
230
233
177
232
234
176
232
233
173
226
229
173
226
229
173
226
229
177
230
233
182
235
238
182
233
236
175
226
229
172
223
226
165
214
218
169
217
221
179
227
231
182
229
233
178
225
229
179
226
230
180
227
231
180
227
231
171
218
222
175
222
225
161
206
209
148
193
196
157
202
204
176
220
221
184
228
229
181
223
222
171
212
211
176
217
216
180
221
220
173
208
210
188
221
224
179
212
215
170
203
206
177
210
213
188
221
224
174
207
210
167
201
204
154
187
190
123
156
159
149
182
185
164
197
200
165
198
201
166
199
202
130
166
166
108
144
144
139
175
175
168
204
204
170
206
206
140
176
176
139
175
175
139
175
175
168
204
204
159
195
195
165
201
201
161
197
197
169
205
205
165
205
204
164
209
206
176
219
217
166
209
206
175
215
214
160
200
199
174
213
213
185
223
225
187
226
228
178
219
221
193
237
239
188
235
237
181
229
231
179
229
231
139
201
198
159
219
218
176
230
234
166
213
223
143
185
201
179
219
234
99
138
159
107
146
168
78
115
132
130
162
175
195
218
226
238
250
253
249
250
252
248
247
246
234
254
253
215
241
241
180
218
219
168
218
219
163
221
223
158
221
225
174
236
242
173
231
238
170
223
230
181
232
238
181
232
236
173
226
229
168
225
226
149
204
206
138
190
193
142
193
196
168
219
222
171
219
223
159
206
210
142
186
190
166
206
211
182
220
225
180
216
222
180
216
222
172
205
211
182
214
220
191
223
229
181
211
217
184
213
220
177
205
212
172
200
207
173
201
208
175
203
210
185
213
220
191
220
227
180
215
221
182
219
224
184
224
229
181
225
230
183
230
234
180
226
232
193
234
247
186
238
246
187
249
251
174
238
236
192
242
243
196
226
234
187
208
224
167
190
210
108
143
163
137
180
198
62
99
112
221
238
246
246
246
250
239
252
254
212
246
248
189
226
230
170
216
220
177
231
237
166
225
232
170
232
240
167
230
238
165
227
235
165
223
229
173
223
229
139
180
187
106
142
147
103
136
141
86
123
127
98
136
140
102
140
146
92
132
137
120
161
166
139
183
188
149
196
202
156
205
212
155
208
213
161
217
223
163
222
228
159
219
225
159
221
227
167
229
234
163
226
230
169
231
235
170
229
234
165
221
226
167
220
225
180
230
234
190
235
239
192
233
238
196
234
238
200
233
238
202
232
237
200
229
234
199
225
231
199
226
231
197
225
229
198
224
228
204
227
232
206
228
233
205
225
230
206
225
230
200
219
224
203
222
227
213
232
237
217
237
242
218
241
245
219
244
248
222
247
251
208
246
248
209
248
250
209
248
250
210
249
250
212
249
249
205
240
240
189
221
222
176
204
204
216
236
237
240
253
254
242
249
250
250
253
253
249
246
248
219
217
218
215
219
220
240
244
245
248
252
252
239
243
244
250
254
254
249
253
254
247
251
252
248
252
253
248
252
253
248
252
253
236
250
249
236
250
249
236
250
249
236
250
249
236
250
249
236
250
249
236
250
249
235
249
248
236
250
249
238
251
251
236
250
249
242
254
254
234
248
247
235
254
253
218
246
247
181
212
213
138
175
177
137
178
182
145
193
198
143
197
203
138
194
201
133
193
199
137
197
203
144
204
209
151
209
214
157
214
217
162
217
220
150
209
214
146
206
212
153
211
217
155
213
219
153
211
217
154
212
217
160
216
221
162
218
223
160
217
219
162
218
220
171
226
229
178
233
236
179
235
236
175
231
232
172
225
228
171
224
227
175
228
231
180
233
236
180
233
236
175
226
229
169
220
223
165
216
219
168
217
221
176
224
228
182
230
234
179
226
230
176
223
227
176
223
227
176
225
228
171
219
223
180
228
232
170
217
221
172
219
222
163
208
211
173
218
220
176
220
221
180
222
223
183
224
223
177
217
216
181
220
219
183
223
222
187
221
223
189
223
226
182
215
218
177
211
214
180
214
217
184
218
221
181
216
219
179
215
218
172
208
211
163
199
201
182
217
220
174
210
213
164
200
203
164
200
203
160
196
196
126
162
162
155
191
191
165
201
201
156
192
192
152
188
188
148
184
184
134
170
170
156
192
192
151
187
187
156
192
192
132
168
168
115
151
151
128
168
167
159
204
201
171
215
213
167
209
208
168
208
207
153
193
193
163
202
203
169
208
210
171
211
213
176
220
221
170
216
219
180
228
230
186
235
237
177
228
230
131
193
190
158
218
217
171
224
228
163
210
220
136
178
193
175
215
230
104
143
164
117
156
178
88
126
143
133
165
178
198
221
227
241
253
254
252
252
254
249
248
247
228
251
249
201
232
232
167
209
210
160
213
214
158
219
220
156
221
225
170
233
238
172
230
236
166
219
226
183
234
240
188
239
242
177
230
233
175
231
232
151
205
207
143
196
199
165
217
220
182
233
236
176
224
228
176
222
226
173
217
222
176
218
223
180
220
225
177
215
220
170
206
212
153
187
193
161
194
200
173
205
211
175
205
212
170
199
206
156
185
192
158
186
193
167
196
203
169
197
204
172
201
208
181
211
218
159
192
198
176
212
218
177
216
221
185
228
232
181
226
230
174
219
225
188
229
242
182
234
242
184
245
248
173
237
235
189
239
241
197
227
235
191
212
228
179
202
221
112
147
167
134
177
195
62
100
112
220
237
244
247
248
252
238
252
254
205
240
242
188
226
230
165
212
216
176
229
235
169
228
235
168
231
239
160
224
232
159
221
229
165
222
228
169
219
226
134
177
183
108
145
149
112
145
150
102
138
142
110
147
151
112
148
154
98
135
140
99
138
143
123
164
169
155
198
205
152
198
205
149
199
205
153
205
212
156
212
218
155
214
220
161
221
227
169
231
237
170
232
238
167
229
234
170
229
234
175
232
237
178
232
237
176
226
232
178
225
229
184
228
232
188
228
233
192
229
234
194
229
233
195
227
232
195
226
231
198
229
233
198
229
232
198
228
231
205
232
236
207
231
236
204
226
231
204
224
229
212
232
237
211
231
236
205
225
230
202
225
230
207
231
236
213
239
243
217
244
248
210
247
249
210
249
251
208
247
249
207
246
248
208
248
248
207
246
246
201
238
238
190
222
221
196
222
222
224
242
244
243
253
254
246
252
252
251
251
253
242
241
243
220
224
225
238
242
242
248
252
253
246
250
251
249
253
254
247
251
252
248
252
253
248
252
253
248
252
253
248
252
253
236
250
249
236
250
249
236
250
249
236
250
249
236
250
249
236
250
249
236
250
249
235
249
248
239
253
252
234
248
247
236
250
249
240
253
253
233
247
246
235
253
253
206
234
235
151
183
186
120
156
160
130
172
177
139
186
193
141
194
201
143
199
207
140
198
207
139
198
206
146
204
210
155
212
217
158
213
217
156
210
213
143
202
207
146
206
212
154
212
218
153
211
217
155
213
218
160
218
223
163
220
225
165
221
226
161
218
220
161
218
220
170
225
228
178
233
236
178
234
235
172
228
229
177
230
233
171
224
227
176
229
232
181
234
237
173
226
229
165
216
219
165
216
219
167
218
221
177
226
230
186
234
238
185
233
237
177
224
228
174
221
225
177
225
229
180
231
234
176
225
229
180
228
232
168
216
219
165
212
215
167
213
216
181
225
227
177
221
222
176
218
219
186
226
225
182
222
221
183
221
221
187
225
225
196
230
233
186
220
224
183
218
221
181
216
219
181
217
220
180
216
219
185
222
225
183
221
223
169
207
209
167
205
208
174
213
216
164
204
206
168
207
209
170
209
211
133
169
169
115
151
151
174
210
210
179
215
215
161
197
197
160
196
196
154
190
190
161
197
197
168
204
204
167
203
203
179
215
215
162
198
198
144
180
180
141
182
181
142
187
186
151
196
194
151
193
192
146
188
187
144
184
184
158
197
199
163
203
205
168
208
211
179
222
225
157
202
205
173
222
224
188
238
240
174
225
228
143
205
202
163
223
222
163
217
221
174
221
231
142
184
200
173
213
229
107
146
167
114
152
174
87
124
141
123
156
169
192
215
223
237
249
253
249
250
251
247
246
245
228
254
252
196
230
229
163
207
207
157
212
213
156
219
220
160
227
230
167
231
236
169
228
234
171
224
231
182
232
238
185
236
239
184
235
238
175
230
231
153
208
210
159
212
215
179
232
235
184
235
238
180
228
232
182
229
233
180
226
230
188
231
235
196
237
242
196
234
239
190
226
232
173
208
214
182
216
222
196
229
235
188
221
227
174
207
213
156
186
192
157
186
193
167
196
203
164
192
199
160
189
196
141
170
177
115
147
153
149
185
190
158
197
202
181
222
227
182
225
230
174
217
223
184
225
238
178
230
238
178
240
243
171
235
233
182
232
234
196
226
234
189
210
226
182
205
224
111
146
166
128
171
188
65
102
114
217
234
242
248
247
252
237
250
253
196
231
234
187
227
230
162
209
213
174
227
233
171
231
238
164
228
236
159
224
232
163
226
234
170
228
234
171
222
228
134
177
183
109
147
151
117
150
155
114
149
153
115
151
155
114
149
155
108
144
150
92
128
134
107
145
150
135
173
181
156
200
207
158
205
211
163
213
220
165
218
225
160
217
223
154
214
220
153
213
219
157
218
224
164
224
230
169
228
234
172
229
234
176
231
236
183
235
241
186
235
241
183
230
234
185
229
233
188
228
233
188
226
231
189
226
230
190
226
230
191
226
229
190
224
227
192
224
228
200
229
234
205
232
236
204
228
233
205
227
232
207
229
235
205
227
233
203
226
231
205
230
234
209
236
240
210
238
242
208
236
240
205
238
242
205
241
245
203
242
245
202
243
245
204
247
248
205
248
248
204
245
244
183
221
221
172
203
202
195
218
218
234
248
249
234
241
242
247
249
250
248
248
249
218
222
223
223
227
228
242
246
247
249
253
254
248
252
253
249
253
254
250
254
254
248
252
253
248
252
253
248
252
253
236
250
249
236
250
249
236
250
249
236
250
249
236
250
249
236
250
249
236
250
249
236
250
249
238
252
251
235
249
248
237
251
250
234
248
247
232
246
245
231
250
250
185
215
216
131
163
165
115
151
155
127
169
174
130
177
184
135
187
195
141
195
205
139
196
205
140
197
206
145
202
209
151
206
213
153
206
212
151
203
208
143
200
205
149
209
215
157
215
221
152
210
216
155
213
219
162
220
225
162
219
224
167
223
228
166
223
225
167
223
226
171
226
229
175
230
233
174
230
231
172
228
229
185
238
241
174
227
230
174
227
230
176
229
232
166
219
222
162
213
216
169
220
223
176
227
230
184
234
237
190
238
242
186
234
238
179
226
230
173
220
224
176
225
229
179
230
233
179
230
233
170
219
223
168
216
220
153
201
203
170
216
219
182
226
228
178
220
221
177
218
220
189
229
228
183
222
221
182
220
220
190
228
228
191
227
230
181
216
220
183
219
223
179
215
219
182
219
223
181
218
222
182
220
224
176
214
218
158
197
200
157
197
201
157
198
201
157
199
202
167
209
212
155
197
200
112
148
148
107
143
143
181
217
217
184
220
220
170
206
206
164
200
200
156
192
192
171
207
207
161
197
197
155
191
191
166
202
202
165
201
201
164
200
200
170
210
210
161
208
206
164
209
207
160
204
203
154
196
196
159
200
202
178
218
220
176
216
219
179
221
224
180
223
226
162
208
211
171
220
223
183
233
236
171
223
226
136
199
195
164
224
223
156
210
214
166
213
223
147
189
204
176
216
232
96
135
156
109
148
170
90
127
144
120
152
165
193
216
224
241
253
255
253
254
255
252
253
252
226
254
253
193
229
228
164
210
210
154
212
212
150
215
216
161
229
233
164
230
235
167
226
233
176
230
236
181
231
238
179
230
233
182
233
236
167
221
222
155
210
212
170
224
227
176
230
233
180
232
235
186
237
240
184
232
236
179
225
229
181
224
229
188
229
234
190
228
233
190
227
232
178
213
219
186
220
226
194
228
234
199
234
240
194
229
235
180
213
219
180
211
217
185
214
221
178
207
214
176
205
212
166
195
202
144
176
182
168
202
208
173
210
215
186
224
230
189
230
235
179
220
226
182
223
237
178
229
237
176
237
240
172
235
234
176
226
228
197
227
235
185
206
222
180
203
223
108
143
163
120
163
181
67
104
116
213
230
237
247
246
251
236
249
252
188
225
227
185
225
228
162
209
213
171
225
231
170
230
237
161
225
233
162
227
235
167
231
239
173
230
236
172
223
229
133
177
183
104
142
147
106
140
145
113
147
151
113
147
152
113
146
152
121
154
160
104
137
144
103
137
143
100
136
144
131
170
177
145
187
194
159
206
213
170
220
227
172
226
233
165
222
228
157
214
221
155
214
221
162
221
227
167
225
231
168
224
230
173
227
234
186
237
243
191
241
247
188
236
242
188
234
239
187
231
235
187
228
233
185
227
232
186
226
231
186
225
228
183
221
225
184
220
224
193
226
231
200
230
235
203
231
236
207
233
238
206
230
236
205
229
235
205
230
236
206
231
237
205
233
238
203
233
238
201
231
236
199
230
235
196
230
235
195
232
236
197
238
240
199
244
245
199
246
247
199
244
243
192
234
233
175
211
210
194
221
221
221
239
241
240
250
252
242
246
247
245
247
249
228
232
233
216
220
221
239
243
244
250
254
254
247
251
252
251
255
255
249
253
254
248
252
253
248
252
253
248
252
253
236
250
249
236
250
249
236
250
249
236
250
249
236
250
249
236
250
249
236
250
249
235
249
248
234
248
247
237
251
250
239
253
252
231
245
244
236
250
249
218
237
237
159
188
190
121
153
155
119
155
159
126
168
173
125
172
179
132
183
192
136
190
199
135
191
200
140
196
205
146
200
208
148
202
209
151
203
209
154
204
210
148
204
210
152
212
218
159
217
223
154
212
218
154
212
218
159
217
222
159
216
221
164
220
225
168
225
227
172
228
230
172
227
230
172
227
230
173
229
230
176
232
233
184
237
240
171
224
227
168
221
224
170
223
226
165
218
221
169
220
223
179
230
233
179
230
233
182
231
235
183
231
235
182
230
234
182
229
233
175
222
226
172
222
225
173
225
228
171
223
226
165
216
219
164
212
216
161
210
212
176
223
225
183
228
229
177
219
220
180
221
223
190
230
229
182
220
220
181
218
218
191
227
227
181
218
221
178
215
219
183
220
224
175
213
217
182
221
225
185
224
227
176
217
220
171
212
215
158
200
203
163
207
210
162
206
209
167
211
214
160
206
208
134
179
182
141
177
177
134
170
170
178
214
214
169
205
205
169
205
205
165
201
201
165
201
201
172
208
208
162
198
198
155
191
191
155
191
191
156
192
192
159
195
195
168
209
208
161
208
206
161
207
206
157
201
202
153
195
197
155
196
198
168
209
211
174
215
217
187
229
232
174
219
222
172
220
224
171
220
224
174
226
229
172
224
227
128
191
187
165
225
224
166
220
224
164
211
221
147
189
205
173
213
228
97
136
157
103
142
163
93
131
148
118
150
163
193
216
225
240
252
255
251
252
253
251
252
251
219
250
249
187
225
224
164
212
211
150
210
210
145
212
213
159
228
231
164
231
236
164
225
231
170
224
231
184
235
241
183
233
237
172
223
226
162
216
217
162
216
218
169
224
227
175
229
232
182
234
237
192
242
246
181
229
233
184
230
234
189
233
237
192
233
238
191
231
236
196
234
239
187
223
229
191
226
232
193
227
233
189
225
231
192
229
234
188
222
228
187
221
227
188
219
226
183
212
219
185
214
221
175
204
211
167
197
204
172
205
211
173
208
214
173
209
215
180
219
225
177
216
222
182
223
236
178
229
238
175
237
239
176
239
238
175
224
226
203
233
241
188
208
224
188
211
230
112
147
166
115
158
175
68
105
117
208
225
232
249
249
253
237
252
254
183
220
222
178
218
221
165
212
216
168
223
229
164
225
232
160
224
232
161
226
234
167
230
238
169
228
234
169
220
226
131
175
181
100
139
143
95
131
135
107
139
144
117
148
153
119
150
156
126
155
162
115
145
151
110
141
147
94
126
135
101
136
144
116
155
163
129
172
180
141
188
197
158
210
217
169
224
231
169
224
232
168
224
233
168
225
232
171
227
234
176
231
238
178
232
239
178
231
237
181
233
239
188
238
244
188
237
242
187
234
238
186
232
236
185
231
235
185
230
234
189
231
235
189
229
232
185
224
228
189
226
230
193
226
231
195
226
231
198
228
233
203
231
236
205
232
238
203
230
236
198
227
232
195
224
229
197
227
232
201
232
237
203
233
238
194
226
231
187
223
227
188
228
231
190
237
238
194
242
243
197
245
246
194
241
239
195
233
233
189
220
220
201
223
223
229
243
245
245
251
252
239
243
246
242
246
247
219
223
224
235
239
239
248
252
253
247
251
252
249
253
254
247
251
252
248
252
253
248
252
253
248
252
253
236
250
249
236
250
249
236
250
249
236
250
249
236
250
249
236
250
249
236
250
249
236
250
249
232
246
245
239
252
251
236
250
249
233
247
246
236
250
249
193
212
212
139
168
171
119
151
154
123
160
163
125
165
170
125
172
179
133
183
192
137
190
200
141
196
205
147
202
211
149
202
211
147
200
207
150
200
206
155
204
210
150
207
213
151
211
217
157
215
221
156
214
220
154
212
218
155
213
218
159
216
221
161
217
222
166
223
225
170
227
229
171
226
229
171
226
229
173
229
230
177
233
234
173
226
229
166
219
222
165
218
221
167
220
223
168
221
224
177
228
231
184
235
238
176
227
230
175
225
228
174
222
226
177
225
229
182
229
233
178
225
229
172
222
225
174
227
230
166
218
221
167
218
221
157
205
209
173
221
223
175
222
224
180
225
226
176
218
220
182
222
224
188
228
227
181
219
219
182
219
219
187
223
223
175
212
215
180
218
222
181
219
223
173
212
215
180
220
223
185
226
229
173
215
218
171
215
218
159
203
206
165
211
213
164
210
213
168
215
218
155
203
205
141
189
190
156
192
192
162
198
198
172
208
208
161
197
197
167
203
203
161
197
197
164
200
200
164
200
200
166
202
202
168
204
204
162
198
198
166
202
202
162
198
198
164
204
204
156
203
202
159
206
206
158
202
203
164
207
208
158
199
202
165
206
209
170
211
214
181
224
227
173
218
221
177
224
228
170
219
223
169
221
224
171
224
227
137
200
197
153
213
212
169
223
227
173
220
230
140
182
198
145
185
203
102
141
162
96
135
157
98
135
152
119
151
164
196
218
226
240
251
254
249
249
251
249
251
250
212
245
243
177
218
216
162
213
212
151
213
212
148
217
217
158
229
232
166
232
237
162
224
229
164
219
225
185
236
242
185
233
237
165
216
219
167
220
222
168
222
224
167
222
225
183
237
240
183
236
239
186
237
240
170
219
222
181
228
232
186
232
236
188
230
235
187
227
232
193
231
236
187
223
229
192
227
233
194
228
234
187
225
230
190
229
234
186
223
228
186
221
227
187
220
226
180
211
217
181
210
217
174
203
210
176
206
212
173
205
211
175
208
214
173
208
214
177
215
220
187
225
231
180
221
234
177
228
236
173
234
237
177
240
239
170
219
221
204
234
241
187
207
223
194
217
235
117
152
170
113
156
173
70
107
119
202
220
227
250
251
255
237
254
255
179
216
218
164
205
207
167
214
218
165
221
226
157
218
225
160
224
232
160
225
233
167
230
238
170
229
235
167
220
226
133
176
182
105
143
148
102
138
142
107
137
142
120
149
155
126
154
161
123
151
158
118
145
152
117
145
152
114
143
152
112
145
154
121
157
165
116
156
165
112
157
165
125
175
183
143
196
203
150
205
212
164
219
228
170
225
234
175
230
238
178
232
240
179
233
240
180
234
240
183
235
241
186
237
243
186
237
243
187
237
241
187
236
239
185
234
238
185
233
237
191
237
240
192
236
239
187
229
232
187
226
230
185
222
226
182
216
221
183
214
219
184
214
219
189
218
223
196
225
230
197
227
232
195
226
231
195
227
232
196
229
234
207
235
240
197
228
233
187
222
227
182
222
226
181
227
229
187
237
237
197
247
247
194
243
241
197
239
238
190
224
224
179
204
204
216
232
234
239
247
250
240
245
248
242
246
247
220
224
225
221
225
226
241
245
246
247
251
252
248
252
253
248
252
253
248
252
253
248
252
253
248
252
253
236
250
249
236
250
249
236
250
249
236
250
249
236
250
249
236
250
249
236
250
249
236
250
249
234
248
247
239
253
252
229
242
242
234
248
247
225
239
238
159
178
178
133
162
164
123
155
159
125
161
165
120
160
166
126
172
180
133
183
192
133
184
195
135
189
199
139
193
203
141
194
204
143
195
202
148
196
204
153
201
207
149
205
211
146
206
212
153
211
217
157
215
221
155
213
219
154
212
217
162
219
224
163
219
224
165
222
224
167
223
225
169
224
227
170
225
228
170
226
227
170
226
227
162
215
218
165
218
221
166
219
222
168
221
224
171
224
227
177
228
231
178
229
232
175
226
229
176
225
229
174
222
226
175
223
227
181
228
232
178
225
229
172
221
225
170
223
226
165
218
221
158
209
212
161
210
213
176
225
227
175
222
224
175
220
222
176
218
219
181
220
222
184
223
223
182
220
220
186
222
222
180
216
216
174
211
214
181
219
223
174
213
217
171
212
215
174
215
218
178
221
224
170
214
217
170
215
218
155
202
204
164
212
214
164
212
214
158
206
208
140
189
191
154
202
204
144
180
180
175
211
211
166
202
202
161
197
197
163
199
199
155
191
191
160
196
196
159
195
195
164
200
200
164
200
200
155
191
191
165
201
201
160
196
196
157
198
199
152
199
200
154
200
201
148
193
194
164
208
209
155
196
198
160
201
204
164
205
208
171
213
216
181
226
230
173
220
224
168
217
220
167
219
222
169
222
225
145
208
204
148
208
207
166
220
224
166
214
223
151
193
208
150
190
208
102
141
163
87
125
147
99
136
153
121
153
166
199
222
228
241
253
255
250
251
253
251
253
252
202
237
234
162
204
202
155
207
206
151
213
213
154
223
223
157
227
231
162
228
233
163
224
230
172
226
233
177
227
233
169
217
221
169
220
223
177
229
230
168
222
224
168
223
226
187
242
245
179
232
235
184
235
238
170
220
223
177
224
228
185
230
234
192
234
239
191
231
236
194
232
237
186
222
228
196
231
237
203
238
244
195
235
240
190
230
235
181
219
225
187
223
229
196
230
236
189
221
227
184
213
220
178
207
214
179
208
215
174
205
211
171
204
210
175
209
215
162
197
203
185
222
229
179
220
233
174
226
234
167
229
231
171
234
233
157
207
209
193
223
231
173
194
210
184
207
226
114
149
168
113
156
173
74
111
124
198
216
223
248
248
252
237
251
253
175
212
214
150
190
193
167
214
218
162
218
224
150
212
218
161
225
233
159
224
232
168
231
239
171
231
237
165
218
223
129
173
179
108
146
150
112
147
151
112
142
147
113
142
147
122
150
157
121
148
155
124
150
157
120
147
154
128
155
165
122
153
162
137
172
180
133
172
181
122
166
174
128
176
184
137
189
196
140
194
202
160
214
224
155
210
219
157
210
220
167
221
228
179
233
240
185
239
246
187
239
246
188
240
246
189
241
247
190
241
247
188
240
243
185
237
240
182
234
237
189
237
240
192
237
240
190
234
237
193
234
237
191
228
232
185
220
224
182
215
220
182
212
217
183
213
218
185
215
220
187
218
223
188
220
225
188
221
225
186
220
224
197
224
230
198
228
233
196
230
235
186
227
230
174
221
222
175
227
227
187
239
239
191
241
239
200
245
243
196
232
232
186
212
212
199
216
218
234
245
247
243
249
252
243
247
248
228
232
233
210
214
215
239
243
244
249
253
253
245
249
249
250
254
254
248
252
253
248
252
253
248
252
253
237
250
248
237
250
248
236
250
248
236
250
248
236
250
248
235
250
249
233
248
248
230
246
246
233
249
250
233
250
252
228
245
245
228
246
248
174
192
195
127
149
152
123
156
157
123
158
160
124
161
164
118
158
164
124
169
175
131
179
185
127
176
184
126
178
185
132
184
191
133
186
192
141
194
199
144
196
201
150
201
207
148
206
209
141
202
204
155
215
216
156
215
217
151
210
211
152
212
213
162
220
222
163
222
223
163
222
221
165
224
223
163
221
221
161
219
219
162
220
219
160
218
217
160
217
217
168
224
224
168
225
225
166
222
222
169
225
225
172
227
227
169
225
225
170
225
225
170
225
225
173
226
227
170
223
225
175
227
229
174
226
228
166
220
222
161
217
219
155
211
213
157
212
214
163
218
220
171
224
226
170
222
225
167
218
220
171
220
222
176
223
225
175
222
223
174
221
221
177
222
223
169
215
216
168
214
218
172
220
224
165
215
218
164
213
217
160
211
214
161
213
216
158
210
214
164
215
219
157
209
212
163
214
218
163
214
217
151
201
204
135
184
188
159
206
210
145
185
189
174
214
218
162
202
206
158
198
201
156
196
199
150
190
194
152
193
196
160
200
203
164
204
207
163
203
206
155
195
198
161
201
204
156
196
199
158
200
203
161
203
206
157
199
202
150
191
194
162
204
207
156
197
201
157
199
204
160
203
208
164
208
212
177
223
228
169
218
222
171
221
225
171
223
227
166
218
223
147
206
205
165
221
222
169
221
227
163
211
221
164
208
224
177
219
237
100
141
162
85
122
145
89
123
141
115
143
158
201
221
231
238
250
254
246
250
253
247
253
252
196
234
234
153
196
198
148
198
200
155
212
214
157
220
222
158
225
229
158
224
228
164
228
232
169
230
235
159
217
222
159
216
220
169
227
230
171
229
231
167
225
228
171
226
232
184
239
245
177
232
238
184
237
243
178
230
235
179
229
234
184
232
237
190
236
242
187
231
237
186
227
234
182
222
229
190
231
238
197
237
243
191
236
242
180
225
231
165
210
215
171
214
220
185
226
232
185
224
230
178
215
222
169
205
212
173
209
216
173
209
215
168
205
211
174
211
216
162
199
204
175
214
220
173
220
230
172
224
230
168
224
225
172
228
226
157
203
203
184
217
223
173
201
213
183
212
229
110
144
163
119
156
174
77
107
120
194
209
216
246
248
251
235
251
252
174
210
212
148
188
191
167
216
220
154
211
216
149
211
218
159
225
233
154
220
229
169
232
240
167
225
231
161
212
217
120
162
167
110
145
149
120
150
154
121
156
161
101
136
142
111
145
152
114
148
155
121
155
162
123
157
164
127
161
170
110
145
154
131
169
177
143
184
192
141
185
193
141
188
194
146
195
200
152
202
208
166
218
223
156
207
213
158
209
215
169
220
224
170
221
225
177
227
232
182
233
237
195
244
248
196
246
250
191
243
247
189
242
244
187
241
243
182
237
238
186
237
240
191
237
242
191
236
241
196
239
244
193
234
240
186
227
233
185
225
231
186
224
230
183
221
228
178
216
223
175
213
221
174
212
220
174
212
220
173
212
220
178
210
216
185
219
224
192
228
233
189
229
233
179
222
225
174
218
221
177
222
224
187
231
232
199
238
240
203
235
238
191
218
221
180
200
204
200
217
221
237
249
253
244
251
252
239
245
247
215
220
222
226
231
232
246
248
250
245
247
248
247
249
250
250
251
252
250
252
252
250
252
252
238
249
246
237
249
246
236
250
246
235
249
247
235
249
248
233
249
248
230
248
249
225
244
245
222
241
244
223
244
249
222
243
247
189
211
218
121
144
152
117
146
151
113
151
152
118
156
157
121
160
162
118
158
161
114
157
159
123
166
169
127
173
177
132
180
184
137
186
191
138
189
194
144
198
203
143
197
203
144
199
205
145
203
203
146
205
204
155
214
213
149
208
206
141
201
199
153
213
211
159
218
216
162
221
220
160
219
217
162
221
220
156
215
214
153
213
211
161
220
219
162
221
219
163
224
221
166
226
224
164
225
222
162
222
220
163
224
221
167
227
225
168
229
226
165
226
223
160
221
218
169
230
228
164
224
223
163
223
222
166
226
225
162
221
221
158
217
217
152
211
211
165
224
224
167
225
226
170
228
229
168
226
228
160
218
220
163
221
223
169
227
229
165
223
225
162
220
222
163
221
223
160
218
220
159
217
220
160
219
223
160
220
223
156
217
220
150
212
216
149
211
214
150
212
215
153
213
216
159
216
220
159
214
218
157
210
214
152
202
207
148
196
201
155
201
206
158
204
211
164
210
218
159
205
213
152
198
206
154
200
207
152
199
205
147
193
199
149
196
202
149
195
201
151
198
203
155
201
207
157
203
209
155
201
207
157
199
205
161
197
203
156
193
198
155
192
197
158
197
202
161
201
208
160
203
210
160
206
213
162
209
215
164
212
218
169
219
225
176
227
233
175
227
233
165
218
224
150
202
204
172
223
225
164
214
220
164
213
225
151
199
215
168
213
232
88
130
152
94
129
153
85
115
135
112
136
152
206
223
235
237
250
255
242
252
254
240
251
251
195
235
241
156
198
206
149
194
201
156
206
212
160
215
220
158
218
223
157
221
225
160
227
230
154
222
225
146
214
217
166
234
237
164
229
233
158
224
227
171
232
238
175
231
239
179
235
243
180
236
244
180
234
242
179
234
240
182
235
241
185
236
243
187
236
243
184
232
239
180
227
234
184
230
238
188
235
242
186
232
240
187
238
244
179
230
236
168
218
224
166
215
221
173
222
228
175
223
229
170
216
221
156
202
207
166
210
216
167
209
215
163
204
210
165
205
210
167
207
212
162
204
209
160
217
222
167
221
222
171
220
219
175
219
216
162
202
200
181
219
222
186
224
231
195
232
246
112
145
163
130
159
177
76
98
110
188
201
208
246
254
255
235
254
255
174
209
210
153
193
196
170
218
222
147
204
210
150
215
222
156
225
233
150
219
228
172
236
245
169
226
233
162
209
215
110
147
152
112
141
145
123
147
150
118
158
165
96
139
146
106
150
157
105
149
156
111
154
161
125
168
175
118
161
168
114
157
164
119
163
170
134
177
184
143
186
193
140
184
189
142
186
190
155
199
203
165
214
215
166
213
214
184
231
232
191
237
238
177
221
223
184
226
228
179
223
225
177
222
223
190
238
238
191
241
241
190
242
242
193
247
246
189
245
244
190
240
244
191
236
243
188
233
241
188
234
241
188
235
242
183
230
238
176
224
232
175
223
231
177
225
233
175
223
233
172
219
230
169
215
226
168
214
225
169
214
227
167
208
214
169
210
215
174
215
220
181
220
225
184
222
227
181
217
223
178
212
218
184
216
223
198
228
235
203
232
238
202
230
237
168
194
201
154
179
187
204
226
232
234
247
249
237
248
250
227
235
238
205
210
213
238
240
244
244
244
245
248
246
248
253
251
251
253
251
251
252
251
251
238
249
246
237
250
246
236
250
246
235
249
247
235
249
248
233
249
248
232
250
251
231
248
250
219
238
242
221
241
246
192
214
220
137
159
166
162
184
192
164
191
197
145
181
185
133
168
174
133
168
175
128
165
171
120
159
165
133
174
181
139
182
188
140
185
193
136
182
190
145
193
202
146
195
205
153
204
213
152
203
212
151
205
211
160
215
219
159
215
219
159
215
219
155
211
215
160
215
219
161
216
220
167
223
226
158
214
218
157
213
217
156
211
215
160
216
220
173
229
233
175
230
234
173
231
232
165
224
224
165
223
224
168
226
227
166
224
225
166
225
225
171
229
230
166
224
225
161
219
220
169
228
229
164
223
224
161
219
220
167
225
227
154
211
213
143
198
199
163
219
220
161
217
218
176
231
232
173
228
229
171
226
227
164
220
221
168
223
225
170
226
227
169
225
226
166
221
223
164
219
221
164
219
222
162
218
219
162
218
219
160
218
219
158
216
218
155
214
215
155
214
216
157
216
218
152
210
211
158
213
215
161
213
216
153
203
206
153
201
204
157
202
206
143
187
191
162
207
212
162
207
212
156
200
205
154
199
204
161
206
211
163
209
211
158
203
206
157
203
205
153
199
201
148
194
196
146
191
194
152
197
200
160
206
208
162
204
208
157
194
200
157
195
200
154
193
198
153
194
199
157
198
203
162
205
210
162
208
213
163
210
216
165
214
219
168
219
223
172
224
229
172
225
230
164
219
223
152
204
205
169
220
222
163
213
220
159
210
221
147
195
211
159
205
224
86
129
151
92
128
151
93
123
143
113
137
154
206
225
236
238
252
255
239
250
252
234
246
246
186
224
231
162
202
208
154
198
204
149
197
202
164
217
221
160
219
222
158
219
222
154
218
220
155
220
222
154
219
221
171
237
239
166
230
233
161
225
227
173
232
236
176
231
236
179
234
239
181
235
240
180
234
239
181
234
238
183
234
239
185
235
240
188
237
241
188
236
240
185
233
237
188
233
238
188
234
239
184
229
234
179
228
233
180
229
234
180
228
233
179
226
231
180
227
232
177
223
228
170
214
219
166
209
213
167
208
213
166
206
211
164
203
208
164
203
208
169
206
212
169
210
215
152
209
213
159
213
215
165
214
214
161
206
203
150
190
188
179
218
221
179
218
225
193
231
244
113
148
165
134
164
182
77
100
112
183
198
204
244
253
255
235
255
255
172
208
210
149
190
193
168
217
222
150
207
213
151
215
223
158
226
234
155
223
232
171
235
244
173
229
238
157
204
211
99
137
142
111
142
146
127
152
156
106
143
150
108
147
155
112
152
159
104
143
151
115
154
162
126
165
173
115
155
162
117
157
164
125
165
172
139
179
186
145
185
192
141
182
188
148
189
194
164
206
211
168
215
216
160
206
207
184
228
230
202
244
245
211
249
250
204
243
245
194
232
234
184
223
225
190
232
233
183
226
227
176
221
222
184
230
231
192
240
241
196
241
245
197
239
246
192
234
241
185
228
235
190
234
241
194
239
245
185
231
238
182
228
235
178
224
231
172
217
225
172
217
227
175
219
229
174
218
228
168
212
222
172
217
221
171
216
220
170
215
219
172
215
219
175
217
222
180
220
225
183
222
227
174
211
217
178
214
220
187
222
227
207
240
246
189
221
228
157
189
196
180
208
213
227
241
243
235
248
249
234
245
247
211
219
222
221
224
228
240
242
243
250
249
251
252
250
252
252
251
251
251
251
251
237
250
246
236
250
246
236
250
246
235
249
247
235
249
248
233
249
248
231
249
250
207
225
227
148
167
171
147
166
171
143
163
170
103
125
131
157
179
186
158
183
191
150
180
189
150
180
190
165
195
207
171
203
214
164
198
209
176
212
224
180
217
228
175
213
227
157
198
211
152
195
208
142
186
201
150
195
210
152
198
212
156
206
218
156
207
218
156
208
218
161
212
223
169
221
231
163
214
225
173
224
235
163
215
225
156
208
218
164
215
226
168
220
231
172
223
234
178
230
240
176
227
238
174
230
235
169
225
229
171
227
232
175
231
235
171
227
232
170
226
231
171
227
232
163
219
224
168
224
230
165
221
227
160
216
222
168
224
230
161
217
224
125
179
184
121
172
173
166
218
219
176
227
229
178
229
230
176
228
229
170
221
223
175
226
228
177
228
230
175
226
228
177
228
230
172
223
225
167
218
221
170
220
224
170
221
223
168
220
221
164
217
218
160
214
214
157
211
212
156
212
212
158
213
214
163
217
218
160
212
213
158
207
208
146
193
194
152
196
198
165
207
209
145
186
189
158
200
201
160
202
203
159
201
202
161
204
204
169
212
211
168
212
211
164
207
206
165
208
207
158
201
200
153
196
195
152
196
195
156
199
198
158
201
200
156
198
199
156
195
200
160
199
204
158
199
204
153
195
200
150
194
198
151
197
201
155
202
206
159
208
211
161
212
215
162
214
217
165
218
221
166
220
223
162
217
220
154
207
207
161
212
214
164
215
222
155
205
217
145
194
210
153
199
219
90
133
155
94
131
154
100
132
152
116
141
157
211
231
240
236
252
254
234
247
248
232
245
244
166
204
208
160
200
204
154
197
200
154
200
203
163
213
216
176
231
233
156
214
216
152
212
213
158
220
221
161
224
224
175
237
237
168
230
230
165
227
228
176
233
235
178
232
234
180
234
235
182
234
236
182
234
235
183
234
235
184
234
236
184
233
235
184
232
234
186
233
235
187
234
235
190
235
237
189
233
235
184
229
231
177
223
227
180
226
230
181
227
231
180
225
229
181
225
229
178
221
226
172
214
219
177
218
223
169
208
213
165
203
209
165
202
207
160
197
203
163
199
205
170
209
215
148
205
210
155
210
212
163
213
213
152
198
195
140
182
179
182
222
225
175
215
222
189
229
240
115
151
167
139
172
189
76
102
115
176
192
199
242
253
255
231
254
255
172
209
212
148
190
194
162
211
217
152
209
216
156
219
228
160
227
236
165
233
242
166
229
239
164
220
229
148
196
204
90
130
136
109
141
146
123
151
155
108
140
148
121
155
164
115
149
157
105
138
147
123
157
166
134
169
177
128
163
172
118
153
161
128
163
172
144
179
187
150
186
194
145
183
189
150
188
194
164
204
208
166
210
212
165
207
209
189
230
231
202
240
242
216
250
252
213
247
250
217
249
251
221
253
255
215
248
249
203
236
237
194
228
229
188
224
227
176
215
217
177
215
219
188
226
233
197
234
241
197
236
242
196
236
242
195
235
241
190
230
236
183
225
231
178
220
226
175
216
223
178
218
227
181
222
230
177
218
227
170
210
219
170
218
221
172
220
223
172
219
222
171
218
221
171
218
221
175
220
224
179
224
228
175
219
223
172
215
220
161
204
208
177
219
224
192
234
239
180
222
227
178
214
219
209
227
229
231
248
250
235
250
251
227
239
241
198
205
208
244
248
250
244
246
247
250
251
252
251
251
251
251
251
251
236
250
246
236
250
246
236
250
246
235
249
247
235
249
247
233
249
248
232
248
250
206
224
226
141
160
163
119
138
143
116
136
141
101
121
128
111
133
139
116
139
148
128
154
167
147
173
187
168
194
209
170
197
212
153
182
197
147
177
193
139
171
186
134
167
184
129
164
181
124
161
178
130
168
187
147
186
204
167
206
225
166
210
228
171
216
234
159
205
222
172
218
233
164
210
228
140
186
204
134
180
198
149
194
212
146
192
210
156
202
220
161
206
224
162
208
226
172
218
236
176
221
239
161
213
223
173
225
235
180
232
242
179
231
241
178
230
241
176
228
239
170
222
233
168
220
231
176
227
239
166
218
230
165
217
229
174
226
238
148
200
212
118
168
176
141
188
191
175
222
225
187
234
237
178
225
228
181
228
231
178
225
228
186
233
236
179
226
229
175
222
225
180
227
230
177
224
227
173
220
224
178
224
228
176
223
225
172
220
221
167
216
217
164
214
215
163
214
214
163
215
215
163
216
216
166
217
217
163
213
213
157
205
206
158
202
203
163
203
205
158
198
200
150
189
191
145
187
184
154
195
192
160
202
198
165
207
203
170
212
208
171
213
209
167
208
204
162
204
199
165
206
202
165
207
203
162
204
200
157
199
195
155
196
192
151
192
192
147
189
193
151
193
197
153
195
199
151
195
199
148
193
196
145
192
195
148
196
199
153
203
206
156
208
210
157
210
212
158
213
215
160
216
218
158
214
216
157
210
210
151
203
205
164
216
223
148
199
211
143
193
209
149
196
216
92
135
158
93
133
156
98
131
150
114
142
158
214
237
245
230
247
251
230
243
245
232
246
246
151
188
192
152
190
194
151
192
195
158
203
206
162
210
212
173
226
227
150
205
206
158
215
216
163
222
222
167
226
227
173
232
232
168
227
227
170
228
229
179
234
235
180
233
233
181
233
233
182
233
233
183
234
234
185
235
234
185
235
234
184
233
232
183
231
231
184
231
230
186
233
232
189
234
234
189
233
233
187
231
231
182
227
230
181
225
229
179
222
227
179
222
227
182
224
229
182
223
228
176
216
221
175
214
219
162
200
205
161
198
203
164
200
206
159
195
201
162
198
204
171
211
217
147
205
211
153
208
211
163
214
213
152
198
196
136
179
176
185
226
228
174
215
223
186
226
238
114
152
168
143
177
194
77
103
117
169
186
194
239
252
255
228
252
254
176
213
218
151
193
199
153
203
209
153
209
216
163
226
234
161
227
236
156
223
232
147
210
220
162
218
227
154
204
211
92
133
140
96
130
136
100
129
135
103
132
141
119
147
157
115
144
154
118
148
157
136
166
175
136
166
175
132
163
172
129
161
170
126
158
167
137
169
177
152
186
193
156
191
197
153
188
194
155
191
197
157
200
202
169
209
212
190
229
232
202
236
240
211
242
246
225
252
254
227
253
255
227
252
255
224
247
251
223
246
250
226
251
254
219
245
247
198
225
229
181
212
217
171
204
210
168
202
207
184
218
223
194
228
233
192
227
232
193
227
232
183
219
224
188
225
229
196
233
238
190
227
233
178
215
222
174
211
218
178
215
222
163
212
215
166
216
218
168
218
220
167
217
219
164
214
216
164
213
216
166
215
218
166
217
220
169
220
223
153
204
207
152
203
206
171
221
225
176
227
230
174
218
221
184
207
209
214
235
236
230
248
249
228
243
245
206
216
219
223
230
232
244
248
249
248
251
252
250
251
252
250
251
251
236
250
246
236
250
246
236
250
246
235
249
247
235
249
247
233
249
248
233
249
249
226
244
245
206
224
227
196
215
218
187
207
211
180
200
205
160
181
186
182
202
209
180
202
217
178
201
216
165
187
203
139
163
179
116
140
156
104
130
147
92
119
136
91
119
136
102
131
151
101
132
151
117
149
169
129
161
181
149
182
203
144
181
204
130
170
193
103
143
166
132
172
193
118
158
181
100
140
163
112
152
174
145
185
208
155
195
218
176
216
236
182
222
238
172
212
234
168
208
231
163
203
226
114
162
177
146
194
209
161
209
224
161
209
224
166
214
229
166
213
229
159
207
222
174
221
237
170
217
233
169
216
232
178
225
241
168
215
232
143
190
207
146
193
205
174
218
224
182
226
232
180
224
230
186
230
236
178
223
228
180
224
230
187
231
237
183
227
234
179
223
230
181
225
232
180
224
231
178
222
229
180
224
231
181
225
229
178
223
225
173
219
222
171
219
220
170
219
220
170
220
221
170
220
221
167
216
217
166
215
216
153
200
202
168
211
214
168
209
212
147
185
189
161
200
202
149
192
186
156
199
194
161
204
198
161
204
199
162
205
200
165
208
203
165
208
203
159
202
196
160
203
197
163
206
200
165
208
202
162
205
199
156
199
193
154
197
196
155
199
202
153
197
200
152
196
199
151
197
200
151
199
201
150
199
201
149
199
201
152
202
204
154
208
209
155
209
210
157
213
214
158
214
215
154
210
211
158
211
212
143
196
198
158
211
217
141
193
204
138
189
204
143
191
211
88
133
156
96
137
160
94
129
148
114
144
160
217
241
251
227
246
250
232
247
249
229
245
244
143
181
186
137
175
179
148
189
193
157
201
205
172
219
222
157
209
211
156
210
212
167
222
225
168
224
226
170
227
229
170
227
228
167
224
226
172
229
231
180
235
236
182
234
234
181
233
233
181
233
233
184
235
235
186
236
235
186
235
235
186
235
234
183
231
231
180
227
227
181
229
228
182
229
229
182
228
228
183
229
229
180
225
228
179
222
227
177
221
225
179
223
227
184
226
231
181
222
227
170
211
216
171
210
217
158
196
203
156
194
201
160
197
205
157
193
200
158
194
202
166
206
213
145
203
209
147
202
205
158
209
208
158
204
201
134
177
175
180
221
224
171
213
222
184
226
237
111
152
167
145
179
197
76
104
118
162
181
188
236
251
254
225
250
253
179
217
223
151
194
201
147
195
203
153
207
216
167
226
235
160
223
232
135
198
208
130
191
201
165
220
229
157
205
214
95
137
145
98
133
141
105
137
144
105
132
142
106
133
143
108
135
145
122
150
159
134
162
171
128
156
166
127
156
165
121
151
160
120
152
159
131
162
169
140
173
179
144
178
184
153
187
193
164
200
205
156
199
202
168
210
213
184
222
226
199
233
238
206
236
240
223
248
252
223
245
249
230
250
255
230
249
253
230
247
251
231
249
255
231
249
254
227
246
252
213
238
243
186
216
221
175
206
211
200
231
235
205
235
238
185
214
218
175
204
209
186
216
220
195
227
231
201
232
236
196
228
232
186
219
223
180
213
217
178
212
216
164
212
214
165
214
216
165
214
216
163
212
214
160
210
212
159
210
212
158
211
212
152
207
208
157
213
214
162
217
219
158
213
215
153
208
210
161
217
219
176
227
228
177
205
206
190
215
216
223
244
245
224
242
243
223
237
239
200
210
213
244
250
252
247
251
252
248
251
252
249
251
252
236
250
246
236
250
246
236
249
247
235
249
247
235
249
247
233
249
248
231
247
247
226
242
243
230
248
249
229
248
250
229
248
251
231
250
252
208
228
231
218
237
244
221
239
251
215
233
246
208
227
237
197
218
226
184
204
218
177
199
213
173
196
210
175
199
214
172
197
214
154
180
197
141
168
185
123
150
169
115
143
161
106
138
160
76
110
133
64
98
121
96
130
154
98
132
155
102
136
159
132
166
189
135
169
192
124
158
182
127
161
183
123
157
176
113
147
170
115
149
173
118
153
176
69
113
131
108
151
169
135
178
197
148
191
209
160
203
221
162
205
224
158
201
220
166
209
227
150
194
212
152
195
214
157
200
219
130
173
193
129
171
192
161
204
221
173
215
226
176
219
229
172
215
225
184
227
237
180
222
233
189
232
242
187
230
241
185
227
239
181
224
235
180
222
233
180
222
234
180
222
234
177
220
231
184
226
235
182
226
233
178
222
229
175
222
228
174
221
227
171
219
225
168
217
223
173
222
228
161
209
215
149
195
201
161
205
212
158
200
207
148
187
194
170
209
215
164
208
206
166
210
208
166
210
208
163
207
204
158
202
199
156
200
197
155
199
197
154
198
196
157
201
198
159
204
200
159
203
199
157
201
197
155
199
195
158
203
202
163
208
211
159
206
208
154
201
203
148
196
198
145
194
196
145
195
197
149
200
202
154
205
207
153
207
208
155
209
210
156
212
213
154
210
211
145
201
202
153
206
206
139
191
193
145
197
204
139
191
202
136
187
202
144
192
212
90
135
157
106
148
170
99
135
154
119
150
165
218
243
253
228
249
253
235
253
254
205
224
223
135
174
181
115
156
163
134
176
183
147
192
199
165
211
218
151
201
207
167
220
226
173
227
233
170
225
230
171
227
232
168
224
229
166
224
229
172
230
234
179
234
238
182
235
237
179
232
234
180
232
234
182
235
237
184
236
238
184
236
237
185
235
237
180
230
232
175
225
228
177
227
229
176
226
228
176
224
227
178
225
228
173
219
224
174
220
226
175
221
227
176
221
227
177
222
228
172
217
223
163
207
213
176
218
225
162
204
211
153
195
203
151
193
200
147
188
195
146
187
195
151
195
202
140
199
205
138
193
196
149
199
200
165
210
209
132
175
174
169
211
215
167
210
219
182
225
236
108
149
164
143
179
197
75
104
118
155
176
185
233
249
253
224
250
253
178
216
222
146
188
195
146
193
201
155
207
215
161
218
227
157
216
226
143
203
212
153
212
221
172
225
235
136
183
192
89
131
139
105
142
150
113
146
154
120
148
156
108
136
144
107
135
143
116
144
152
121
149
157
122
152
159
124
155
162
112
144
151
106
139
145
114
148
154
130
165
171
139
175
181
147
182
188
152
191
195
143
190
192
155
200
202
171
212
216
188
225
229
205
236
241
218
245
251
218
240
246
229
248
254
233
252
255
235
251
255
231
247
254
230
246
253
233
249
255
223
245
249
199
227
231
194
221
226
223
249
252
226
251
251
209
234
236
204
228
230
212
237
240
199
224
227
178
203
206
180
206
209
195
223
225
203
232
234
201
230
232
178
220
222
174
218
220
171
217
218
169
215
217
167
214
217
165
213
215
162
213
214
157
210
212
153
207
208
160
215
216
155
212
213
141
198
199
144
201
202
161
213
213
183
215
215
175
204
206
202
227
229
227
248
249
226
242
245
205
217
220
229
238
240
246
251
253
247
251
252
248
251
252
236
250
246
236
249
247
236
249
247
235
249
247
235
249
247
234
249
248
232
248
247
232
248
248
233
250
251
231
249
250
233
251
253
228
245
247
229
247
248
221
239
244
221
238
245
211
227
235
222
238
245
233
251
254
228
246
254
228
246
254
226
246
254
226
246
255
215
236
248
213
234
244
199
222
234
188
211
224
172
195
208
155
183
202
164
194
209
151
181
202
143
173
194
136
167
187
153
184
204
130
160
181
115
146
166
93
124
144
87
118
138
83
113
134
78
109
129
85
116
136
92
123
143
73
110
129
97
135
154
120
158
177
130
167
187
128
165
185
118
155
175
111
148
167
113
150
170
108
145
164
106
143
163
107
144
164
95
132
153
130
167
187
175
215
233
175
217
233
171
213
229
160
203
218
128
171
186
142
185
201
162
205
221
166
209
225
168
211
226
169
211
227
168
210
226
175
217
233
180
223
239
176
219
235
177
219
233
177
219
232
174
217
230
173
219
231
174
221
233
172
220
232
168
217
229
169
218
231
144
192
204
156
202
215
160
205
217
149
191
204
155
196
209
156
197
209
165
211
212
166
213
214
171
218
219
172
219
220
166
213
214
155
201
202
149
196
197
152
198
200
154
201
202
156
202
203
154
201
201
149
196
197
145
192
192
149
195
197
161
207
211
169
216
219
169
216
219
158
206
208
149
198
200
147
197
199
152
203
205
155
206
208
152
206
207
152
207
208
154
209
210
148
204
205
135
191
192
145
197
197
137
188
190
132
183
190
142
192
204
140
190
206
153
201
221
100
144
167
115
156
179
106
142
161
120
152
167
209
236
246
223
245
249
228
248
249
168
189
188
148
190
202
121
164
176
133
177
188
155
200
212
149
196
207
171
221
232
180
231
242
175
228
238
169
224
233
171
227
237
167
223
232
167
224
233
172
229
238
177
232
241
181
234
242
178
231
239
178
231
239
181
234
242
182
235
243
182
234
242
183
235
243
178
231
239
176
228
236
180
232
240
180
233
239
178
230
236
180
232
238
173
222
229
176
224
231
175
223
231
171
219
226
169
217
224
169
217
224
166
214
221
174
221
229
160
207
215
147
194
202
141
188
196
139
187
194
141
188
196
143
193
200
139
196
202
131
185
189
142
192
193
171
216
216
132
174
174
160
203
207
164
208
218
182
225
236
106
148
163
141
178
196
73
103
118
151
174
183
231
248
252
225
250
253
176
212
218
139
178
186
149
193
202
159
207
215
154
206
214
156
210
219
154
209
219
174
228
236
168
218
227
113
158
167
94
133
142
118
154
163
104
138
147
126
156
163
121
150
156
125
156
162
126
157
163
120
152
158
123
156
162
116
151
157
109
145
151
115
152
157
127
165
170
132
171
176
125
165
170
125
165
171
135
178
182
143
195
196
159
208
210
173
220
222
172
214
217
192
227
232
201
232
237
211
237
242
224
248
253
223
244
249
225
244
250
228
246
253
228
247
254
228
246
252
224
247
251
201
228
232
183
209
213
206
229
233
229
250
251
232
253
254
232
252
252
230
249
251
223
243
244
215
235
236
211
233
234
206
228
229
193
216
217
179
203
204
182
216
219
182
218
221
183
220
222
183
222
224
180
221
223
173
214
216
165
208
210
164
210
212
161
210
212
160
211
213
159
211
213
165
220
221
160
215
216
148
198
199
176
210
211
172
204
205
168
196
197
220
243
244
231
249
251
211
225
227
210
221
223
245
251
254
246
251
252
247
251
252
236
249
247
235
249
247
235
249
247
235
249
247
235
249
247
235
249
248
233
249
248
234
250
249
232
249
248
233
249
250
233
251
252
230
248
250
234
251
252
232
249
251
232
248
249
225
241
242
224
240
241
224
240
241
219
237
239
218
236
238
219
236
240
218
237
241
213
233
238
216
235
241
217
237
243
221
241
248
222
242
248
204
229
242
211
238
251
211
238
249
174
201
216
156
183
196
208
235
246
195
222
233
191
218
228
181
208
223
181
208
222
182
209
221
179
206
220
167
194
210
140
168
183
103
137
154
106
140
157
105
139
157
98
131
150
89
122
141
88
120
140
93
126
145
106
139
159
114
146
166
103
136
155
91
124
144
86
118
138
125
157
177
140
177
196
127
170
188
109
152
171
100
143
161
69
112
130
99
142
160
105
148
167
131
174
194
152
195
215
159
202
222
163
206
226
166
209
229
164
207
227
155
198
218
152
194
212
155
197
215
157
200
218
174
218
235
168
215
231
154
203
220
162
212
229
146
196
213
152
201
218
162
210
226
173
219
233
158
201
216
142
184
202
170
212
229
160
209
215
160
209
215
161
209
216
171
220
226
161
210
216
163
212
218
162
210
217
151
200
206
152
201
207
159
208
214
148
197
203
140
189
196
143
191
198
146
194
199
154
201
205
159
206
210
164
211
214
152
200
203
152
200
204
154
202
206
155
206
209
151
202
204
149
200
203
145
197
199
150
204
205
152
206
207
136
190
191
146
197
198
142
192
194
128
177
184
139
188
199
128
177
193
161
209
229
101
146
168
112
153
175
117
153
172
116
148
163
215
243
251
215
238
240
196
217
218
144
166
166
173
217
233
140
184
200
131
175
191
131
176
192
146
193
209
134
183
198
169
219
234
165
217
231
166
218
233
172
225
239
159
214
228
173
228
242
171
228
242
174
229
242
180
233
245
179
232
245
179
232
244
180
233
245
181
234
246
183
236
248
180
233
246
182
235
248
173
227
240
174
229
241
185
240
251
177
232
243
172
227
238
170
223
231
173
225
233
173
226
233
169
222
229
164
217
224
162
214
221
161
213
222
171
223
232
168
220
229
160
212
221
149
201
211
140
192
201
136
187
197
135
188
197
132
188
195
137
190
195
142
191
192
161
204
204
133
174
175
163
205
209
165
207
218
181
224
239
104
145
165
130
167
186
68
98
115
151
174
184
230
248
252
221
246
251
153
186
195
132
168
177
144
183
191
147
191
198
159
205
212
156
205
212
163
212
219
178
226
233
174
219
227
110
152
159
103
141
149
116
150
159
114
147
156
125
158
165
132
165
171
129
163
169
122
156
162
124
159
165
126
163
168
115
153
159
112
151
157
125
167
171
123
166
171
111
155
160
115
161
165
141
186
191
159
207
211
159
215
216
167
222
223
174
226
227
173
220
222
180
221
224
185
220
224
196
228
232
212
241
246
216
243
249
219
244
250
218
242
249
219
243
249
221
245
251
223
249
254
212
239
243
192
219
223
190
212
217
232
253
254
232
251
253
234
251
252
237
251
253
238
253
253
239
254
253
235
251
251
227
245
245
220
239
238
216
236
235
216
240
243
193
218
223
174
200
204
174
203
206
184
215
218
186
219
221
178
213
216
177
215
217
174
214
216
174
216
218
168
213
215
171
217
218
169
217
218
160
205
206
171
206
208
180
212
214
163
192
194
188
212
213
234
253
254
226
240
242
209
220
223
230
237
240
244
249
252
246
250
251
235
249
247
235
249
247
235
249
247
235
249
247
235
249
247
235
249
247
235
249
248
234
249
248
233
249
248
234
249
249
234
250
249
234
251
250
235
251
250
234
250
248
233
249
244
233
249
243
232
248
242
231
247
242
231
247
244
231
248
245
230
247
245
229
247
245
228
245
244
228
245
245
229
246
247
232
249
250
233
252
252
223
245
251
222
247
254
210
234
241
144
169
177
142
166
173
218
243
249
226
251
254
226
251
255
226
250
255
227
250
255
218
242
249
214
239
246
217
241
249
205
230
238
193
221
233
193
221
232
189
217
230
181
209
225
176
203
220
180
207
224
185
212
227
175
202
219
156
184
200
119
147
163
91
118
135
73
100
117
88
115
132
94
127
146
101
142
163
89
130
152
85
127
148
74
116
137
105
146
167
108
150
171
133
174
196
145
187
209
135
176
198
119
161
182
110
152
173
103
144
166
95
136
158
94
134
157
106
145
168
128
169
191
156
199
221
168
214
235
172
220
241
158
207
228
102
151
172
133
182
203
147
194
215
150
196
216
152
195
216
143
185
207
147
189
211
162
211
224
164
213
226
169
218
230
178
227
240
168
217
229
161
210
222
166
215
228
163
212
225
160
209
222
156
205
217
147
196
209
151
200
212
148
197
209
140
188
198
147
193
200
155
201
207
153
199
205
150
196
202
146
192
199
145
192
198
144
192
198
146
195
200
156
204
210
145
194
197
135
187
189
138
190
192
131
182
185
137
185
186
129
178
180
130
176
184
113
160
172
129
176
192
178
223
241
107
150
172
103
144
167
114
150
169
123
154
166
211
238
243
160
184
188
123
143
144
108
130
129
90
134
151
85
129
146
82
126
143
88
132
149
121
166
183
114
160
177
159
206
223
164
212
228
158
208
224
150
201
217
124
177
193
140
193
209
142
198
213
149
203
219
158
208
225
159
210
227
163
215
231
171
223
239
180
232
249
188
240
254
183
235
250
170
224
240
167
221
237
170
224
240
175
230
246
181
235
251
170
224
240
177
231
241
179
232
241
173
227
236
165
220
228
158
213
221
154
208
217
153
207
216
149
203
213
153
208
217
155
211
220
151
207
216
142
198
208
135
190
201
131
186
197
133
186
195
141
192
197
148
194
196
150
192
191
142
181
183
158
197
203
160
201
212
177
219
234
109
149
169
140
176
196
75
105
122
146
169
179
234
252
254
212
234
241
132
161
170
117
148
157
137
170
177
140
177
183
150
189
195
149
189
194
165
206
211
178
218
223
170
210
215
107
144
150
104
138
146
113
146
155
121
152
161
106
141
146
125
160
165
129
165
169
116
152
157
111
148
153
116
155
159
119
161
165
128
172
175
113
158
161
121
169
171
149
197
200
164
213
216
164
214
217
161
214
216
155
215
215
161
219
219
168
223
224
173
225
226
177
224
226
181
222
225
184
223
226
190
226
231
200
234
238
208
241
245
212
245
249
214
247
252
216
249
254
213
245
250
206
236
241
203
232
236
187
212
216
211
233
235
232
249
251
235
249
250
237
249
251
239
250
250
239
250
250
239
251
251
239
252
252
240
254
253
240
255
253
239
254
255
229
244
247
221
238
241
221
239
241
215
236
240
195
217
222
171
196
200
175
203
207
178
208
212
188
221
224
186
221
224
179
216
218
171
209
211
163
200
202
170
203
206
172
203
206
171
199
203
184
207
211
210
228
231
223
237
240
214
224
228
223
231
235
246
252
253
248
252
254
235
249
247
235
249
247
235
249
247
235
249
247
235
249
247
235
249
247
235
249
247
235
249
247
235
249
247
235
250
248
236
250
249
237
251
250
237
251
250
236
251
247
235
251
241
236
252
242
237
253
243
237
253
243
238
253
245
237
253
246
237
253
246
238
254
248
239
254
249
239
254
251
239
253
251
237
252
249
235
250
247
229
249
249
233
253
254
216
238
240
144
166
168
157
178
180
222
244
246
228
250
251
225
247
249
228
250
251
225
247
248
204
226
228
199
220
222
219
241
243
231
252
253
222
243
254
225
247
255
225
247
255
223
244
254
222
243
254
225
246
254
228
249
255
218
239
247
196
217
229
182
203
216
189
210
223
191
212
225
197
217
227
190
218
231
180
219
236
165
203
222
140
179
198
115
154
173
110
148
167
101
139
158
99
137
157
101
139
160
104
142
162
108
146
166
115
153
173
119
157
177
117
155
176
134
170
193
109
144
168
142
179
203
116
156
179
119
161
184
122
166
189
98
143
166
69
114
137
95
140
163
109
153
176
104
147
170
136
177
200
169
211
234
147
188
211
171
217
234
161
207
224
154
200
217
146
193
209
144
191
207
127
174
190
148
195
211
163
210
226
167
213
230
167
213
231
173
220
237
175
221
238
166
212
230
165
211
224
175
219
226
177
221
229
150
194
202
159
203
211
146
192
200
144
190
198
135
181
189
128
174
182
134
181
188
147
193
201
159
206
213
159
206
213
136
183
190
137
182
184
157
201
204
120
165
173
121
166
178
134
178
195
183
226
237
111
152
172
116
154
177
111
146
165
116
146
160
215
241
249
206
228
232
201
220
221
205
226
225
170
210
227
163
204
220
125
165
183
112
151
169
107
146
164
90
129
147
103
143
161
109
151
168
101
145
162
87
132
149
60
105
122
73
121
138
85
135
151
108
156
174
128
174
194
127
173
193
130
176
197
137
184
204
142
190
210
144
192
212
140
188
208
121
171
191
153
204
224
176
227
246
166
217
236
177
228
248
150
201
221
160
212
224
170
222
232
172
224
234
168
222
231
162
216
225
155
209
218
151
205
215
142
197
206
141
195
205
138
193
204
136
192
203
134
190
201
131
187
198
130
186
196
140
191
200
142
189
195
139
182
185
124
163
165
125
163
165
143
179
186
163
202
215
190
229
242
103
142
159
133
168
191
86
115
132
144
167
178
222
239
245
218
238
241
195
219
225
186
211
219
182
209
215
161
189
195
150
182
186
153
185
189
163
196
199
167
200
203
157
188
193
105
136
142
106
136
143
113
142
149
114
143
150
114
146
151
121
156
160
122
158
162
117
154
158
115
152
156
117
157
160
121
164
167
107
152
155
130
175
178
155
203
205
170
220
222
174
225
227
174
225
227
172
227
228
169
229
229
170
229
229
172
228
229
174
226
228
171
220
222
165
211
214
170
213
216
183
224
227
186
226
230
190
231
235
198
239
242
201
243
246
201
243
246
203
243
247
203
239
244
209
243
247
183
211
215
168
191
195
218
236
239
230
243
245
238
249
250
245
254
254
243
252
252
245
253
253
246
255
255
244
255
254
242
253
251
239
247
250
239
247
251
240
249
253
240
251
255
238
250
253
230
244
248
221
237
241
222
240
242
205
226
230
193
216
221
180
205
210
177
204
207
179
208
212
174
204
207
167
198
201
162
191
195
171
197
201
182
203
208
184
201
206
226
239
242
228
238
240
217
225
229
242
248
248
232
237
239
235
249
247
235
249
247
235
249
247
235
249
247
235
249
247
235
249
247
235
249
247
235
249
247
235
249
247
236
250
248
236
250
248
237
251
249
237
251
249
237
252
247
238
254
243
239
255
244
239
255
244
237
253
242
234
250
240
231
247
238
231
246
238
233
248
241
236
250
244
238
252
246
238
252
248
236
251
247
235
249
245
228
246
243
235
253
252
229
247
246
181
201
198
198
217
215
229
249
246
229
248
246
233
253
250
236
254
253
232
250
249
213
232
230
208
228
225
225
245
242
233
252
250
229
246
253
233
249
255
232
249
255
231
248
254
232
249
255
235
251
255
233
250
254
223
239
246
208
225
232
214
231
239
232
249
252
232
248
254
223
240
247
218
241
248
214
248
255
212
247
252
200
235
247
198
232
243
192
227
240
191
226
238
190
224
236
194
228
237
194
228
238
185
219
235
171
204
220
149
183
199
128
161
177
122
151
171
110
138
159
92
122
144
88
121
142
84
119
140
107
144
164
91
131
151
99
140
159
110
150
170
121
161
181
114
152
173
128
165
185
142
178
198
103
139
160
106
150
167
95
139
156
94
138
155
93
136
153
119
162
179
112
156
173
156
199
216
182
225
242
177
220
237
175
218
235
169
212
230
131
174
193
127
170
189
155
198
212
172
215
224
172
215
224
136
179
188
171
213
225
161
203
215
158
200
212
154
197
208
148
191
202
137
180
191
136
179
190
137
180
191
140
183
194
127
170
181
136
176
180
143
184
187
129
169
178
122
163
176
136
178
195
173
214
233
115
154
177
97
134
157
105
138
157
115
144
160
205
229
240
220
240
245
229
248
249
231
251
250
204
240
254
187
222
235
146
180
195
177
210
226
195
227
240
199
230
236
189
220
236
187
218
234
174
208
223
151
187
202
113
151
165
105
144
158
101
141
156
95
134
151
91
129
148
92
131
150
99
138
156
105
144
162
102
142
160
93
134
153
88
130
149
70
113
132
104
147
166
128
172
192
118
162
181
133
178
197
108
152
171
130
176
187
148
194
203
156
203
214
158
206
216
155
202
213
152
201
211
152
202
212
153
203
213
142
194
204
134
185
196
128
180
192
126
179
191
124
176
188
120
172
183
127
173
183
140
184
191
146
186
190
137
173
176
126
160
163
144
178
186
155
190
205
179
216
233
115
152
173
148
181
205
101
128
148
147
167
181
224
240
247
219
235
241
219
237
244
228
247
252
215
235
240
205
226
231
212
235
237
220
243
244
212
236
237
195
220
221
157
182
184
102
128
132
101
127
132
112
136
142
118
143
149
133
162
167
128
158
162
121
153
156
117
149
152
110
145
148
110
147
150
120
159
161
142
184
187
171
215
218
179
226
228
171
219
221
171
220
222
177
226
228
175
226
227
176
232
233
176
231
232
178
231
233
183
233
235
180
228
231
171
217
219
168
212
215
170
215
218
169
213
216
169
215
218
175
223
225
184
233
235
190
240
242
195
242
245
198
240
244
207
245
250
191
225
229
160
186
191
209
228
233
236
250
252
241
250
252
244
250
252
244
250
250
245
251
252
247
252
253
246
254
253
245
254
253
246
250
254
247
251
254
247
252
255
244
250
254
242
249
253
242
251
254
242
254
255
237
250
253
229
243
247
229
246
248
227
245
247
225
245
247
224
244
247
206
227
231
175
202
207
160
184
189
139
161
166
132
152
157
147
161
167
215
225
231
228
236
240
196
201
206
174
179
182
107
112
114
235
249
247
235
249
247
235
249
247
235
249
247
235
249
247
235
249
247
235
249
247
235
249
247
235
249
247
236
250
248
237
251
247
238
252
248
238
252
248
237
251
246
236
251
243
237
253
244
240
255
246
240
255
247
240
254
247
240
253
246
237
249
244
236
247
243
237
248
245
238
249
246
239
251
248
241
252
250
242
253
251
234
247
245
236
250
248
227
241
239
187
202
200
211
226
224
232
247
245
233
248
246
234
249
247
239
253
251
240
253
252
229
244
242
227
241
239
238
252
251
239
254
252
237
250
252
238
251
254
234
248
250
233
246
248
236
249
252
237
250
252
228
242
244
209
222
225
210
223
226
223
237
239
235
248
250
237
250
253
235
248
252
229
247
251
215
242
248
220
247
252
216
243
250
225
252
255
221
248
254
224
251
255
219
246
253
221
248
254
223
250
255
222
249
254
222
248
252
220
246
248
214
241
245
209
230
243
209
228
242
188
210
227
189
214
230
191
218
229
188
217
229
178
210
226
163
197
212
142
176
192
114
146
161
93
125
140
99
129
145
104
134
150
92
120
137
102
138
153
102
138
153
110
146
160
107
143
157
124
159
175
96
132
148
120
155
171
115
151
167
106
141
157
105
140
156
110
145
162
91
126
142
109
144
160
152
189
204
172
212
224
172
212
224
139
179
191
184
223
237
169
209
222
154
193
207
137
177
191
135
174
188
134
173
188
153
192
207
157
196
211
154
193
208
133
173
187
138
176
181
156
193
197
153
190
199
118
156
169
126
165
182
173
210
231
105
142
166
93
127
151
95
125
145
124
150
166
213
235
246
226
246
249
228
244
246
233
250
248
223
251
254
184
211
219
138
163
172
198
221
230
221
243
252
229
249
253
217
238
246
227
248
254
225
247
253
220
244
250
206
233
240
201
230
238
197
227
235
194
223
234
193
220
236
185
213
229
178
205
222
165
195
211
147
178
193
127
159
174
111
144
159
93
127
142
100
135
150
109
145
160
107
143
157
107
143
158
81
117
132
102
139
150
111
149
158
107
145
155
96
136
145
92
132
141
100
142
151
114
156
167
129
172
184
128
171
183
130
175
186
138
184
195
145
191
202
143
190
201
136
183
194
129
172
184
133
173
181
137
173
179
141
175
178
132
163
168
137
169
176
148
182
197
181
215
236
102
137
160
116
148
171
113
138
158
168
187
200
213
227
235
222
233
241
234
247
250
228
240
245
216
229
233
231
245
247
240
254
254
232
246
246
227
243
242
232
249
248
228
245
245
213
232
234
207
227
231
189
209
214
170
190
196
135
157
162
124
147
152
115
139
143
103
130
134
99
128
132
121
153
156
158
192
195
175
211
214
168
207
209
173
214
216
181
222
224
177
221
222
177
222
223
183
230
231
175
224
226
176
223
225
180
226
229
187
231
234
186
230
232
177
220
223
171
214
217
171
215
218
169
215
218
165
213
215
161
212
214
163
217
218
170
226
227
177
230
234
185
234
240
187
233
239
195
234
239
165
195
201
172
195
200
210
225
230
239
249
253
247
252
255
250
253
254
249
253
254
247
252
253
248
252
253
249
254
255
241
244
249
244
247
252
248
251
255
248
253
255
246
251
255
242
248
253
238
247
250
243
252
254
233
244
248
233
245
249
232
244
248
232
247
250
233
249
251
221
238
242
214
235
241
221
241
247
205
222
228
179
193
199
141
152
159
143
151
157
134
140
144
128
132
137
97
101
106
46
50
54
235
249
248
235
249
248
235
249
247
235
249
247
235
249
247
235
249
247
235
249
247
236
249
247
236
249
247
237
251
247
237
251
247
238
252
248
238
252
248
237
251
247
235
250
245
237
251
247
239
253
249
240
254
250
243
254
251
242
253
251
242
253
251
241
252
251
239
249
249
240
248
248
240
248
250
243
250
253
245
253
255
237
247
248
240
252
252
232
244
244
180
192
192
211
223
223
239
251
251
231
243
243
226
238
238
235
247
247
238
250
250
223
235
235
218
230
230
233
245
245
241
253
253
245
253
253
247
254
254
243
251
251
241
250
249
246
254
254
243
251
251
228
236
235
209
218
217
231
239
238
243
251
251
242
250
249
246
254
253
245
253
253
242
254
253
233
253
251
236
254
253
233
252
250
236
254
254
231
250
249
232
250
250
230
249
249
232
250
250
231
249
249
227
245
245
227
246
245
229
248
247
229
248
247
236
249
253
219
230
239
235
248
254
227
244
253
195
214
222
161
182
190
209
232
238
207
234
241
216
243
249
198
224
232
195
219
224
214
237
243
210
232
241
197
219
228
200
229
240
199
228
239
194
223
234
176
205
216
163
192
203
120
148
160
118
147
158
103
131
144
97
124
139
89
117
131
95
123
137
97
125
139
94
121
135
98
129
143
99
137
150
90
127
141
64
102
115
106
143
157
108
144
160
103
140
156
126
162
178
146
183
200
145
181
199
191
225
241
207
241
251
193
226
244
150
184
203
151
186
193
139
174
179
155
191
200
138
174
188
92
128
146
171
206
216
92
126
146
108
139
164
97
126
146
112
137
153
182
203
214
220
238
241
241
254
254
237
251
250
226
244
247
189
206
209
152
166
170
217
229
233
236
248
252
243
253
255
240
250
253
240
250
253
237
249
253
236
249
253
236
251
254
232
251
254
232
252
253
230
249
253
231
248
255
228
246
254
227
246
253
228
248
252
225
245
250
219
240
248
209
232
243
207
230
242
206
231
242
208
234
244
207
235
244
190
217
228
164
192
202
138
166
176
134
162
172
126
156
165
113
143
152
106
136
146
113
144
155
126
158
169
117
151
162
105
141
151
97
133
143
97
133
145
103
139
152
106
144
156
109
148
161
125
165
178
116
153
163
128
161
168
146
176
180
156
185
190
133
162
172
125
157
172
151
185
206
129
161
185
145
176
200
150
174
194
175
192
207
206
218
228
228
238
245
238
247
252
225
235
239
231
239
242
246
254
254
247
255
254
245
254
252
241
250
247
239
250
248
232
246
244
230
245
245
234
250
252
234
251
252
232
249
250
213
229
232
218
234
237
226
242
245
220
238
239
195
215
219
169
191
196
160
185
189
170
199
202
175
205
209
181
214
217
180
215
218
173
211
213
173
212
214
181
219
222
187
226
230
188
226
230
191
229
232
195
232
236
192
230
234
185
222
226
178
217
221
177
219
222
180
226
228
177
226
228
166
220
221
160
216
217
160
218
219
167
225
229
174
229
236
165
215
222
174
217
224
159
192
198
142
166
173
193
209
216
232
243
247
241
245
250
246
249
252
248
249
252
246
248
249
245
248
249
246
250
251
249
253
254
245
250
253
244
249
252
245
251
254
247
253
255
247
253
255
243
251
254
240
249
253
234
244
248
230
241
245
213
224
228
186
198
202
158
170
174
136
150
154
133
151
158
119
136
143
96
110
118
69
81
87
29
38
44
26
31
39
12
15
22
17
21
26
20
24
29
12
16
21
235
249
248
235
249
248
235
249
248
235
249
247
235
249
247
235
249
247
235
249
247
236
249
247
236
250
246
237
251
247
237
251
247
238
252
248
240
251
248
240
251
249
239
251
251
238
250
250
237
249
248
235
247
247
237
247
247
236
245
248
239
248
251
240
249
253
241
247
252
239
245
250
239
245
252
241
247
254
243
249
255
237
246
249
241
250
253
238
248
248
194
203
206
219
228
231
244
254
255
231
240
242
237
247
249
245
254
255
242
252
252
226
235
238
220
229
232
236
245
248
244
253
254
241
248
243
245
252
247
243
250
245
242
249
244
244
251
247
233
240
238
216
223
220
215
222
220
238
245
242
247
253
252
239
246
243
245
252
249
238
245
242
238
247
242
242
253
246
242
254
246
240
252
244
241
253
245
238
249
242
238
250
242
238
249
241
240
252
244
244
254
248
245
254
249
246
254
250
245
255
249
240
252
244
233
239
240
239
244
247
223
229
232
234
243
246
152
165
167
153
167
169
224
242
243
226
245
246
229
249
251
209
228
229
207
225
227
230
247
248
238
253
254
238
253
254
229
251
255
231
252
255
226
247
252
226
247
252
223
244
252
216
238
246
219
241
249
216
237
246
217
239
247
215
237
245
214
235
243
217
237
247
198
218
230
166
194
207
140
176
192
113
150
165
83
119
135
82
117
132
80
114
131
77
110
129
72
105
124
80
113
132
74
107
127
91
124
144
88
120
140
101
132
153
112
143
164
134
166
173
173
206
211
175
209
218
177
211
220
184
217
228
155
189
210
165
196
221
178
208
233
187
215
235
200
223
235
214
234
239
220
238
242
241
254
254
236
249
247
241
251
249
214
223
221
181
189
186
233
238
237
249
253
251
250
251
249
254
255
254
250
251
250
247
250
248
245
250
248
247
254
251
239
249
246
244
255
253
242
252
253
239
248
253
238
247
251
235
246
250
236
248
252
237
249
254
237
250
255
237
252
255
236
252
255
232
248
254
225
245
250
226
246
251
229
250
254
227
247
252
219
238
248
221
240
251
222
242
250
219
240
249
214
236
247
213
236
247
214
239
249
209
235
245
185
212
224
156
185
196
136
165
176
126
156
167
124
154
165
123
155
166
123
159
173
142
177
188
176
208
214
200
229
233
193
220
225
163
190
201
138
169
184
133
165
187
84
115
140
66
94
120
113
137
157
164
179
194
230
241
249
243
250
254
239
244
249
242
247
251
249
254
254
243
248
246
236
239
237
245
248
245
250
255
250
249
255
253
244
254
251
243
254
253
236
249
249
227
242
244
226
241
244
243
250
253
241
250
254
238
248
251
238
250
253
239
253
254
234
250
252
229
248
251
225
246
251
225
248
251
210
236
240
201
229
233
204
235
238
187
219
222
158
189
192
158
188
193
162
192
197
168
199
203
175
205
210
178
208
213
175
208
213
170
206
210
168
207
211
170
214
217
170
219
221
167
221
222
165
221
222
166
224
224
155
216
220
150
211
217
150
205
212
152
197
205
154
190
198
151
177
184
208
227
229
235
247
252
238
243
248
243
246
251
250
251
254
253
254
255
251
253
254
247
249
250
236
242
245
222
229
232
205
212
215
187
195
198
168
177
180
146
155
158
127
136
140
96
106
110
74
85
89
53
64
68
29
40
44
16
27
31
16
27
31
11
23
28
9
20
27
6
13
20
5
11
19
4
11
18
1
4
11
5
8
16
5
8
14
9
12
17
4
5
9
5
9
14
235
249
248
235
249
248
235
249
248
235
249
247
235
249
247
235
249
247
236
249
247
236
250
246
236
250
246
237
251
247
237
251
247
240
251
248
240
251
248
239
250
249
237
249
251
237
249
250
236
248
250
237
249
251
241
250
254
243
252
255
240
249
253
239
246
253
240
246
253
241
246
255
242
247
255
243
248
255
244
249
255
242
250
253
235
244
247
226
235
237
200
209
211
213
222
225
238
247
249
236
245
247
240
249
252
240
249
252
237
246
249
225
235
237
226
236
238
240
249
252
239
248
251
242
248
243
248
254
249
247
253
248
245
251
246
242
248
243
225
231
226
212
218
213
242
248
244
245
251
246
242
249
244
233
239
234
249
254
250
248
254
249
249
255
248
247
255
244
247
255
244
246
255
243
247
255
244
247
255
244
248
255
245
248
255
245
248
255
245
245
252
242
240
248
237
240
248
237
240
249
238
238
246
235
237
239
237
241
242
242
249
252
251
219
224
223
182
190
189
214
226
225
239
253
251
239
253
252
234
248
246
232
246
244
238
252
250
238
251
249
232
245
243
234
248
246
228
248
252
231
250
254
224
243
248
230
249
251
225
243
249
234
252
255
233
251
255
230
248
252
226
244
250
231
249
254
222
240
246
224
242
248
231
249
254
219
243
253
205
239
254
207
241
253
215
249
253
209
243
253
211
244
253
207
239
253
200
233
251
199
230
250
172
203
223
169
200
221
141
172
194
124
155
177
109
140
162
129
160
167
168
199
204
190
221
230
199
231
245
165
197
215
158
190
212
108
139
163
123
153
178
102
128
148
143
166
182
206
225
237
226
241
246
240
253
254
242
254
252
241
247
243
220
224
220
188
190
186
235
235
231
254
254
251
251
247
244
254
253
250
252
247
244
252
251
248
254
253
250
254
254
251
241
245
240
247
254
249
246
252
250
245
249
250
247
252
253
249
254
255
248
254
255
246
253
255
245
253
255
240
251
253
233
245
247
240
253
254
238
251
252
227
242
244
237
251
252
234
249
250
235
250
253
234
249
255
232
247
255
232
249
255
233
250
255
233
251
255
231
250
255
222
242
253
221
242
253
221
244
254
222
246
254
221
246
254
217
243
254
213
241
253
204
240
253
214
247
254
202
233
236
188
215
220
145
171
177
168
196
207
151
181
197
142
173
194
123
153
178
108
136
161
149
173
193
160
176
191
228
239
250
232
239
246
228
232
236
240
243
247
249
252
253
249
250
250
253
254
252
253
253
250
250
251
247
250
254
249
244
250
248
244
253
253
236
247
248
232
245
247
240
253
253
236
241
245
244
248
253
246
251
255
241
249
253
238
249
253
239
251
254
238
253
255
236
254
255
229
249
254
230
250
254
227
251
254
217
243
247
216
243
247
223
251
254
223
249
254
225
251
254
226
252
254
223
249
254
218
246
251
213
243
248
204
237
242
188
225
229
172
214
217
155
203
205
142
195
196
135
190
191
130
187
188
122
183
188
127
189
197
145
202
209
131
178
186
123
161
168
117
145
152
152
170
178
194
205
212
197
202
207
177
180
185
164
165
169
146
147
151
118
120
122
91
93
94
56
64
67
36
45
48
17
26
29
6
15
18
4
13
16
3
13
15
2
11
13
1
9
13
1
8
12
2
12
16
1
9
13
0
8
12
1
11
15
1
9
14
1
9
17
6
12
19
4
7
14
0
3
11
6
12
19
2
4
12
0
0
6
12
14
20
10
13
17
143
147
152
236
249
247
236
249
247
236
249
247
236
249
247
236
249
247
236
249
247
236
249
247
235
248
246
235
248
246
236
249
247
236
249
247
237
250
248
237
250
248
237
250
248
238
251
249
240
253
251
240
252
251
238
251
249
236
248
248
239
251
251
241
253
253
237
249
250
234
246
248
239
251
253
240
252
254
240
251
254
242
253
254
240
249
248
245
253
252
236
245
244
202
210
210
217
226
225
239
250
249
234
246
244
235
248
246
240
253
251
237
251
249
223
238
236
223
240
237
235
252
249
228
244
241
248
253
244
240
248
238
243
251
243
241
250
244
223
233
230
214
225
222
223
237
233
237
249
246
236
247
243
244
253
249
238
246
240
244
252
243
247
253
244
232
248
242
218
250
251
218
247
248
226
250
252
234
252
253
233
245
247
246
254
254
247
252
253
243
248
248
245
251
251
243
254
252
235
249
245
230
248
242
223
244
236
235
250
249
229
242
244
232
245
247
197
210
212
211
224
226
229
242
244
236
249
251
237
250
252
226
239
241
208
221
223
239
251
252
237
250
251
230
243
245
239
253
253
218
247
249
212
242
247
212
239
245
221
247
251
209
234
239
230
251
253
225
245
252
227
244
249
237
252
255
236
249
254
240
252
255
234
245
252
229
239
246
229
247
252
227
253
254
230
254
254
225
250
252
229
252
254
230
251
251
226
247
246
232
251
249
230
247
245
237
252
249
241
253
252
233
248
242
237
250
245
217
229
222
222
234
231
239
251
251
224
240
242
218
239
245
215
241
250
168
198
210
112
145
159
130
163
178
132
163
175
143
170
179
193
214
221
226
242
244
234
247
247
242
253
252
242
254
254
214
225
225
186
196
196
225
235
235
245
254
254
245
254
254
242
250
250
246
254
254
247
255
255
248
253
254
247
252
253
247
252
253
248
253
254
248
255
255
246
254
254
246
254
254
245
253
253
245
253
253
244
252
252
244
252
252
245
253
253
245
253
253
246
254
254
247
255
255
247
255
255
247
255
255
247
255
255
242
255
245
243
255
243
246
255
244
249
255
245
253
254
247
255
254
250
255
254
253
248
248
248
246
250
250
235
244
245
238
252
253
227
247
248
223
248
250
225
251
252
222
237
243
236
252
255
223
240
247
203
220
229
188
207
215
163
184
192
147
169
177
187
211
218
133
159
166
136
163
170
143
171
178
156
185
191
217
246
250
222
241
244
238
248
248
241
251
251
242
254
255
242
255
255
239
253
255
235
251
254
233
251
254
236
254
255
228
248
253
226
246
251
224
245
248
199
220
228
207
228
236
227
240
248
236
247
253
237
248
254
235
245
253
237
248
254
240
251
255
237
248
255
231
242
250
220
231
239
226
237
245
239
250
254
237
247
254
230
241
249
233
245
252
230
249
251
228
246
249
231
249
252
227
246
250
222
241
246
203
222
227
205
224
229
202
221
226
205
224
229
210
229
234
207
226
231
187
206
211
163
181
186
158
167
175
151
153
163
126
128
138
96
98
108
73
75
85
52
54
64
37
39
49
15
17
27
8
10
20
5
7
17
4
6
16
5
7
17
7
9
19
8
10
20
7
11
13
5
9
10
3
7
8
2
5
6
2
4
5
3
3
5
4
3
5
6
3
5
6
3
5
7
3
4
8
3
4
8
3
4
9
3
4
10
4
5
10
5
6
5
1
1
6
3
3
6
3
4
2
1
3
4
5
6
1
1
2
12
15
16
90
95
96
209
216
217
236
249
247
236
249
247
236
249
247
236
249
247
236
249
247
236
249
247
236
249
247
235
248
246
235
248
246
236
249
247
236
249
247
237
250
248
237
250
248
237
250
248
230
243
241
225
237
236
237
250
248
240
253
251
238
250
250
233
245
245
233
245
245
236
248
250
235
247
249
234
246
248
237
249
250
232
244
246
231
242
246
237
246
247
243
252
252
229
239
239
196
206
206
216
227
227
241
253
253
234
246
246
236
250
249
236
250
249
234
251
250
222
239
238
214
232
231
227
245
244
236
254
253
241
249
244
245
253
249
242
252
249
224
237
235
207
220
220
216
230
230
236
251
250
240
254
254
241
254
254
208
221
219
221
233
231
245
253
250
237
245
239
236
253
251
199
231
233
208
237
238
230
252
252
226
245
247
240
252
254
239
247
249
244
251
251
247
252
252
246
253
253
237
249
246
223
238
234
226
244
240
236
253
251
233
247
248
240
253
253
211
224
226
180
193
195
212
225
227
238
251
253
242
254
255
234
247
249
226
239
241
217
230
232
230
243
245
236
249
251
231
244
246
214
229
232
120
153
163
147
180
190
147
179
189
161
192
201
164
193
203
188
216
226
209
234
243
211
233
240
208
230
239
220
240
244
214
233
241
212
230
239
222
238
245
222
244
250
217
246
251
211
240
246
226
252
253
214
240
246
229
253
254
228
250
253
230
252
253
222
242
244
236
253
253
232
248
248
230
247
244
236
250
249
218
233
231
231
243
240
242
253
253
223
239
242
212
233
238
222
248
255
185
215
227
122
155
170
119
152
167
137
168
181
162
188
198
195
216
223
217
234
237
236
248
249
245
255
255
241
253
253
216
228
228
188
200
200
225
236
236
241
252
252
243
253
253
241
250
250
246
254
254
246
254
254
244
252
252
244
250
251
242
248
249
242
247
248
242
249
249
241
251
251
241
251
251
242
252
252
242
252
252
243
253
253
243
253
253
244
254
254
245
254
254
245
254
254
246
255
255
245
255
255
244
254
254
244
254
254
241
255
248
243
255
248
246
255
249
248
255
250
250
255
251
252
254
253
253
253
253
237
240
241
232
238
242
206
218
222
210
228
231
212
234
238
213
239
244
223
249
250
232
247
251
227
242
251
230
246
254
211
228
237
215
234
242
161
180
188
185
206
214
183
205
213
150
173
181
147
172
180
171
196
203
188
216
223
204
232
239
227
245
248
245
253
253
245
254
254
246
255
255
243
255
255
240
253
255
236
251
254
231
247
250
233
251
254
236
254
255
234
253
255
198
217
225
120
141
149
90
111
119
131
141
150
190
200
208
231
240
248
235
244
251
228
237
246
229
238
246
232
241
247
220
229
237
212
221
230
214
223
232
220
229
238
216
225
233
208
217
226
204
214
222
185
199
205
174
187
193
162
175
181
144
157
163
128
141
147
105
118
124
98
112
117
78
91
97
60
73
79
42
56
61
27
40
46
15
28
33
5
17
23
5
13
19
5
8
15
0
2
10
0
2
9
2
5
13
4
7
15
3
6
14
3
6
13
2
5
13
0
3
10
0
2
10
0
2
10
1
4
12
2
5
13
1
5
6
0
4
5
0
3
4
0
2
3
0
2
3
1
1
3
1
0
2
4
1
3
4
1
3
5
1
2
6
1
2
6
1
2
7
1
2
7
1
2
6
2
2
7
3
3
14
11
11
12
9
11
11
10
12
8
9
10
18
20
21
40
45
46
191
196
197
245
252
252
236
249
247
236
249
247
236
249
247
236
249
247
236
249
247
236
249
247
236
249
247
235
248
246
235
248
246
236
249
247
236
249
247
237
250
248
237
250
248
237
250
248
239
252
250
242
254
253
236
249
247
234
247
245
240
252
252
238
250
250
234
246
246
235
247
248
235
247
249
233
245
247
242
254
254
241
252
254
240
251
254
243
253
254
243
255
255
226
238
238
191
203
204
211
224
224
236
250
249
227
241
241
235
251
251
232
249
248
231
249
248
216
234
233
197
217
216
207
228
226
225
246
244
234
247
248
237
252
253
227
242
245
206
223
227
201
218
224
218
236
244
233
252
255
230
249
255
231
249
254
156
173
178
202
218
221
237
251
251
224
238
237
225
246
246
161
193
196
171
199
203
209
233
235
228
246
249
235
246
250
235
243
245
245
251
253
237
242
244
232
240
241
235
247
245
234
249
247
235
252
250
231
250
247
229
244
245
235
249
249
197
210
212
196
209
211
231
244
245
240
253
254
237
251
252
238
251
252
224
238
240
237
251
253
240
253
254
240
253
254
225
239
241
196
211
214
91
131
146
111
151
166
94
134
149
99
138
153
105
141
156
107
143
158
116
150
165
100
133
148
109
140
156
100
130
146
100
129
144
87
115
130
107
134
149
152
182
196
177
210
224
184
216
230
188
219
231
187
217
229
191
220
231
201
228
237
205
231
238
194
219
225
209
232
237
203
225
231
215
236
240
220
240
243
184
204
208
220
233
234
237
249
251
215
231
235
196
217
224
216
243
252
195
225
238
127
159
174
90
123
138
92
123
137
128
155
164
174
196
203
210
226
231
241
253
253
242
252
253
238
251
251
216
228
228
187
200
200
223
235
236
239
251
252
245
255
255
242
252
252
238
247
248
241
249
249
243
251
252
246
254
254
247
254
255
247
254
255
246
253
254
244
254
254
244
254
254
244
254
254
244
253
254
244
254
254
244
254
255
239
249
249
237
247
247
239
249
249
241
251
252
243
253
253
244
254
254
244
254
254
238
254
251
238
254
250
240
254
251
242
252
251
244
250
251
243
248
251
241
246
251
245
250
253
210
219
227
116
130
138
66
86
94
67
91
100
106
134
144
161
190
199
202
217
226
209
225
233
213
228
236
224
241
249
218
235
244
214
231
239
223
241
249
219
239
247
159
180
188
114
134
142
203
225
233
172
194
202
199
221
228
233
248
252
242
250
250
244
251
252
242
251
253
241
250
251
237
249
250
234
247
248
232
245
246
227
242
244
221
237
242
218
235
239
181
199
206
108
126
134
79
97
105
63
74
80
117
127
133
171
181
188
190
200
206
180
190
197
159
169
176
140
149
156
127
136
142
116
126
132
100
110
116
81
91
97
60
70
76
39
49
56
27
36
42
13
21
25
7
15
20
4
12
16
0
9
13
1
9
13
1
2
6
4
10
14
6
13
17
1
9
13
0
6
10
0
4
8
0
2
6
0
1
5
3
4
9
3
6
11
0
3
8
0
3
8
3
6
10
3
6
11
2
4
9
0
2
7
0
2
7
0
1
6
0
0
5
0
0
5
0
2
6
0
2
7
0
0
2
0
1
2
0
1
2
0
2
3
0
2
3
0
0
1
0
0
1
3
0
2
3
0
2
4
0
1
5
0
1
5
0
1
5
0
1
5
0
1
11
7
7
12
8
9
4
2
2
4
2
3
13
12
14
11
12
13
24
26
27
159
164
165
226
231
232
227
234
235
236
249
247
236
249
247
236
249
247
236
249
247
236
249
247
236
249
247
236
249
247
235
248
246
235
248
246
236
249
247
236
249
247
237
250
248
237
250
248
236
249
247
234
247
245
235
248
246
231
244
242
217
230
228
214
226
226
224
236
236
230
242
242
236
248
248
236
248
249
231
242
244
237
249
251
233
244
247
233
244
248
237
249
251
240
253
254
228
241
243
195
209
211
213
227
229
237
251
252
232
249
250
231
249
250
232
250
251
233
252
253
217
237
238
202
222
223
209
230
231
216
237
239
217
235
243
210
229
237
194
214
223
188
208
219
198
220
233
210
233
246
209
233
246
211
234
246
207
230
242
139
160
172
203
223
230
229
248
255
230
249
253
210
234
236
168
199
202
155
183
187
207
230
235
232
251
253
236
250
251
232
242
246
242
250
253
236
243
246
230
239
242
235
247
247
237
251
250
238
253
254
234
253
252
236
253
253
206
221
223
188
203
205
217
232
233
240
255
255
230
245
247
229
244
246
224
239
240
195
210
212
226
241
243
234
249
251
234
249
251
224
239
241
203
220
224
53
100
121
54
101
122
56
102
123
56
102
124
58
102
124
47
91
111
51
95
115
62
105
125
59
101
121
50
91
111
52
91
112
57
96
116
61
100
120
57
94
115
58
93
114
62
97
118
56
89
110
76
109
128
65
98
115
76
107
124
79
109
125
83
112
127
93
121
134
97
123
136
142
167
178
206
231
242
194
219
230
229
244
248
241
254
255
225
242
247
202
223
230
225
251
255
214
244
254
144
176
191
148
181
196
120
150
164
146
173
184
192
214
222
216
233
239
239
252
254
231
243
244
239
252
254
213
226
228
183
196
198
219
231
234
237
249
252
242
253
254
240
251
253
242
251
253
242
251
253
242
251
254
244
252
254
243
251
254
241
248
252
241
249
252
242
252
255
242
251
254
242
251
254
241
251
253
241
250
253
240
249
252
241
251
254
243
252
255
243
252
255
242
251
254
241
250
253
239
248
251
238
247
250
234
251
253
233
252
253
236
253
254
240
253
255
243
253
255
243
251
255
241
248
255
226
235
245
203
214
228
120
137
150
79
101
114
77
103
117
95
124
138
120
150
162
124
140
147
125
140
148
117
132
140
184
200
207
213
228
235
222
237
243
206
222
229
223
240
247
146
163
170
124
141
148
179
196
203
155
173
179
209
226
231
211
222
226
217
222
224
212
216
219
200
206
209
185
193
196
170
180
183
160
171
174
146
157
161
130
142
146
113
126
132
109
123
129
97
112
119
70
85
92
65
80
87
47
56
60
34
42
46
18
26
30
7
15
19
4
12
16
4
13
17
4
12
15
0
2
6
1
8
12
1
8
12
0
6
10
0
8
12
0
8
12
1
5
9
3
4
9
1
2
7
1
2
7
1
3
8
5
7
12
6
8
12
6
7
11
2
1
6
2
3
8
2
4
9
1
3
8
0
1
6
1
0
5
1
1
5
0
0
4
0
0
3
1
0
3
1
2
5
2
2
6
1
1
4
1
2
5
0
1
5
0
1
4
0
0
3
0
0
4
0
1
4
1
2
5
0
1
3
0
1
2
0
2
3
1
3
4
0
2
3
1
0
2
0
0
1
0
0
1
2
0
1
4
0
1
5
0
1
5
0
1
5
0
1
5
0
1
10
7
7
10
8
8
6
4
4
5
4
5
4
4
6
26
28
29
134
137
138
234
238
239
243
248
249
238
246
246
236
249
247
236
249
247
236
249
247
236
249
247
236
249
247
236
249
247
236
249
247
235
248
246
235
248
246
236
249
247
236
249
247
237
250
248
237
250
248
238
251
249
237
250
248
235
248
246
202
215
213
142
154
153
103
115
115
121
133
133
154
165
165
174
186
187
184
194
197
196
205
208
205
214
217
205
214
218
212
221
223
215
226
228
218
230
232
216
229
232
189
202
205
199
213
215
218
233
235
221
238
239
223
241
242
229
248
249
229
247
248
210
230
231
200
220
222
202
222
224
189
209
211
149
169
182
141
161
175
128
150
166
129
153
171
146
170
188
148
173
194
137
162
183
136
162
182
133
158
177
130
154
172
186
210
226
222
244
254
228
247
255
175
199
209
117
146
151
113
139
145
187
210
215
223
241
246
237
250
254
231
240
248
229
237
243
232
240
245
242
251
254
242
254
254
231
245
247
229
246
248
234
253
254
233
249
249
182
197
200
202
217
220
229
244
247
236
251
253
232
247
249
237
251
253
235
249
250
213
228
231
234
249
252
235
250
252
237
252
254
233
248
251
214
232
237
45
95
119
61
110
134
110
160
183
94
144
167
63
113
136
54
103
127
60
109
132
86
134
157
80
129
153
54
101
126
50
97
121
74
120
145
77
124
149
71
113
139
59
96
123
53
90
116
100
136
162
72
107
132
62
96
120
65
99
121
69
101
123
89
121
141
73
103
122
71
101
119
117
146
160
212
240
252
210
237
250
229
243
249
236
248
252
228
245
248
207
227
235
224
248
255
217
245
255
153
183
197
162
192
207
124
152
167
151
176
189
202
222
231
218
235
242
239
252
254
241
252
254
238
251
253
209
222
226
178
191
194
215
227
231
234
246
250
238
250
253
234
245
249
233
244
247
233
243
247
235
244
248
239
248
252
242
251
254
240
249
253
239
249
253
240
251
254
241
252
255
243
254
255
242
253
255
241
252
254
240
251
254
240
251
254
241
252
255
242
253
255
243
254
255
242
253
255
241
252
255
241
252
255
234
252
254
230
250
252
229
246
251
229
244
250
230
241
249
228
237
248
225
234
247
217
228
238
185
198
214
116
134
151
94
116
133
93
120
137
83
112
129
71
100
115
99
111
119
96
109
117
82
95
103
123
136
144
170
182
190
150
163
171
149
161
169
155
167
175
107
119
127
93
105
113
97
109
117
82
94
102
84
95
103
72
78
84
57
59
63
51
53
57
41
44
47
27
32
35
15
21
24
6
13
16
9
17
21
9
18
22
1
11
16
0
9
15
1
12
19
1
9
17
0
5
13
0
2
5
2
7
10
6
11
14
6
11
13
5
9
11
2
6
9
1
5
7
1
3
6
4
9
12
3
7
10
0
3
5
1
5
7
1
6
8
1
2
5
6
2
6
6
1
6
5
1
5
6
1
6
7
2
6
7
2
7
7
3
7
10
6
10
9
4
8
6
1
6
3
0
3
4
0
4
7
3
7
6
3
6
2
1
3
2
1
3
3
2
3
5
3
5
5
4
6
5
4
6
3
2
3
1
0
2
1
0
1
0
0
1
1
0
1
1
0
2
2
1
2
0
2
3
0
2
3
0
2
3
0
2
3
0
1
2
1
0
2
1
0
2
1
0
1
2
0
1
2
0
1
3
0
2
4
0
1
5
0
1
4
0
1
3
1
1
3
2
2
20
18
18
6
5
6
20
20
22
96
98
99
226
229
230
245
250
250
239
244
245
239
246
247
236
249
247
236
249
247
236
249
247
236
249
247
236
249
247
236
249
247
236
249
247
235
248
246
235
248
246
236
249
247
236
249
247
237
250
248
237
250
248
238
251
249
230
243
241
228
240
239
235
248
246
200
213
211
97
108
108
34
46
46
24
35
35
25
33
35
33
40
43
56
65
68
64
73
76
69
78
82
79
88
92
89
99
103
97
108
112
112
123
127
108
119
123
124
135
139
144
157
160
155
169
173
161
176
179
170
186
189
177
192
196
169
186
189
172
190
193
179
197
200
164
182
185
76
96
113
77
97
114
73
95
114
72
96
116
79
103
125
80
105
129
73
98
122
66
92
115
69
94
115
123
148
168
165
188
207
214
236
249
216
236
251
176
200
211
103
130
136
104
128
134
207
228
233
221
238
244
231
244
248
224
235
242
233
242
249
230
237
245
225
235
241
225
237
239
221
236
240
226
242
246
231
248
252
204
220
223
172
187
190
220
235
238
232
247
250
230
245
248
233
248
251
234
249
252
212
227
230
225
240
243
235
250
251
234
249
252
238
253
254
234
249
251
208
225
230
44
90
117
83
130
156
153
200
226
117
164
190
57
105
131
54
101
128
96
144
166
152
199
218
73
121
147
55
104
129
53
101
126
138
186
212
138
186
212
68
111
139
59
95
124
69
105
134
175
211
238
73
107
135
58
92
118
63
96
121
119
151
175
154
185
209
82
112
134
70
100
121
115
144
161
201
231
246
191
218
238
220
235
243
227
239
245
226
243
248
211
231
240
216
240
249
211
238
250
163
191
206
175
203
218
131
159
174
147
171
184
201
221
231
223
240
247
238
250
254
235
246
251
231
246
250
209
224
228
182
197
201
220
233
237
237
249
252
240
252
254
237
249
252
232
243
246
226
237
242
223
234
239
225
235
239
226
235
237
223
232
235
223
233
236
225
236
238
225
235
238
224
234
237
219
230
235
215
225
230
211
222
227
213
224
229
214
225
230
213
224
228
209
220
224
205
216
220
201
212
216
198
209
214
181
198
206
172
190
199
165
181
190
162
176
186
160
171
184
156
166
179
152
160
174
119
129
145
107
120
136
84
100
117
79
98
116
77
100
117
69
95
112
46
70
87
68
79
86
62
72
79
41
50
58
26
37
45
25
35
43
8
16
25
12
20
29
16
24
32
8
15
24
17
23
32
12
17
26
16
21
29
8
10
18
12
14
20
16
15
19
13
13
18
11
12
16
7
9
13
5
8
12
4
8
11
2
4
8
0
5
10
2
9
13
1
7
12
3
9
15
4
12
18
1
4
11
0
3
5
4
7
8
3
6
7
1
3
4
1
3
3
2
4
4
2
3
3
1
3
4
3
6
7
1
3
4
0
1
1
1
2
2
1
2
3
2
1
2
9
2
5
11
4
6
9
3
5
11
4
7
11
4
6
14
7
10
8
2
3
6
1
2
8
1
3
9
2
5
8
1
4
8
1
4
9
2
5
7
2
4
4
2
2
3
1
1
2
0
0
3
1
1
3
1
1
3
1
1
2
0
0
2
0
0
2
0
0
2
0
0
2
0
0
2
0
0
2
0
0
0
1
2
0
1
2
0
0
1
0
0
1
1
1
2
3
2
4
5
4
6
1
0
2
2
0
2
3
0
2
3
0
2
3
0
2
3
0
2
4
1
3
6
4
4
9
8
8
4
4
4
4
4
5
73
75
76
233
236
236
242
246
247
242
246
247
238
243
243
243
248
249
236
249
247
236
249
247
236
249
247
236
249
247
236
249
247
236
249
247
236
249
247
235
248
246
235
248
246
236
249
247
236
249
247
237
250
248
237
250
248
235
248
246
235
248
247
242
253
253
228
240
239
237
250
248
227
238
238
142
154
154
67
77
77
22
28
30
1
4
7
7
16
19
2
9
12
3
10
14
7
15
19
4
12
16
1
8
13
9
17
22
5
12
17
6
14
19
6
15
20
10
19
24
22
33
37
27
38
43
38
49
54
42
54
58
50
63
67
65
78
82
69
82
87
71
88
104
74
92
109
75
95
112
73
94
113
72
94
115
74
97
119
73
96
119
57
78
101
56
76
97
99
121
141
127
148
166
154
173
189
157
176
191
138
158
170
85
109
116
82
103
111
158
177
184
181
197
204
183
195
203
191
201
208
199
207
214
181
189
198
162
171
180
160
171
178
166
179
186
180
194
201
187
203
209
167
183
186
160
175
178
188
203
206
201
216
219
205
220
223
208
223
226
201
216
219
168
183
186
200
215
218
201
216
219
209
224
227
211
226
227
213
228
230
206
223
228
67
104
131
94
132
158
138
175
202
112
151
178
75
115
141
78
118
143
112
153
176
142
184
207
95
137
161
68
111
134
78
122
145
134
177
201
132
175
199
89
128
153
76
108
136
87
118
146
160
191
218
92
123
149
68
98
123
80
109
133
131
160
183
157
185
208
83
111
131
80
107
127
118
144
163
178
204
223
176
201
220
192
206
216
191
203
209
192
207
215
179
197
207
172
193
205
171
196
210
146
172
187
151
177
192
128
153
167
133
154
167
173
191
201
194
209
215
202
215
217
195
206
212
190
204
210
177
191
197
151
165
171
177
191
197
181
193
199
182
194
200
176
188
194
160
171
178
149
159
166
140
150
157
135
145
152
130
140
147
126
134
141
127
136
143
132
142
149
131
141
148
128
138
145
122
132
139
116
126
133
112
122
129
108
118
125
105
115
122
99
109
116
89
99
106
79
89
96
70
80
87
63
73
80
45
60
67
36
49
58
29
41
50
28
38
49
31
39
51
30
37
49
27
33
47
28
35
50
22
31
47
19
31
47
9
23
40
0
17
33
11
31
48
2
17
33
17
28
34
15
22
28
14
20
27
10
19
26
11
18
25
14
22
29
10
16
24
7
12
19
10
13
21
23
25
33
3
3
10
12
12
21
16
16
24
8
5
12
12
8
13
9
7
11
6
5
9
3
3
7
2
2
6
2
2
6
3
5
9
1
4
7
3
7
12
3
6
11
1
2
7
2
6
11
0
3
8
2
4
4
1
2
2
2
2
2
2
3
3
4
6
6
7
8
8
6
8
8
1
1
1
0
1
1
0
1
1
1
2
2
2
3
3
3
4
4
4
4
4
8
3
3
9
4
4
6
0
1
7
1
2
6
1
1
12
6
7
6
1
1
8
2
3
9
3
4
10
4
5
9
3
4
7
2
3
7
1
2
5
1
2
4
1
1
4
1
1
3
1
1
4
2
2
5
2
2
6
3
3
4
1
1
3
0
0
3
0
0
3
0
1
3
0
0
3
0
0
3
0
0
0
1
2
0
0
1
0
0
1
1
0
2
5
4
6
10
9
11
12
11
13
1
0
2
1
0
2
1
0
2
2
0
2
2
0
2
2
0
2
4
2
4
9
9
9
16
16
16
15
15
15
59
60
61
215
217
217
250
253
253
248
252
252
237
241
242
242
247
248
239
244
245
236
249
247
236
249
247
236
249
247
236
249
247
236
249
247
236
249
247
236
249
247
235
248
246
235
248
246
236
249
247
236
249
247
237
250
248
237
250
248
234
248
246
231
244
242
236
249
247
238
251
249
238
251
249
236
248
248
237
249
249
191
202
202
101
111
113
38
45
48
7
15
18
2
7
10
4
7
11
2
6
11
3
6
13
1
1
8
6
8
16
7
9
18
7
9
17
3
4
12
4
7
14
10
14
22
5
9
16
9
12
20
9
13
21
5
11
19
12
18
25
18
25
32
5
17
29
4
18
31
6
20
35
6
21
36
3
20
37
4
22
41
9
28
47
12
27
46
8
20
38
13
30
46
28
43
57
25
39
51
31
45
56
34
49
59
36
56
64
31
50
57
41
58
65
66
81
88
66
76
85
72
80
89
76
84
93
77
85
94
83
92
101
94
103
113
93
104
112
89
102
110
85
99
108
83
98
102
83
97
100
80
94
98
95
109
112
106
120
123
108
122
126
103
117
121
101
115
119
121
135
139
111
125
128
116
130
133
112
126
129
115
129
133
128
143
148
79
106
127
81
108
129
89
116
137
84
111
132
77
105
126
77
105
126
88
116
137
89
119
140
89
120
140
78
109
129
88
120
140
98
130
150
89
122
142
86
116
137
86
111
135
77
102
125
90
115
137
95
120
142
72
97
118
83
106
126
92
115
134
104
127
145
85
107
124
90
111
128
91
113
129
100
121
136
93
114
129
106
118
127
105
115
124
106
119
128
95
111
121
84
103
114
86
107
121
78
102
116
85
110
123
87
108
122
82
101
112
86
103
113
85
98
107
82
93
101
76
86
93
77
91
97
68
82
88
50
63
69
60
74
80
53
66
72
50
62
68
50
62
68
44
55
61
36
46
53
30
40
47
32
41
48
35
44
51
35
43
50
34
42
49
34
43
50
33
43
50
33
42
49
32
41
48
30
39
46
29
38
45
26
36
43
25
35
42
26
35
42
25
35
42
25
35
42
26
35
42
27
36
43
28
38
44
22
29
37
18
25
33
22
28
36
26
30
38
28
31
41
27
30
40
27
29
41
17
22
34
19
25
37
12
20
33
3
14
26
12
25
37
2
11
24
6
15
21
8
15
21
11
18
25
5
10
17
8
13
19
6
11
17
10
12
19
6
7
15
13
13
21
5
5
12
5
3
11
7
4
12
4
2
9
7
3
9
7
3
8
7
3
8
7
3
8
5
4
8
5
4
8
4
4
8
4
5
9
4
4
8
2
4
8
3
5
9
1
2
6
1
3
7
0
2
7
3
3
3
3
3
3
4
4
4
4
4
4
1
2
1
0
1
0
2
2
1
3
3
3
1
2
1
1
1
1
1
2
1
2
2
1
1
2
1
2
1
1
7
3
3
7
4
4
4
0
0
5
1
1
5
1
1
10
6
6
5
1
1
5
1
1
4
0
0
4
0
0
4
0
0
4
0
1
5
1
1
5
1
1
5
0
1
5
0
1
4
0
0
4
0
0
4
0
0
4
0
0
4
0
0
5
0
1
5
0
1
5
1
1
5
0
1
5
0
1
4
0
0
1
1
2
0
1
2
1
1
2
3
2
4
7
6
8
14
13
15
15
15
17
0
0
1
1
2
3
0
0
1
4
4
5
1
1
2
0
1
2
3
4
4
6
6
6
25
25
25
76
77
77
217
219
219
241
243
244
249
252
253
250
254
255
249
253
254
247
252
253
249
254
254
236
249
247
236
249
247
236
249
247
236
249
247
236
249
247
236
249
247
236
249
247
235
248
246
235
248
246
236
249
247
236
249
247
237
250
248
237
250
248
237
250
248
237
250
248
237
250
248
238
251
249
238
251
249
239
251
251
239
251
251
240
251
251
218
228
230
156
165
167
57
66
69
10
18
21
10
14
18
6
11
16
6
7
13
3
1
8
5
3
11
7
5
13
5
3
10
3
1
8
6
4
12
6
4
12
5
3
10
8
6
13
12
11
19
12
12
19
11
11
18
12
12
20
5
12
19
5
12
20
6
13
23
5
14
25
4
15
27
3
16
29
4
17
31
7
20
33
7
19
32
9
19
30
11
20
28
13
21
28
15
22
29
13
24
31
10
26
33
11
26
33
14
26
34
16
27
36
19
29
37
22
30
39
26
33
42
28
35
44
27
35
44
29
37
47
31
41
51
35
45
55
38
49
59
33
44
50
33
45
49
37
49
53
39
50
54
40
52
56
42
53
57
44
55
59
41
52
56
41
53
57
42
54
58
43
54
58
43
54
58
42
54
58
42
54
59
41
55
70
42
56
71
44
58
72
44
58
73
42
56
71
38
54
68
38
54
68
40
57
71
39
57
71
39
57
71
40
58
72
42
60
74
42
62
75
42
61
76
35
54
70
32
50
66
44
62
78
43
60
76
30
47
62
33
50
64
38
54
68
36
52
65
36
50
63
36
51
62
37
52
63
36
51
62
34
49
60
41
50
58
43
52
60
44
55
63
40
53
62
34
51
60
33
51
62
33
53
64
28
49
60
33
51
63
34
51
60
35
49
58
39
50
58
37
46
54
32
40
47
38
51
57
31
44
50
34
46
52
36
48
54
31
43
49
33
44
50
38
48
55
32
42
49
28
37
44
23
32
39
24
32
39
27
35
42
27
35
42
28
35
42
29
36
43
28
35
42
26
33
40
25
32
39
26
33
40
26
34
41
25
32
39
24
31
38
23
31
38
21
29
36
21
28
35
22
30
37
26
33
40
27
30
35
22
24
28
22
24
28
27
28
32
25
24
29
26
23
30
26
24
31
20
18
25
18
17
26
16
16
25
13
15
24
10
14
22
7
13
22
6
13
20
6
13
17
3
9
13
5
10
15
8
12
17
6
9
14
6
8
13
8
9
14
8
7
12
7
5
11
8
5
11
10
6
11
10
5
11
7
2
8
6
0
6
6
0
5
5
0
5
4
0
5
4
0
5
3
0
4
2
0
4
2
1
4
6
6
9
2
1
4
1
2
4
3
3
6
3
3
6
1
2
5
2
2
1
2
2
0
2
2
0
2
2
0
2
2
0
2
2
0
2
2
0
3
3
1
2
2
0
2
2
0
1
1
0
2
2
1
4
4
2
2
1
0
2
1
0
2
1
0
2
1
0
2
1
0
2
1
0
2
1
0
2
1
0
2
1
0
2
1
0
2
1
0
2
1
0
2
1
0
2
1
0
3
1
0
4
0
0
4
0
0
4
0
0
4
0
0
4
0
0
4
0
0
4
0
0
4
0
0
4
0
0
4
0
0
4
0
0
4
0
0
4
0
0
5
4
5
3
3
4
4
3
5
3
2
4
5
5
6
10
10
11
7
9
10
1
2
3
4
6
7
2
2
3
8
9
10
4
5
6
2
4
5
7
8
9
21
22
22
93
95
95
200
203
203
245
248
249
243
246
247
247
251
252
247
251
252
248
252
253
248
252
253
247
252
253
236
249
247
236
249
247
236
249
247
236
249
247
236
249
247
236
249
247
236
249
247
235
248
246
235
248
246
236
249
247
236
249
247
237
250
248
237
250
248
237
250
248
237
250
248
237
250
248
238
251
249
238
251
249
239
251
251
239
251
251
239
250
250
241
250
252
236
245
248
183
192
195
91
99
102
36
43
47
9
17
21
7
7
12
10
6
12
7
3
9
5
1
7
8
5
10
7
3
9
7
2
8
8
2
9
6
1
7
7
2
8
10
5
11
10
5
11
10
5
11
13
8
14
8
8
11
8
9
12
8
9
14
7
10
16
6
11
18
5
11
19
5
12
21
8
14
23
8
14
22
10
14
20
12
15
19
14
17
18
16
17
19
13
18
21
6
18
23
7
18
25
8
18
26
11
19
28
14
22
30
17
24
32
17
24
32
18
24
33
21
27
36
24
30
40
25
32
43
27
34
45
28
36
46
30
40
46
33
43
47
36
46
50
36
46
50
35
46
50
36
46
50
37
47
51
39
50
54
38
48
52
35
45
49
34
45
49
36
46
50
39
49
53
42
51
56
43
46
55
45
47
56
46
49
58
46
49
58
45
47
56
41
46
54
39
44
52
39
44
52
38
44
52
38
44
52
39
45
53
40
46
54
42
48
56
42
50
59
37
49
59
35
47
57
41
52
62
40
51
61
34
44
54
35
45
54
37
47
55
37
46
54
37
46
53
39
48
55
40
49
56
39
48
54
36
45
52
38
44
51
39
46
53
38
46
54
34
45
52
29
43
51
29
44
53
30
47
55
25
42
50
28
44
52
29
43
51
31
42
50
34
43
50
32
39
46
28
34
40
32
43
48
26
38
43
29
41
46
31
43
48
26
37
43
27
37
43
31
40
46
27
35
41
26
33
39
24
32
38
23
30
36
22
28
35
21
26
32
19
24
30
20
26
32
22
27
34
22
27
33
20
26
32
20
26
32
22
27
34
19
24
31
18
24
30
20
25
32
20
25
32
18
24
30
18
24
30
19
25
31
24
23
25
26
23
25
24
21
23
25
22
23
26
22
24
25
19
22
26
20
24
21
16
20
20
16
19
18
15
19
16
14
18
13
12
16
11
11
15
9
10
14
4
8
12
8
13
16
5
9
13
2
4
8
5
7
11
8
9
13
7
7
11
8
7
11
7
5
9
7
3
8
8
4
9
10
4
9
7
1
6
6
0
5
6
0
6
5
0
6
4
0
5
4
0
5
3
0
4
3
0
3
8
6
8
4
2
4
4
3
5
7
6
7
4
3
4
3
2
3
4
2
4
3
1
1
3
1
0
3
1
0
3
1
0
3
1
0
3
1
0
3
1
0
4
2
1
4
2
1
3
1
0
3
1
0
6
4
3
10
8
7
8
7
6
1
2
0
1
2
0
1
2
0
1
2
0
1
2
0
1
2
0
1
2
0
1
2
0
1
2
0
1
2
0
1
2
0
1
2
0
1
2
0
2
1
0
4
0
0
4
0
0
4
0
0
4
0
0
4
0
0
4
0
0
4
0
0
4
0
0
4
0
0
4
0
0
4
0
0
4
0
0
4
0
0
7
6
7
5
5
6
4
3
5
1
0
2
3
4
5
6
8
9
1
2
3
5
7
8
3
4
5
7
8
9
4
5
6
5
7
8
7
11
12
24
26
27
107
110
110
205
208
208
242
246
246
244
248
249
240
244
245
243
247
248
246
250
251
248
252
253
248
252
253
247
252
253
236
249
247
236
249
247
236
249
247
236
249
247
236
249
247
236
249
247
236
249
247
235
248
246
235
248
246
236
249
247
236
249
247
237
250
248
237
250
248
237
250
248
237
250
248
237
250
248
238
251
249
238
251
249
239
251
251
239
251
251
239
250
250
238
248
250
230
240
243
239
248
251
215
224
226
146
155
158
60
69
73
14
15
20
9
7
12
7
4
9
7
5
10
9
6
11
6
3
7
8
3
9
9
3
9
7
1
7
8
1
7
9
2
8
7
0
6
7
0
6
11
4
10
9
3
4
8
4
4
8
4
6
6
5
7
5
6
10
5
6
10
5
6
12
7
8
14
7
8
12
8
8
11
11
8
10
14
10
10
15
11
10
11
11
11
3
10
13
3
10
15
4
11
17
7
13
19
10
15
21
12
17
24
11
16
24
11
15
24
14
18
27
18
21
31
19
22
33
19
23
34
19
24
34
25
31
37
28
36
40
31
38
43
30
38
42
28
36
41
28
36
40
29
37
41
30
38
42
30
38
42
30
38
42
30
38
42
31
39
43
32
39
44
33
40
44
40
38
41
40
38
42
41
39
43
42
40
43
41
38
42
39
36
41
37
35
39
37
35
39
36
34
39
36
34
39
37
35
39
38
36
40
39
37
41
39
40
45
37
43
49
36
42
48
35
41
47
35
41
46
35
40
46
35
40
45
33
38
42
32
37
41
34
38
43
36
41
46
38
43
47
36
41
45
32
37
42
31
34
39
30
35
41
30
36
42
27
35
41
24
34
40
23
35
40
23
36
42
19
33
39
21
33
39
22
33
39
25
33
39
28
34
40
26
31
37
22
27
32
24
35
39
22
32
36
25
35
39
27
37
41
23
32
36
22
30
34
25
33
37
23
30
34
19
24
29
18
23
28
19
24
29
18
23
28
18
21
26
14
18
23
14
18
23
18
22
27
19
23
28
17
21
26
17
21
26
20
23
28
17
21
26
17
20
25
19
23
28
19
23
28
18
21
26
17
20
25
17
21
26
21
18
19
28
23
24
24
19
20
21
16
17
24
19
20
21
15
16
24
18
19
21
15
16
20
14
15
18
13
14
17
12
13
15
10
12
13
9
11
11
8
10
6
8
11
9
12
14
6
8
11
5
6
9
10
10
13
7
7
10
4
3
6
7
6
9
6
3
7
5
2
5
6
2
6
7
2
6
5
1
4
5
0
5
5
0
6
4
0
6
4
0
5
4
0
5
3
0
3
3
0
2
13
10
12
7
4
6
7
4
5
18
15
16
8
6
6
4
2
2
6
2
3
3
2
1
2
1
0
2
1
0
2
1
0
2
1
0
2
1
0
2
1
0
3
2
1
2
1
0
2
1
0
3
3
1
12
11
10
23
22
20
21
21
20
0
2
0
0
2
0
0
2
0
0
2
0
0
2
0
0
2
0
0
2
0
0
2
0
0
2
0
0
2
0
0
2
0
0
2
0
0
2
0
2
1
0
3
0
0
3
0
0
3
0
0
3
0
0
3
0
0
3
0
0
3
0
0
3
0
0
3
0
0
3
0
0
3
0
0
3
0
0
3
0
0
1
1
1
2
1
2
5
4
5
4
4
6
3
4
5
4
6
7
2
4
5
8
9
10
7
9
10
5
8
9
7
11
12
2
6
7
37
41
42
133
138
138
213
218
217
245
249
249
238
243
242
245
249
249
247
251
251
242
246
247
249
253
254
248
252
253
248
252
253
248
252
253
236
249
247
236
249
247
236
249
247
236
249
247
236
249
247
236
249
247
236
249
247
235
248
246
235
248
246
236
249
247
236
249
247
237
250
248
237
250
248
237
250
248
237
250
248
237
250
248
238
251
249
238
251
249
239
251
251
239
251
251
238
250
250
237
249
250
238
249
251
239
249
252
226
237
239
236
247
248
183
193
196
110
115
118
29
32
35
4
4
8
15
16
20
1
2
6
6
5
9
6
4
8
5
2
7
5
1
5
7
2
7
8
3
8
6
1
5
6
0
4
9
2
7
8
1
1
8
1
1
8
2
2
6
2
3
4
2
6
4
2
6
4
3
7
6
4
8
6
4
7
7
4
5
9
4
5
12
5
5
13
7
4
10
7
6
2
6
8
3
6
8
4
7
11
7
9
14
9
12
16
10
13
19
10
13
20
10
13
21
11
13
22
12
14
23
13
15
25
15
16
26
17
18
28
18
22
28
20
25
30
23
28
33
23
28
33
22
27
32
22
27
32
23
28
33
21
26
31
24
29
34
27
32
37
28
33
38
28
33
38
25
30
35
24
29
33
32
32
31
32
32
31
33
32
32
33
31
31
34
30
31
33
29
30
33
29
30
36
31
32
35
30
32
35
30
32
36
30
32
37
31
33
38
32
34
37
35
37
36
38
41
35
38
40
30
33
35
30
33
35
34
36
39
33
36
38
28
31
33
26
29
32
29
31
35
32
34
38
34
36
40
32
34
38
28
30
34
24
25
29
23
25
30
25
28
32
24
29
33
22
29
33
19
27
31
16
25
28
17
27
29
17
26
29
20
27
30
22
28
32
25
28
32
23
25
30
21
23
28
20
28
32
20
28
32
23
31
35
25
33
37
22
28
32
20
25
29
23
28
32
24
29
33
15
19
23
15
19
23
20
24
28
21
24
28
19
21
25
14
16
20
13
14
19
18
19
24
20
21
25
18
19
24
18
19
24
20
21
26
20
21
25
20
21
25
20
21
26
19
20
24
18
19
23
18
19
24
20
21
26
21
19
19
26
23
23
22
19
19
19
16
16
20
17
17
18
14
14
22
18
19
18
14
14
17
13
13
17
11
12
15
10
11
14
9
10
13
8
9
11
7
8
8
8
10
4
5
6
6
6
7
9
8
10
8
7
9
8
7
9
10
9
11
6
5
7
4
2
4
3
1
3
3
1
3
3
1
3
2
0
2
3
0
4
4
0
6
4
0
6
4
0
5
3
0
5
2
0
4
2
0
2
7
5
6
12
10
10
27
25
25
48
46
46
13
10
10
7
4
3
8
4
4
2
2
1
1
2
0
1
2
0
1
2
0
1
2
0
1
2
0
1
2
0
1
2
0
1
2
0
1
2
0
1
2
1
8
9
7
17
18
16
16
17
15
0
1
1
0
1
1
0
1
1
0
1
1
0
1
1
0
1
1
0
1
1
0
1
1
0
1
1
0
1
1
0
1
1
0
1
1
0
1
1
1
0
0
2
0
0
2
0
0
2
0
0
2
0
0
2
0
0
2
0
0
2
0
0
2
0
0
2
0
0
2
0
0
2
0
0
2
0
0
2
0
0
4
3
3
3
3
3
5
4
5
5
6
7
2
2
3
0
0
1
5
7
8
3
5
6
8
11
12
0
4
5
7
12
13
62
68
68
150
156
157
232
239
239
240
246
245
244
250
249
243
248
247
248
252
252
244
248
249
240
244
245
247
251
252
248
252
253
248
252
253
248
252
253
236
249
247
236
249
247
236
249
247
236
249
247
236
249
247
236
249
247
236
249
247
235
248
246
235
248
246
236
249
247
236
249
247
237
250
248
237
250
248
237
250
248
237
250
248
237
250
248
238
251
249
238
251
249
239
251
251
239
251
251
237
249
249
236
248
249
234
246
247
240
252
253
235
247
248
236
248
250
237
248
251
216
226
228
153
161
162
89
94
96
36
43
45
5
11
13
10
14
16
5
8
10
1
3
5
0
0
2
2
1
4
5
3
6
5
2
6
4
1
4
6
2
6
8
0
0
8
1
1
7
1
2
6
1
3
4
0
5
3
0
6
3
1
6
4
2
7
4
1
6
6
1
4
8
2
3
10
3
3
12
4
3
10
5
4
5
5
5
5
5
6
6
5
8
7
7
10
9
9
12
10
11
15
11
13
18
12
13
20
10
11
18
8
9
17
10
10
19
12
12
22
15
15
25
13
14
21
15
17
22
18
20
25
19
21
26
19
21
26
20
22
27
22
24
29
21
23
29
21
23
29
22
24
29
22
24
30
22
24
30
23
25
30
23
25
30
22
26
24
22
26
24
22
25
24
22
24
24
22
24
23
23
23
23
24
24
24
29
26
27
29
26
26
29
25
26
29
25
26
31
26
27
32
27
28
31
29
30
30
32
33
29
31
32
25
27
28
25
27
28
29
31
32
29
30
33
26
27
30
25
26
30
27
28
32
30
31
36
30
32
37
28
30
35
25
27
31
22
21
25
22
22
25
24
25
28
25
28
30
24
28
29
19
25
26
14
21
20
18
25
25
17
23
24
20
24
25
24
27
29
25
26
29
24
24
27
25
24
27
18
24
26
19
25
27
21
27
29
22
28
30
21
25
27
18
22
24
20
24
26
22
26
28
16
18
21
19
21
24
24
26
29
20
21
24
15
15
18
14
13
16
15
13
16
18
16
19
19
17
20
19
17
20
18
16
19
19
17
20
20
18
21
21
19
22
19
17
20
16
14
17
15
13
16
18
16
19
22
20
23
20
19
22
18
17
19
20
20
21
23
23
23
15
15
15
12
12
13
16
17
17
13
13
13
12
11
12
13
10
11
11
8
10
11
7
9
10
6
8
9
6
7
7
5
7
3
1
3
8
6
8
8
5
7
3
2
3
24
22
24
32
31
33
6
5
7
3
2
4
1
0
2
1
1
2
1
1
3
0
1
2
2
0
4
3
0
6
3
0
6
3
0
5
1
0
4
1
0
3
1
0
2
3
2
2
12
10
10
30
28
28
54
52
52
13
10
9
10
6
5
8
4
3
2
2
1
0
1
1
0
1
1
0
1
1
0
1
1
0
1
1
0
1
0
0
1
0
1
2
1
1
2
1
0
1
0
1
2
1
4
4
3
3
3
2
2
1
1
2
1
1
2
1
1
2
1
1
2
1
1
2
1
1
2
1
1
2
1
1
2
1
1
2
1
1
2
1
1
2
1
1
2
1
1
1
0
0
1
0
0
1
0
0
1
0
0
1
0
0
1
0
0
1
0
0
1
0
0
1
0
0
1
0
0
1
0
0
1
0
0
1
0
0
1
0
0
3
3
3
8
8
8
1
1
1
2
3
3
4
6
6
1
2
3
3
5
6
0
3
4
1
2
3
32
36
37
103
110
110
188
196
196
238
245
245
240
247
247
240
246
245
240
246
245
245
250
250
241
247
247
247
252
253
246
250
251
246
250
251
248
252
253
248
252
253
248
252
253
236
249
247
236
249
247
236
249
247
236
249
247
236
249
247
236
249
247
236
249
247
235
248
246
235
248
246
236
249
247
236
249
247
237
250
248
237
250
248
237
250
248
237
250
248
237
250
248
238
251
249
238
251
249
239
251
251
239
251
251
239
251
251
232
244
245
235
247
248
242
254
254
238
250
251
241
253
254
238
249
251
223
236
237
239
251
251
202
216
215
149
162
161
108
120
120
38
48
48
5
13
13
6
13
13
1
5
6
0
1
2
1
3
4
3
4
6
2
3
5
3
3
5
8
1
1
7
1
3
6
1
3
5
0
5
3
0
6
2
0
7
1
0
7
2
0
8
3
0
7
4
0
5
6
1
4
8
2
4
10
3
3
9
4
4
8
4
4
7
4
4
7
3
5
7
5
6
8
6
8
8
7
10
10
9
14
11
10
16
9
8
14
7
5
13
8
6
15
9
7
16
11
9
18
8
7
14
9
9
15
12
12
18
14
14
20
14
14
20
15
15
21
17
17
23
18
18
24
17
17
23
14
14
20
13
13
19
15
15
21
18
18
24
20
20
26
10
20
19
10
20
18
9
19
17
9
18
16
9
18
16
11
17
17
13
18
18
17
20
20
17
19
20
18
18
19
18
19
19
21
18
19
21
19
21
21
21
22
21
23
24
20
22
23
19
21
23
19
21
23
19
22
25
20
22
26
21
23
27
20
22
27
21
22
28
22
24
31
23
25
32
21
24
30
19
21
28
21
20
23
22
20
21
22
21
22
22
23
24
23
25
24
19
23
21
15
19
17
17
21
20
14
18
16
17
20
19
22
23
24
24
23
24
24
22
23
25
23
25
15
20
21
16
21
22
17
22
23
18
22
23
16
21
22
15
18
19
15
18
19
15
17
18
15
16
17
20
20
22
19
19
21
12
12
13
15
14
16
19
17
19
18
14
16
16
12
14
15
11
13
17
13
15
17
13
15
14
10
12
15
11
13
17
13
15
16
12
14
14
10
12
13
9
11
15
11
13
18
14
16
16
18
22
6
8
13
19
22
26
33
36
39
11
14
17
7
10
13
7
11
13
7
10
12
6
9
12
6
7
10
5
6
9
5
5
8
4
3
7
5
3
6
7
3
5
7
3
5
12
8
10
7
3
5
4
1
3
33
31
33
42
41
43
6
6
7
2
2
4
0
0
1
0
1
2
0
2
3
0
2
3
1
1
4
2
0
6
2
0
6
2
0
6
1
0
4
1
0
3
0
0
1
5
5
5
6
5
5
5
3
3
16
14
13
6
3
3
8
5
4
7
3
2
1
1
1
0
1
1
0
1
1
0
1
1
0
1
1
0
1
1
0
1
1
0
0
0
0
1
1
0
1
1
0
1
1
1
2
2
2
3
3
1
1
2
4
0
1
4
0
1
4
0
1
4
0
1
4
0
1
4
0
1
4
0
1
4
0
1
4
0
1
4
0
1
4
0
1
4
0
1
4
0
1
2
0
0
0
0
0
0
0
0
0
0
0
0
0
0
0
0
0
0
0
0
0
0
0
0
0
0
0
0
0
0
0
0
0
0
0
0
0
0
0
0
0
1
1
1
13
13
13
4
5
5
5
6
6
6
8
9
1
2
3
9
11
12
20
24
25
91
96
96
155
162
162
219
227
227
242
251
251
235
244
244
243
252
251
241
247
246
240
246
245
245
251
250
243
248
249
243
248
248
246
251
252
248
252
253
248
252
253
248
252
253
248
252
253
236
249
247
236
249
247
236
249
247
236
249
247
236
249
247
236
249
247
236
249
247
235
248
246
235
248
246
236
249
247
236
249
247
237
250
248
237
250
248
237
250
248
237
250
248
237
250
248
238
251
249
238
251
249
239
251
251
239
251
251
238
250
250
235
246
248
242
253
254
234
246
247
236
248
250
239
250
251
237
248
250
228
245
244
229
247
245
234
251
250
232
249
248
211
228
226
161
175
173
123
135
134
34
45
44
8
17
16
0
5
5
0
4
4
0
6
5
0
4
4
1
3
3
7
0
3
7
0
3
5
0
5
4
0
7
2
0
8
1
0
9
0
0
9
1
0
9
1
0
8
2
0
6
4
0
5
6
1
4
8
2
4
8
3
3
7
3
2
7
2
2
6
1
2
5
2
2
5
2
3
5
3
5
5
4
8
6
5
9
6
4
10
6
4
10
7
3
11
6
2
11
6
2
10
3
2
8
4
3
9
7
6
12
8
7
13
8
7
13
9
8
14
10
9
15
8
7
13
8
7
13
9
8
14
10
9
15
10
9
15
10
9
15
9
9
15
2
16
14
2
15
14
1
14
12
2
13
11
2
13
11
2
12
12
4
13
13
8
15
15
9
14
15
9
13
15
9
12
15
11
12
15
12
13
16
13
14
17
12
14
17
10
12
15
13
16
20
13
16
20
10
13
17
12
15
20
16
18
24
15
18
25
14
16
24
14
16
25
15
17
26
14
16
25
12
14
23
20
17
20
19
16
16
15
13
13
15
14
14
16
17
16
16
18
16
14
17
14
11
15
11
8
9
7
11
12
10
17
17
16
19
17
17
19
15
16
21
18
19
11
15
16
12
16
17
12
16
17
12
16
17
13
16
17
12
14
15
11
13
14
12
14
15
15
15
16
17
16
18
9
8
10
9
7
9
30
28
30
36
32
34
21
16
18
14
9
11
12
7
9
16
11
13
16
11
13
11
6
8
11
6
8
13
8
10
15
10
12
14
9
11
13
8
10
13
8
10
14
9
11
12
15
21
1
3
8
20
26
32
43
49
55
9
15
21
4
8
13
1
5
8
2
7
11
2
6
11
1
5
9
1
3
8
1
2
7
0
1
5
1
1
4
6
1
2
7
2
3
8
3
5
6
1
3
4
2
2
16
14
15
20
19
20
6
7
8
1
3
4
0
1
1
0
2
1
0
3
3
0
3
3
1
1
4
2
0
6
2
0
6
1
0
6
1
0
4
1
0
3
0
0
1
3
3
3
4
4
4
12
10
10
5
3
3
6
4
4
7
4
3
8
5
2
1
2
1
0
1
1
0
1
1
0
1
1
0
1
1
0
1
1
0
1
1
0
0
0
0
0
0
0
1
1
0
1
1
1
2
2
2
3
3
2
1
1
6
0
2
6
0
2
6
0
2
6
0
2
6
0
2
6
0
2
6
0
2
6
0
2
6
0
2
6
0
2
6
0
2
6
0
2
6
0
2
3
0
1
0
1
1
0
1
1
0
1
1
0
1
1
0
1
1
0
1
1
0
1
1
0
1
1
0
1
1
0
1
1
0
1
1
0
1
1
0
1
1
1
1
1
6
6
6
5
6
6
12
14
14
6
7
8
19
21
22
90
94
95
160
165
166
209
215
216
235
243
243
242
250
250
238
248
248
241
251
251
243
252
251
245
251
250
246
252
251
242
248
247
244
249
250
244
249
250
246
251
252
246
250
251
248
252
253
248
252
253
248
252
253
236
249
247
236
249
247
236
249
247
236
249
247
236
249
247
236
249
247
236
249
247
237
250
248
237
250
248
237
250
248
236
249
247
236
249
247
235
248
246
236
249
247
238
251
249
239
252
250
240
253
251
238
251
249
239
251
250
240
253
251
238
251
249
237
249
249
239
252
250
234
247
246
238
251
250
238
250
250
239
251
250
239
252
250
234
247
245
240
251
250
238
250
248
235
247
245
237
248
247
228
238
237
155
165
164
146
155
153
55
62
61
8
15
14
3
10
9
0
7
6
0
5
5
3
1
2
3
1
2
3
3
4
3
5
7
1
2
5
1
1
4
6
4
8
3
0
4
6
1
5
8
1
5
9
0
3
10
0
2
11
0
2
7
2
2
3
3
2
2
3
2
2
3
2
2
3
2
1
3
2
1
3
3
1
3
3
2
3
4
2
3
5
2
3
5
3
3
5
2
3
6
3
4
7
20
23
25
22
25
27
12
15
16
4
6
8
2
2
4
2
4
6
4
7
8
2
5
7
2
4
6
3
5
6
4
5
6
4
5
7
3
5
7
2
5
7
4
12
11
4
12
11
4
12
11
34
42
41
33
41
40
4
11
11
1
8
7
3
9
9
4
9
9
4
8
9
4
8
9
4
8
9
5
9
9
5
9
10
4
9
10
2
7
8
4
9
9
5
9
10
5
10
11
8
13
14
63
67
69
41
45
48
5
7
10
11
15
18
7
12
15
7
12
15
6
9
12
10
12
12
10
12
12
8
11
11
8
12
11
10
14
12
11
15
13
11
16
13
4
7
4
6
10
8
16
20
19
38
41
40
32
35
34
11
13
13
15
18
17
5
12
12
6
13
12
6
12
12
6
13
12
7
13
13
7
12
12
6
11
10
6
9
9
9
12
12
8
10
11
2
3
3
4
5
6
22
24
25
24
27
27
10
13
13
5
8
8
4
6
6
6
7
7
6
8
8
5
7
7
4
6
6
5
6
6
6
7
8
6
7
8
7
6
7
6
6
7
7
6
7
5
10
11
1
5
7
9
15
17
18
25
27
4
11
12
3
8
9
1
6
7
0
5
6
0
4
6
0
4
5
0
3
5
0
3
4
0
2
3
0
2
2
2
0
1
2
1
1
2
1
2
2
2
2
3
3
3
4
4
4
4
5
5
2
4
4
1
3
3
0
2
1
1
3
2
1
3
3
1
3
3
2
2
3
3
2
4
2
1
4
1
1
3
0
0
2
0
0
1
1
1
1
1
1
1
2
2
2
8
7
7
2
1
1
3
2
2
3
1
1
4
3
2
1
1
1
0
0
0
0
0
0
0
0
0
0
0
0
0
0
0
0
0
0
0
0
0
1
1
1
0
1
1
0
0
0
0
1
1
1
1
1
2
1
1
3
0
1
3
0
1
3
0
1
3
0
1
3
0
1
3
0
1
3
0
1
3
0
1
3
0
1
3
0
1
3
1
2
3
0
2
3
0
1
6
2
3
8
4
4
7
2
3
4
0
1
4
1
2
4
2
2
3
1
2
1
1
1
0
1
1
3
5
5
3
5
5
0
2
1
0
1
1
0
4
3
0
3
3
2
5
4
3
5
4
35
38
38
101
105
104
162
165
166
203
208
208
244
249
248
242
247
247
242
248
247
244
250
250
244
250
250
248
255
254
248
254
254
249
254
254
250
254
254
245
250
250
246
251
251
248
253
254
248
252
253
248
252
253
249
253
254
249
253
254
248
252
253
236
249
247
236
249
247
236
249
247
236
249
247
236
249
247
236
249
247
235
248
246
233
246
244
234
247
245
235
248
246
236
249
247
236
249
247
237
250
248
236
249
247
235
248
246
238
251
249
238
251
249
236
249
247
236
249
247
239
252
250
239
252
250
239
252
250
238
251
249
237
250
248
237
250
248
237
250
248
238
251
249
240
249
248
241
249
248
241
249
248
241
249
248
240
248
247
240
248
247
240
248
247
230
238
237
239
246
246
185
193
192
154
162
161
85
93
92
21
29
28
5
12
11
6
11
10
3
6
5
0
3
2
1
5
4
0
3
2
1
1
1
8
5
5
12
7
8
10
3
4
11
1
2
12
0
2
14
1
3
15
2
4
9
2
3
2
3
3
2
3
3
2
3
3
2
3
3
2
3
3
2
3
3
1
2
2
1
2
2
1
2
2
1
2
2
1
2
2
2
4
3
4
5
5
15
18
18
15
18
18
7
10
10
1
4
4
0
2
2
0
3
3
2
5
5
3
6
6
2
5
4
1
4
4
1
3
3
1
4
3
2
5
4
3
6
5
3
4
4
4
6
6
3
4
4
34
36
36
30
31
31
4
5
5
6
8
7
1
3
3
1
3
2
1
2
2
1
2
2
1
2
2
1
2
2
2
5
4
3
8
7
2
7
6
1
6
5
2
7
6
5
10
9
7
13
12
43
48
47
24
27
26
5
9
8
11
15
14
2
5
4
6
10
9
5
10
9
2
8
7
4
9
8
4
9
8
4
9
8
5
10
9
5
10
9
6
11
10
6
10
9
7
11
10
7
11
10
23
29
28
20
25
24
3
6
5
11
17
15
1
9
8
2
9
8
2
9
8
3
9
8
3
9
8
3
9
8
3
8
7
3
7
6
7
10
10
6
9
9
2
4
3
3
5
5
12
14
13
10
14
14
2
8
7
0
6
5
0
4
3
0
4
3
0
5
4
1
5
5
2
5
5
2
5
5
4
5
5
4
5
5
4
4
4
4
4
4
4
4
4
1
3
3
0
3
3
0
3
3
0
3
3
1
4
3
1
4
4
1
4
4
4
7
6
3
6
6
3
6
5
2
5
5
2
5
4
1
4
3
1
3
3
1
1
1
1
2
2
2
2
2
2
3
3
3
4
4
4
5
5
3
4
4
1
1
1
1
1
1
1
1
1
1
2
2
1
2
2
1
2
2
2
2
2
3
2
2
3
1
1
2
0
0
1
0
0
1
0
0
2
1
1
3
1
1
3
2
2
3
2
2
3
2
2
3
2
2
3
2
2
3
2
2
2
1
1
2
1
1
2
1
1
2
1
1
2
1
1
2
1
1
2
1
1
1
0
0
2
0
0
2
0
0
1
0
0
1
0
0
3
2
2
4
3
3
3
2
2
3
2
2
3
2
2
3
1
1
3
1
1
3
1
1
3
2
2
4
2
2
3
2
2
3
2
2
4
3
3
4
3
3
3
2
2
7
2
2
9
2
2
8
1
2
6
0
1
6
0
1
5
1
2
5
2
2
7
6
6
6
6
6
3
5
5
2
3
3
2
6
5
2
4
3
0
4
3
2
4
3
58
63
62
128
132
131
178
182
182
218
223
222
244
248
248
246
251
250
246
251
250
247
252
251
247
252
251
247
252
251
248
253
252
248
253
252
248
252
252
246
250
251
248
252
253
248
252
253
248
252
253
248
252
253
249
253
254
250
254
255
249
253
254
249
253
254
249
253
254
236
249
247
236
249
247
236
249
247
236
249
247
236
249
247
236
249
247
236
249
247
236
249
247
236
249
247
237
250
248
238
251
249
239
252
250
240
253
251
238
251
249
235
248
246
238
251
249
238
251
249
237
250
248
238
251
249
240
253
251
239
252
250
238
251
249
238
251
249
238
251
249
239
252
250
239
252
250
240
253
251
241
251
249
242
250
249
242
250
249
243
251
250
244
252
251
244
252
251
244
252
251
221
229
228
247
254
254
240
248
247
232
240
239
207
215
214
173
180
180
94
102
101
14
21
20
6
11
10
0
1
0
0
3
2
2
4
4
4
4
4
8
5
5
8
4
4
10
4
5
13
5
6
14
3
5
13
1
3
16
3
5
12
3
4
6
2
2
6
2
2
6
2
2
6
2
2
6
2
2
6
2
2
5
1
2
5
1
2
5
1
1
5
1
1
5
1
2
6
2
3
7
3
3
5
3
3
4
2
2
5
2
3
5
2
3
6
3
3
5
2
3
5
2
3
4
2
2
4
1
1
3
1
1
3
1
1
3
1
1
4
1
1
4
2
2
6
2
3
7
3
4
5
1
2
15
11
11
10
6
6
7
3
4
16
12
13
7
3
4
7
3
3
6
2
2
6
1
2
5
1
1
5
1
1
3
2
2
1
3
2
1
2
2
0
2
2
1
2
2
3
4
4
5
6
6
6
8
7
2
2
2
11
12
12
8
9
9
2
2
2
9
10
9
6
8
7
4
5
5
4
6
6
4
6
6
4
6
6
5
6
6
5
7
6
5
7
7
10
12
12
11
12
12
0
1
1
5
6
6
5
6
6
1
1
1
7
9
8
2
5
5
2
5
5
2
5
5
3
5
5
4
5
5
4
5
5
4
5
5
6
6
5
9
8
8
9
8
8
6
5
5
6
3
4
9
5
6
7
6
7
4
6
5
3
5
4
3
4
4
2
3
3
3
3
3
4
3
3
6
5
5
7
5
5
8
4
5
7
4
4
7
3
4
7
3
4
7
3
3
4
2
3
3
2
2
3
2
2
3
2
2
3
3
3
3
3
3
3
3
3
4
3
3
3
3
3
3
2
2
2
2
2
2
2
2
2
1
1
2
1
1
3
1
1
3
1
1
4
1
1
4
1
1
4
1
1
5
2
2
5
1
2
4
1
2
4
1
1
4
0
1
4
0
1
4
0
1
4
0
1
6
1
2
7
1
1
6
0
1
6
0
1
6
0
1
6
0
1
7
1
2
7
1
1
7
1
1
7
1
1
7
1
1
7
1
1
7
1
1
7
1
1
7
0
1
6
0
1
6
0
1
6
0
1
6
0
1
6
0
1
7
0
1
8
2
3
9
2
3
9
2
3
8
2
3
8
2
3
9
3
4
10
3
4
8
2
3
8
2
2
8
2
2
8
1
2
7
1
1
7
1
1
7
1
2
7
1
2
7
1
2
8
1
2
8
2
3
8
2
3
8
2
2
13
6
7
13
7
8
9
3
4
11
5
6
14
9
10
12
8
9
7
5
5
5
4
4
3
3
3
2
3
3
5
9
9
3
6
5
17
21
20
78
83
82
164
168
167
187
192
191
223
228
227
245
250
249
239
244
243
237
242
241
249
253
253
246
251
250
247
252
251
248
253
252
249
254
253
250
254
254
250
254
254
249
254
254
249
253
253
250
254
254
249
253
254
247
251
252
246
250
251
247
251
252
248
252
252
247
251
252
247
251
252
247
251
252
236
249
247
236
249
247
236
249
247
236
249
247
236
249
247
236
249
247
236
249
247
237
250
248
237
250
248
236
249
247
235
248
246
234
247
245
233
246
244
233
246
244
232
245
243
233
246
244
234
247
245
235
248
246
236
249
247
238
251
249
238
251
249
238
251
249
239
252
250
240
253
251
240
253
251
240
253
251
240
253
251
241
250
249
241
249
248
241
249
248
241
249
248
241
249
248
241
249
248
241
249
248
238
246
245
239
247
246
237
245
244
240
248
247
233
241
240
240
247
247
211
219
218
176
183
183
102
110
109
35
41
40
12
17
16
7
11
10
8
9
9
6
5
5
15
12
12
10
4
5
9
2
3
10
1
2
11
0
2
12
1
3
13
1
3
12
0
2
12
0
2
12
0
2
12
0
2
12
0
2
12
0
2
14
2
4
15
3
4
13
1
3
13
1
3
14
2
4
14
3
4
15
3
4
14
3
5
14
3
4
13
2
3
12
1
3
12
1
3
12
1
3
13
2
3
13
3
4
14
3
4
14
3
5
14
4
5
14
4
5
15
4
6
15
5
6
18
6
8
14
2
4
16
4
5
17
5
7
14
2
4
17
5
7
20
8
10
17
5
6
16
4
6
15
3
5
14
2
4
13
1
3
13
1
3
10
2
3
7
2
3
7
2
3
7
2
3
7
3
4
8
4
4
9
5
6
16
11
12
13
9
10
9
5
5
7
3
3
10
6
6
9
4
5
8
3
4
7
3
4
7
3
4
8
4
4
9
4
5
9
5
6
10
6
6
10
6
7
8
4
4
15
10
11
8
4
4
11
6
7
12
7
8
6
2
2
5
2
2
3
3
3
4
2
3
5
2
3
5
2
3
5
1
2
5
1
2
6
1
2
8
3
3
8
3
4
10
4
5
11
4
5
10
2
3
8
1
1
7
1
2
7
3
3
7
3
3
8
3
4
7
3
4
7
2
3
7
2
2
9
3
3
10
3
4
10
1
3
10
1
2
10
1
2
10
1
2
9
1
2
9
2
3
9
2
3
9
2
3
9
2
3
9
2
3
9
2
3
9
2
3
8
2
2
8
2
3
9
2
3
9
3
3
10
3
4
10
4
4
11
4
5
9
2
3
9
2
3
9
2
3
8
1
2
8
1
2
9
1
2
9
2
3
9
2
3
9
2
3
9
1
2
9
1
2
9
1
2
9
1
2
11
1
3
13
1
3
12
1
2
12
1
2
13
1
3
14
2
4
14
2
4
13
2
4
13
1
3
13
1
3
13
1
3
13
1
3
13
1
3
13
1
3
13
1
3
13
1
3
13
1
3
13
1
3
13
1
3
13
1
3
13
1
3
11
1
1
11
1
1
11
1
2
12
1
2
12
1
3
13
1
3
12
1
2
14
2
4
13
2
3
13
2
3
13
1
3
12
1
2
12
1
2
12
0
2
11
0
1
12
0
2
13
2
3
13
1
3
13
1
3
14
3
5
12
4
5
8
3
3
8
2
3
8
3
4
7
3
3
7
5
5
10
9
9
16
16
16
16
17
17
5
7
7
54
59
58
142
147
146
187
192
191
209
215
214
242
247
246
242
247
246
245
250
249
249
254
253
247
251
251
246
251
250
250
255
254
248
253
252
247
252
251
246
251
250
245
250
249
243
248
247
241
246
245
242
246
246
247
251
252
248
252
253
248
252
253
246
250
251
244
248
249
244
248
249
246
250
251
248
252
253
248
252
253
248
252
253
236
249
247
236
249
247
236
249
247
236
249
247
236
249
247
236
249
247
236
249
247
237
250
248
237
250
248
237
250
248
237
250
248
237
250
248
236
249
247
236
249
247
236
248
246
237
248
246
237
249
247
239
251
249
240
252
250
241
252
250
241
253
251
242
253
251
242
254
252
242
254
252
241
253
251
240
251
249
239
250
248
243
252
251
245
253
252
244
252
251
242
250
249
240
248
247
239
247
246
238
246
245
226
234
233
238
246
245
239
247
246
242
250
249
239
247
246
243
251
250
240
248
247
238
248
246
210
218
217
195
203
202
142
148
147
37
42
41
4
5
5
17
18
18
5
4
4
7
3
4
16
10
11
19
13
14
19
10
11
19
10
11
20
8
10
19
3
6
19
3
6
19
3
6
19
3
6
19
3
6
19
3
6
21
5
8
21
5
8
19
3
6
20
4
6
22
6
8
23
7
9
22
6
8
16
2
3
13
1
1
14
0
2
14
0
2
15
1
3
16
2
4
16
3
5
16
2
4
16
2
4
17
3
5
18
4
6
18
4
6
19
5
7
19
5
7
21
5
8
15
0
1
20
4
6
19
3
5
17
1
4
19
3
6
16
1
3
18
2
5
18
1
4
17
1
3
15
0
2
14
0
1
14
0
1
11
0
1
7
1
1
7
1
1
7
1
1
8
1
2
9
1
2
9
1
2
10
3
4
9
3
3
8
1
1
11
4
5
15
7
8
8
0
1
17
10
10
11
4
5
9
1
2
10
3
4
12
4
5
13
6
7
15
7
8
15
8
9
8
1
2
13
6
7
8
1
2
9
2
3
12
4
5
12
4
5
9
2
3
7
2
3
7
2
2
7
1
2
7
0
1
7
0
1
7
0
0
9
1
2
13
3
5
11
2
3
12
2
4
15
4
6
16
4
6
15
3
5
11
2
3
10
1
2
11
1
3
12
2
4
12
2
4
11
1
3
11
1
2
13
1
3
13
1
3
13
0
2
13
0
2
13
0
2
13
0
2
13
0
2
11
0
1
11
0
1
12
0
1
12
0
1
12
0
2
12
0
2
12
0
2
12
0
1
12
1
2
12
1
2
12
1
2
13
1
3
13
1
3
13
1
3
12
2
4
12
1
3
11
1
3
11
0
2
10
0
2
10
0
1
10
0
2
11
1
3
12
1
3
12
1
3
12
2
4
12
2
4
13
3
5
16
2
5
18
2
5
17
1
4
17
1
4
17
1
4
18
2
5
19
3
5
20
4
7
20
4
7
20
4
7
20
4
7
20
4
7
20
4
7
20
4
7
31
15
18
33
17
19
33
17
19
33
17
19
33
17
19
33
17
19
33
17
20
44
28
30
44
28
30
46
30
33
49
33
36
51
35
38
51
35
38
51
35
38
54
38
41
55
39
42
55
39
42
56
40
42
56
40
43
57
40
43
56
40
43
56
40
42
58
41
44
58
42
44
56
40
43
56
40
43
58
42
44
55
44
46
50
45
46
52
47
48
57
52
53
56
52
52
56
54
54
62
61
61
72
72
72
139
141
141
189
191
191
203
208
207
236
241
240
244
249
249
241
247
246
243
248
247
250
254
254
248
252
252
241
246
245
242
247
246
248
253
252
247
252
251
248
253
252
249
254
253
249
254
253
249
254
253
249
253
253
248
252
252
247
251
251
244
248
249
247
251
252
249
253
254
249
253
254
249
253
253
249
253
253
248
252
252
245
249
250
246
250
251
247
251
252
236
249
247
236
249
247
236
249
247
236
249
247
236
249
247
236
249
247
236
249
247
235
248
246
235
248
246
234
247
245
233
246
244
232
245
243
232
245
243
233
245
243
236
247
245
235
246
244
236
247
245
238
249
247
239
250
248
238
249
247
236
247
245
236
247
245
238
249
247
241
252
250
242
253
251
242
253
251
242
253
251
241
250
249
241
249
248
242
250
249
242
250
249
242
250
249
242
250
249
242
250
249
241
249
248
244
252
251
233
241
240
239
246
246
245
253
252
236
244
243
236
244
243
239
249
248
243
252
251
236
244
243
226
233
232
211
216
215
163
167
166
76
77
77
39
39
39
38
36
36
47
42
43
53
47
48
49
42
43
48
41
42
50
39
41
51
34
37
51
34
37
51
34
37
51
34
37
51
34
37
51
34
37
52
35
38
51
34
37
49
32
35
50
33
36
54
37
40
55
38
41
54
37
40
46
32
34
47
33
35
52
38
40
54
40
42
54
40
42
50
36
38
47
33
35
50
36
38
51
37
39
52
38
40
53
39
41
54
40
42
54
40
42
54
40
42
59
44
46
58
44
46
62
47
49
55
40
43
54
40
42
58
44
46
60
46
47
57
43
45
57
42
44
56
42
44
55
41
43
54
40
42
54
40
41
50
38
39
45
35
37
45
35
37
46
36
37
46
36
38
46
35
37
45
35
37
44
34
36
49
39
40
51
40
42
47
36
38
51
40
42
49
39
41
55
45
47
52
41
43
50
39
41
51
40
42
52
41
43
53
42
44
54
43
45
54
44
46
49
38
40
48
38
39
45
35
37
45
35
36
45
35
36
47
37
39
46
36
38
45
38
39
45
38
39
45
37
38
44
36
37
43
35
36
44
34
36
45
34
36
47
36
38
46
34
36
46
34
36
48
35
37
51
38
40
52
39
41
49
37
39
46
35
37
46
35
37
48
36
38
49
36
38
49
36
38
50
37
39
51
37
39
51
38
40
51
37
39
53
37
39
53
37
40
54
37
40
54
37
40
49
35
37
48
35
37
50
36
38
51
37
39
52
39
41
53
40
42
54
40
42
51
37
39
51
37
39
51
37
39
50
36
38
49
35
37
49
35
37
48
35
37
51
38
40
51
38
40
51
38
40
50
38
40
50
37
39
51
38
40
50
38
39
50
37
39
51
38
40
52
39
41
53
40
42
54
41
43
55
42
44
58
43
45
59
42
45
58
41
44
57
40
43
57
40
43
57
40
43
57
40
43
58
41
44
58
41
44
58
41
44
58
41
44
58
41
44
58
41
44
58
41
44
54
37
40
53
36
39
53
36
39
53
36
39
53
36
39
53
36
39
53
36
39
55
38
41
55
38
41
57
40
43
61
44
47
64
47
50
63
46
49
61
44
47
62
45
48
62
45
48
63
46
49
64
47
50
64
47
50
65
48
51
64
47
50
65
48
51
67
50
53
65
48
51
61
44
47
59
42
45
61
44
47
51
40
42
49
44
45
60
55
56
55
52
53
59
56
57
113
111
111
194
193
193
222
223
223
238
240
240
243
247
246
247
252
251
245
250
250
235
241
240
243
249
248
249
253
253
240
244
244
237
242
241
244
249
248
249
253
253
250
255
254
244
249
248
249
254
253
249
254
253
249
254
253
249
254
253
249
253
253
248
253
252
247
251
251
244
248
249
246
250
251
246
250
251
245
249
250
243
247
248
243
247
248
244
248
249
246
250
251
248
252
253
250
254
254
236
249
247
236
249
247
236
249
247
236
249
247
236
249
247
236
249
247
234
247
245
223
236
234
222
235
233
221
234
232
219
232
230
217
230
228
216
229
227
219
231
229
224
235
233
222
233
231
222
233
231
224
235
233
224
235
233
222
233
231
221
232
230
223
234
232
224
235
233
225
236
234
225
236
234
223
234
232
221
232
230
231
240
239
237
245
244
236
244
243
235
243
242
233
241
240
232
240
239
231
239
238
220
228
227
239
247
246
242
250
249
233
241
240
233
241
240
235
243
242
245
252
252
236
247
245
231
242
240
239
249
247
238
246
245
221
227
227
221
227
226
218
222
221
172
173
173
120
120
120
101
99
99
119
115
115
130
125
126
116
111
112
116
107
109
133
119
121
133
119
121
133
119
121
133
119
121
133
119
121
133
119
121
135
121
123
134
120
122
131
117
119
133
120
122
139
125
128
141
127
129
139
125
128
140
128
130
142
131
133
146
135
137
147
135
137
145
134
136
141
130
132
138
126
128
154
143
145
157
146
148
159
148
150
160
149
151
161
150
152
161
149
151
161
149
151
164
152
154
167
155
157
165
154
156
160
149
151
164
152
154
163
152
154
170
158
160
165
153
155
165
153
155
164
153
155
164
152
154
163
152
154
163
152
154
163
153
155
163
154
155
163
154
155
164
155
156
164
155
156
163
154
156
163
154
155
168
159
160
168
160
161
161
152
153
152
144
145
157
149
150
161
152
153
156
147
148
156
148
149
156
147
149
155
147
148
154
146
147
153
145
146
152
144
145
152
143
144
146
137
138
143
135
136
147
138
140
147
139
140
141
133
134
140
132
133
137
129
130
141
134
135
140
134
135
139
133
134
138
132
133
137
131
132
138
129
131
137
129
130
136
127
128
137
126
128
138
127
129
138
127
129
140
129
131
142
130
132
142
130
132
141
130
132
140
129
131
140
129
131
141
129
131
143
131
133
145
132
134
146
133
135
146
133
135
147
133
135
148
134
136
149
135
137
150
135
137
151
135
138
147
133
136
147
134
136
149
136
138
152
138
140
154
141
143
155
142
144
156
143
145
163
150
152
163
150
152
164
150
152
164
151
153
165
152
154
166
152
154
167
154
156
172
160
162
173
161
163
174
162
164
175
164
166
176
165
167
177
166
168
174
163
165
166
155
157
168
156
158
169
158
160
172
160
162
174
163
165
176
164
166
178
165
168
180
165
167
178
163
166
176
162
164
175
161
163
175
160
162
175
160
162
174
159
161
173
159
161
173
159
161
173
159
161
173
159
161
173
159
161
173
159
161
175
160
162
175
161
163
175
161
163
175
161
163
175
161
163
175
161
163
175
161
163
175
161
163
173
158
161
173
159
161
177
163
165
179
164
166
174
159
161
171
156
159
179
165
167
179
165
167
179
164
166
178
163
166
177
162
165
177
162
165
175
160
163
174
159
161
175
161
163
173
158
160
165
151
153
162
147
149
163
148
151
162
154
155
145
142
142
132
129
130
155
153
153
190
188
188
212
212
212
225
226
226
220
222
222
227
229
229
225
230
229
219
224
223
223
228
227
226
232
231
218
224
223
220
225
224
218
223
222
222
227
226
220
225
224
211
216
215
210
215
214
217
222
221
221
226
225
220
225
224
217
222
221
213
218
217
210
215
214
207
212
211
204
209
208
199
203
204
199
203
204
197
201
202
194
198
199
191
195
196
190
194
195
185
189
190
180
184
185
183
187
188
185
189
189
236
249
247
236
249
247
236
249
247
236
249
247
236
249
247
236
249
247
234
247
245
227
240
238
228
241
239
230
243
241
232
245
243
234
247
245
235
248
246
237
249
247
238
247
246
236
244
243
235
243
242
237
245
244
237
245
244
234
242
241
226
234
233
218
227
226
213
222
220
204
212
211
192
200
199
180
188
187
171
180
179
159
167
166
151
159
158
143
151
150
133
141
140
123
131
130
114
122
121
108
116
115
115
123
122
98
106
105
109
117
116
110
118
117
105
113
112
101
109
108
98
106
105
98
111
109
103
114
112
98
109
107
98
107
106
109
117
116
111
117
116
102
107
106
91
95
94
93
94
94
101
100
100
99
97
97
89
87
87
96
91
92
104
98
99
103
96
97
103
96
97
103
96
97
103
96
97
103
96
97
103
96
97
106
99
101
106
100
101
103
97
98
107
100
101
113
106
108
116
109
110
114
107
108
116
110
111
116
110
111
113
107
108
113
107
108
115
109
110
118
113
114
121
116
117
128
122
123
130
125
126
133
128
129
135
129
130
135
130
131
135
129
130
135
129
130
148
142
143
147
142
143
142
136
137
147
141
142
157
151
152
145
139
140
150
144
145
152
146
147
152
146
147
152
146
147
152
146
147
153
147
148
153
147
148
152
147
148
152
146
147
152
146
147
153
147
148
152
147
148
152
146
147
151
146
147
151
146
147
145
139
140
148
143
144
154
149
150
150
144
145
149
143
144
149
143
144
149
144
145
148
143
144
145
139
140
142
136
137
138
133
134
136
130
131
134
129
130
129
123
124
122
117
118
124
119
120
123
118
119
116
111
112
119
114
115
120
115
116
119
116
116
118
116
116
117
115
115
116
114
114
115
112
113
116
110
111
115
110
111
114
109
110
117
111
112
119
112
114
118
111
112
117
110
111
118
111
112
118
112
113
117
111
112
116
109
110
114
108
109
116
109
110
120
111
113
122
114
115
121
113
114
122
111
113
123
112
114
124
113
115
125
114
116
127
115
117
129
116
118
124
115
116
124
116
117
127
118
119
130
121
122
132
124
125
135
126
128
136
128
129
139
130
131
140
132
133
143
135
136
147
138
139
150
142
143
154
145
146
156
147
148
160
152
153
162
154
155
165
157
158
169
160
161
172
164
165
175
167
168
178
169
171
182
174
175
184
175
176
186
178
179
189
181
182
192
184
185
194
185
186
196
186
188
197
185
187
195
183
185
192
181
183
191
180
182
190
179
181
190
178
180
192
180
182
193
182
184
193
182
184
193
182
184
193
182
184
193
182
184
193
182
184
193
182
184
193
182
184
193
182
184
193
182
184
193
182
184
193
182
184
193
182
184
195
184
186
191
180
182
190
179
181
193
182
184
193
182
184
187
176
178
181
170
172
186
175
177
185
174
176
183
171
173
181
169
171
178
166
168
176
165
167
173
161
163
169
158
160
170
159
161
166
155
157
157
146
148
152
141
143
154
142
144
150
144
145
141
139
139
140
138
138
144
144
144
140
140
140
136
136
136
141
142
142
148
150
150
133
138
137
132
137
136
142
147
146
139
145
144
140
146
145
138
144
143
139
144
143
142
147
146
142
147
146
140
145
144
146
151
150
150
155
154
146
151
150
164
169
168
171
176
175
182
187
186
196
201
200
210
215
214
221
226
225
228
233
232
233
237
238
235
239
240
236
240
241
236
240
241
237
241
242
240
244
245
240
244
245
239
243
244
241
245
246
242
246
246
236
249
247
236
249
247
236
249
247
235
248
246
234
247
245
234
247
245
234
247
245
233
246
244
235
248
246
237
250
248
236
249
247
236
249
247
237
250
248
238
249
247
238
246
245
239
247
246
240
248
247
240
248
247
241
249
248
242
250
249
242
250
249
242
250
249
240
248
247
239
247
246
238
246
245
237
245
244
234
242
241
235
243
242
235
243
242
232
240
239
230
238
237
228
236
235
227
235
234
227
235
234
232
240
239
229
237
236
228
236
235
229
237
236
230
238
237
229
237
236
229
237
236
224
237
235
225
237
235
226
237
235
228
239
237
231
240
239
233
239
238
230
236
235
230
234
233
229
231
231
231
232
232
234
234
234
238
236
236
240
238
238
240
239
239
238
237
237
238
237
237
238
237
237
238
237
237
238
237
237
238
237
237
238
238
238
239
238
238
239
239
239
241
240
240
241
241
241
241
241
241
240
240
240
234
235
235
234
235
235
236
237
237
235
237
237
234
236
236
235
236
236
236
238
238
236
237
237
237
238
238
237
239
239
238
240
240
238
239
239
237
239
239
237
238
238
240
242
242
240
242
242
240
241
241
240
242
242
241
242
242
240
241
241
240
242
242
241
243
243
241
243
243
241
243
243
241
243
243
241
243
243
241
243
243
241
243
243
240
242
242
240
242
242
241
242
242
240
242
242
240
242
242
240
242
242
240
242
242
241
242
242
241
243
243
243
244
244
242
243
243
241
243
243
241
242
242
241
243
243
241
243
243
241
242
242
241
242
242
240
242
242
240
242
242
240
242
242
240
241
241
238
239
239
237
239
239
236
238
238
236
237
237
236
238
238
237
239
239
234
238
238
233
238
237
233
237
236
232
237
236
234
237
236
235
237
237
237
238
238
241
241
241
242
242
242
243
242
242
243
242
242
243
243
243
244
243
243
244
243
243
242
241
241
241
240
240
241
239
239
241
239
239
242
240
240
243
240
240
243
239
240
244
238
239
244
238
239
245
239
240
245
240
241
245
240
242
245
240
242
245
240
241
245
240
241
245
240
241
245
241
242
245
242
243
246
242
243
246
242
243
246
241
242
245
240
241
245
240
241
246
240
241
247
241
242
247
243
244
247
244
245
248
244
245
248
244
245
248
245
246
248
245
246
249
245
246
249
245
246
249
245
246
249
246
247
250
246
247
250
246
247
250
247
248
250
246
247
250
245
246
250
246
247
251
247
248
250
247
248
250
246
247
250
245
246
250
245
246
250
245
246
250
245
246
250
245
246
250
245
246
250
245
246
250
245
246
250
245
246
250
245
246
250
245
246
250
245
246
250
245
246
250
246
247
250
246
247
250
247
248
250
247
248
251
247
248
250
247
248
250
246
247
250
246
247
250
245
246
250
244
245
249
244
245
250
245
246
250
245
246
249
245
246
249
245
246
249
244
246
249
244
245
249
244
245
248
244
245
248
244
245
248
244
245
247
244
245
247
244
245
247
244
246
245
244
244
243
243
243
242
242
242
241
241
241
241
241
241
241
242
242
242
244
244
243
245
245
240
244
243
239
244
243
240
245
244
240
245
244
239
245
244
239
245
244
240
245
244
241
246
245
242
246
246
240
245
244
239
244
243
240
245
244
241
246
245
242
247
246
240
245
244
240
245
244
242
247
246
245
250
249
246
251
250
245
250
249
247
251
252
247
251
252
247
251
252
245
249
250
245
249
250
248
252
253
249
253
254
248
252
253
248
252
252
247
251
251
236
249
247
236
249
247
236
249
247
235
248
246
234
247
245
234
247
245
234
247
245
234
247
245
236
249
247
237
250
248
236
249
247
236
249
247
237
250
248
237
249
247
238
246
245
239
247
246
240
248
247
240
248
247
241
249
248
242
250
249
244
252
251
244
252
251
242
250
249
242
250
249
242
250
249
242
250
249
240
248
247
241
249
248
242
250
249
240
248
247
239
247
246
238
246
245
238
246
245
238
246
245
242
250
249
241
249
248
239
247
246
240
248
247
242
250
249
242
250
249
241
249
248
236
249
247
236
249
247
237
249
247
240
251
249
243
251
250
242
250
249
242
248
247
241
247
246
241
244
243
241
243
243
245
245
245
249
249
249
250
250
250
248
250
250
245
250
249
245
250
249
245
250
249
245
250
249
245
250
249
245
250
249
246
251
250
246
251
250
247
252
251
248
253
252
248
253
252
248
253
252
247
251
250
242
248
247
243
249
248
245
251
250
245
251
250
244
249
248
244
250
249
245
251
250
244
250
249
244
250
249
245
251
250
246
252
251
245
251
250
244
250
249
244
250
249
246
252
251
246
252
251
246
252
251
246
252
251
246
252
251
246
252
251
246
252
251
246
252
251
246
252
251
246
252
251
246
252
251
246
252
251
246
252
251
246
252
251
245
251
250
245
251
250
245
251
250
245
251
250
245
251
250
245
251
250
245
251
250
246
252
251
246
252
251
247
253
252
247
253
252
246
252
251
245
251
250
246
252
251
246
252
251
246
252
251
246
252
251
246
252
251
246
252
251
246
252
251
246
252
251
245
251
250
244
250
249
243
249
248
243
249
248
243
249
248
243
250
249
239
250
248
239
250
248
238
249
247
240
248
247
240
248
247
241
249
248
242
250
249
246
251
251
246
252
251
246
252
251
247
253
252
248
253
252
249
254
253
249
253
253
249
253
252
247
252
251
246
251
250
246
251
250
247
251
250
249
251
251
249
250
250
248
250
250
250
250
250
251
251
251
252
251
251
252
252
252
252
252
252
250
251
251
249
251
251
249
251
251
250
252
252
251
253
253
251
253
253
251
253
253
249
251
251
248
250
250
248
250
250
248
250
250
249
251
251
250
252
252
251
253
253
253
253
253
253
253
253
253
253
253
253
253
253
253
253
253
253
253
253
253
253
253
253
252
252
253
253
253
253
253
253
253
253
253
252
252
252
251
251
251
252
251
252
253
253
253
253
253
253
252
252
252
252
252
252
251
251
251
251
251
251
251
251
251
251
251
251
251
251
251
251
251
251
251
251
251
251
251
251
251
251
251
251
251
251
251
251
251
251
251
251
252
252
252
253
253
253
253
253
253
253
253
253
253
253
253
253
253
253
253
252
253
252
252
252
251
251
251
251
251
251
251
251
251
252
252
252
252
252
252
252
252
252
252
252
252
252
252
252
252
252
252
252
252
252
252
252
252
252
252
252
253
253
253
253
253
253
254
254
254
254
254
254
253
253
253
251
251
251
250
250
250
249
249
249
248
250
250
250
252
252
252
254
254
251
253
253
249
254
253
249
254
253
249
254
253
249
254
253
248
254
253
248
254
253
249
254
253
250
255
254
251
255
255
249
254
253
247
252
251
248
253
252
249
254
253
250
255
254
247
252
251
246
251
250
247
252
251
249
254
253
248
253
252
247
252
251
247
251
252
248
252
253
247
251
252
245
249
250
245
249
250
248
252
253
249
253
254
248
252
253
247
251
252
246
250
251
