0
5
1
0
6
2
1
6
1
0
6
1
0
5
0
0
6
0
1
9
3
5
12
4
7
13
4
7
11
2
5
15
6
9
15
5
7
13
2
4
11
1
1
16
7
4
12
3
2
14
4
2
21
10
6
12
2
0
18
8
2
18
7
7
15
3
10
11
0
6
14
2
9
14
1
8
14
2
9
15
3
10
10
0
4
11
0
5
12
0
6
13
1
7
14
2
8
13
2
5
11
0
3
17
6
9
22
11
14
10
0
1
14
3
5
13
3
4
14
4
5
20
9
11
10
1
0
20
11
9
18
10
6
13
5
0
15
9
2
16
10
1
12
7
1
14
10
3
21
17
6
13
9
2
8
5
0
9
7
0
11
9
0
8
4
0
11
6
3
11
6
6
11
6
7
9
5
6
5
1
4
9
4
8
9
5
5
8
4
2
6
1
0
9
4
2
9
4
2
10
5
2
11
6
3
6
1
0
15
10
9
12
7
6
8
3
2
6
1
0
6
1
0
6
1
0
6
1
0
7
2
1
7
2
1
7
2
1
6
1
0
6
1
0
6
1
0
4
0
0
4
0
0
4
0
0
4
0
0
4
0
0
4
0
0
4
0
0
4
0
0
4
0
0
4
0
0
4
0
0
4
0
0
4
0
0
4
0
0
4
0
0
4
0
0
4
0
0
4
0
0
4
0
0
4
0
0
4
0
0
4
0
0
4
0
0
4
0
0
4
0
0
4
0
0
4
0
0
4
0
0
4
0
0
4
0
0
4
0
0
4
0
0
4
0
0
4
0
0
4
0
0
4
0
0
4
0
0
4
0
0
4
0
0
4
0
0
4
0
0
4
0
0
4
0
0
4
0
0
4
0
0
4
0
0
4
0
0
4
0
0
4
0
0
4
0
0
4
0
0
6
1
2
6
1
2
6
1
2
6
1
2
6
1
2
6
1
2
6
1
2
6
1
2
6
1
2
6
1
2
5
0
1
5
0
1
5
0
1
4
0
0
4
0
0
4
0
0
4
0
0
4
0
0
5
0
1
5
0
1
5
0
1
5
0
1
4
0
0
4
0
0
4
0
0
4
0
0
4
0
0
4
0
0
4
0
0
5
0
1
5
0
2
6
0
4
6
0
4
6
1
4
6
1
4
6
1
3
7
2
3
9
4
5
9
5
5
10
7
5
10
8
4
11
11
6
14
15
7
15
16
7
14
15
5
11
12
2
11
14
2
15
19
5
19
24
8
20
25
10
18
23
8
16
19
6
18
21
7
24
26
11
26
26
11
26
26
11
29
28
14
29
29
14
25
25
9
18
15
1
21
17
2
22
17
3
23
16
3
28
20
7
31
22
9
33
24
12
37
26
16
42
29
21
47
34
26
45
29
22
40
24
17
30
16
12
13
2
4
12
1
3
11
0
2
10
0
1
10
0
1
10
0
1
10
0
1
10
0
1
10
0
1
10
0
1
11
0
2
11
0
2
11
0
2
11
0
2
11
0
2
11
0
2
11
0
2
11
0
2
11
0
2
11
0
2
11
0
2
11
0
2
11
0
2
11
0
2
11
0
2
11
0
2
11
0
2
11
0
2
11
0
2
11
0
2
11
0
2
11
0
2
11
0
2
11
0
2
11
0
2
11
0
2
11
0
2
11
0
2
11
0
2
11
0
2
10
0
2
6
0
1
8
0
1
9
1
1
9
1
2
9
1
2
9
1
2
9
1
2
10
1
2
11
0
2
11
0
2
5
1
0
6
2
1
6
2
1
6
1
0
5
0
0
8
2
3
11
4
6
14
6
9
16
8
10
16
7
10
14
6
8
12
4
5
12
2
3
16
6
6
22
13
10
19
8
5
19
7
4
22
11
7
17
7
4
16
6
1
13
4
2
12
2
6
17
6
11
21
9
14
19
7
12
17
6
10
15
4
9
11
0
4
10
0
4
13
2
5
17
6
9
24
13
16
11
0
3
14
3
5
14
3
5
12
2
4
12
2
3
17
6
8
20
9
11
21
10
12
21
10
12
14
4
2
20
11
8
19
9
6
16
7
2
21
12
5
29
22
13
27
21
11
26
21
10
27
23
12
27
24
12
18
14
6
16
13
5
16
13
4
11
8
2
15
11
5
15
11
7
16
11
10
18
12
12
11
6
7
18
13
14
23
19
16
22
18
13
11
7
2
8
4
2
15
11
8
16
11
8
14
8
5
9
4
1
15
10
9
11
6
5
7
2
2
6
1
0
6
1
0
6
1
0
6
1
0
6
1
0
6
1
0
6
1
0
6
1
0
6
1
0
6
1
0
4
0
0
4
0
0
4
0
0
4
0
0
4
0
0
4
0
0
4
0
0
4
0
0
4
0
0
4
0
0
4
0
0
4
0
0
4
0
0
4
0
0
4
0
0
4
0
0
4
0
0
4
0
0
4
0
0
4
0
0
4
0
0
4
0
0
4
0
0
4
0
0
4
0
0
4
0
0
4
0
0
4
0
0
4
0
0
4
0
0
4
0
0
4
0
0
4
0
0
4
0
0
4
0
0
4
0
0
4
0
0
4
0
0
4
0
0
4
0
0
4
0
0
4
0
0
4
0
0
4
0
0
4
0
0
4
0
0
4
0
0
4
0
0
4
0
0
4
0
0
4
0
0
6
1
2
6
1
2
6
1
2
6
1
2
6
1
2
6
1
2
6
1
2
6
1
2
6
1
2
6
1
2
5
0
1
4
0
0
5
0
1
6
1
2
7
2
3
7
2
3
8
3
4
8
3
4
8
3
4
8
3
4
8
3
4
7
2
3
6
1
2
6
1
2
6
1
2
5
0
1
5
0
1
6
1
2
6
1
2
7
2
3
7
2
4
7
0
4
10
3
6
11
5
7
13
8
9
14
9
11
15
10
11
15
11
10
16
13
10
18
15
11
20
17
13
23
22
16
23
24
16
23
24
15
22
24
13
21
24
11
24
26
14
28
31
17
30
35
20
30
35
20
26
31
14
32
35
20
34
36
21
31
33
18
21
21
7
16
16
4
20
20
6
25
24
10
26
26
10
25
22
7
30
26
11
32
27
13
33
26
13
35
27
14
35
26
14
32
22
12
30
19
10
30
17
9
29
16
8
26
11
4
21
5
1
17
1
1
13
2
4
13
1
3
12
0
2
11
0
2
11
0
1
11
0
1
11
0
1
11
0
1
11
0
1
12
0
2
12
0
2
12
0
2
12
0
2
12
0
2
12
0
2
12
0
2
12
0
2
12
0
2
12
0
2
12
0
2
10
1
2
9
1
2
9
1
2
9
1
2
9
1
2
9
1
2
9
1
2
9
1
2
9
1
2
9
1
2
9
1
2
9
1
2
9
1
2
9
1
2
9
1
2
9
1
2
9
1
2
9
1
2
9
1
2
9
1
2
9
1
2
8
0
1
8
0
1
9
0
1
9
1
2
9
1
2
10
2
3
11
2
3
13
2
4
13
2
5
13
2
5
5
1
0
6
2
1
7
2
1
8
2
2
7
1
2
8
2
3
9
2
4
11
3
6
13
4
7
13
4
7
18
9
12
18
8
10
17
6
8
21
11
11
22
12
10
19
7
5
20
8
5
26
15
11
45
36
28
45
35
28
39
29
27
35
25
26
37
27
28
20
9
11
15
4
6
13
2
4
15
4
6
20
10
11
15
6
6
17
7
8
18
8
9
17
6
7
14
4
5
22
11
13
21
10
12
18
7
9
26
15
17
12
2
3
12
2
3
14
3
5
13
2
4
19
7
6
21
9
7
20
9
6
21
10
5
27
18
11
37
29
21
35
27
17
31
24
13
28
21
11
32
27
14
28
23
11
27
22
10
24
20
8
18
13
4
20
16
7
17
13
6
20
16
10
25
20
15
14
9
5
26
21
18
24
19
15
18
14
9
13
9
4
15
11
6
21
17
12
17
13
9
9
5
2
7
2
0
20
15
12
14
9
8
9
4
3
7
2
1
6
1
0
6
1
0
6
1
0
6
1
0
6
1
0
6
1
0
6
1
0
6
1
0
6
1
0
4
0
0
4
0
0
4
0
0
4
0
0
4
0
0
4
0
0
4
0
0
4
0
0
4
0
0
4
0
0
4
0
0
4
0
0
4
0
0
4
0
0
4
0
0
4
0
0
4
0
0
4
0
0
4
0
0
4
0
0
4
0
0
4
0
0
4
0
0
4
0
0
4
0
0
4
0
0
4
0
0
4
0
0
4
0
0
4
0
0
4
0
0
4
0
0
4
0
0
4
0
0
4
0
0
4
0
0
4
0
0
4
0
0
4
0
0
4
0
0
4
0
0
4
0
0
4
0
0
4
0
0
4
0
0
4
0
0
4
0
0
4
0
0
4
0
0
4
0
0
4
0
0
6
1
2
6
1
2
6
1
2
6
1
2
6
1
2
6
1
2
6
1
2
6
1
2
6
1
2
6
1
2
6
1
2
6
1
2
7
2
3
10
5
6
12
7
8
13
8
9
14
9
10
14
9
10
13
8
9
12
7
8
11
6
7
9
4
5
8
3
4
8
2
4
7
2
3
6
1
2
6
1
2
7
2
3
8
3
4
8
3
4
9
3
5
7
1
2
10
3
5
12
7
8
14
9
9
14
9
9
12
9
6
12
9
5
13
10
5
15
12
6
17
15
8
23
22
13
22
21
11
20
21
9
19
20
7
21
23
8
26
28
13
30
32
16
32
34
17
30
32
15
23
26
9
27
28
13
28
28
14
26
26
12
15
15
1
12
12
0
18
18
4
23
23
7
26
25
9
24
21
6
29
24
9
32
26
12
35
27
14
36
28
15
35
25
15
32
21
12
29
17
8
26
13
5
23
10
2
23
7
2
21
5
1
19
3
2
15
2
4
14
1
3
13
0
2
13
0
2
13
0
2
13
0
2
12
0
1
12
0
1
12
0
1
13
0
2
13
0
2
13
0
2
13
0
2
13
0
2
13
0
2
13
0
2
13
0
2
13
0
2
13
0
2
13
0
2
9
1
2
8
1
2
8
1
2
8
1
2
8
1
2
8
1
2
8
1
2
8
1
2
8
1
2
8
1
2
8
1
2
8
1
2
8
1
2
8
1
2
8
1
2
8
1
2
8
1
2
8
1
2
8
1
2
8
1
2
8
1
2
8
0
1
8
0
1
9
1
1
9
1
2
10
2
3
11
3
4
14
3
5
15
4
6
15
4
6
16
5
7
6
1
0
7
2
1
8
3
2
9
4
4
10
4
5
9
3
4
9
1
3
9
0
3
9
1
4
12
3
6
23
13
15
22
11
14
18
8
9
24
14
14
23
12
10
24
12
10
24
13
10
29
18
14
65
55
48
53
43
36
51
41
36
53
43
39
57
47
43
23
14
9
15
5
3
13
2
2
16
5
5
30
20
17
23
12
11
31
19
18
35
24
23
29
18
16
20
9
9
23
11
12
20
9
10
19
8
9
45
33
35
17
5
7
25
12
14
26
14
16
14
1
3
20
7
6
19
7
5
18
6
3
20
9
4
31
19
13
36
25
17
35
25
16
36
27
17
40
32
20
39
32
19
37
30
16
33
27
13
29
24
10
24
19
7
24
19
7
22
16
5
28
22
11
37
31
21
22
16
6
36
31
22
30
25
18
22
19
12
22
18
12
25
22
15
21
17
11
22
18
14
26
22
18
28
24
20
38
33
30
19
14
12
6
1
1
9
4
2
8
3
2
7
2
1
6
1
0
6
1
0
6
1
0
6
1
0
6
1
0
6
1
1
6
1
1
5
0
1
5
0
1
5
0
1
5
0
1
5
0
1
5
0
1
5
0
1
5
0
1
5
0
1
5
0
1
5
0
1
5
0
1
5
0
1
5
0
1
5
0
1
5
0
1
5
0
1
5
0
1
5
0
1
5
0
1
5
0
1
5
0
1
5
0
1
5
0
1
5
0
1
5
0
1
5
0
1
5
0
1
5
0
1
5
0
1
5
0
1
5
0
1
5
0
1
5
0
1
5
0
1
5
0
1
5
0
1
5
0
1
5
0
1
5
0
1
5
0
1
5
0
1
5
0
1
5
0
1
5
0
1
5
0
1
5
0
1
5
0
1
5
0
1
5
0
1
5
0
1
6
1
2
6
1
2
6
1
2
6
1
2
6
1
2
6
1
2
6
1
2
6
1
2
6
1
2
6
1
2
6
1
2
7
2
3
9
4
4
11
6
7
14
9
10
15
10
11
15
10
11
15
10
11
14
9
10
14
9
10
11
6
7
8
3
4
7
2
3
7
2
3
7
2
3
6
1
2
6
1
2
7
2
3
7
2
3
7
2
4
8
3
4
10
5
3
12
7
6
14
9
7
13
9
7
12
8
5
10
6
2
10
7
1
12
9
1
14
13
3
17
16
6
20
20
8
19
18
6
17
17
3
17
18
2
22
23
6
28
29
11
30
32
13
30
32
12
26
29
8
20
23
2
17
18
2
19
19
4
23
23
8
22
22
7
23
23
7
27
26
10
29
27
12
27
24
9
23
19
4
27
22
7
32
26
11
36
28
15
36
29
15
36
26
15
34
22
13
31
18
9
26
13
5
22
9
2
22
7
1
23
7
1
22
6
2
15
2
4
14
1
3
13
0
2
13
0
2
13
0
2
13
0
2
13
0
2
13
0
2
13
0
2
13
0
2
13
0
2
13
0
2
13
0
2
13
0
2
13
0
2
13
0
2
13
0
2
13
0
2
13
0
2
13
0
2
8
1
2
6
1
2
6
1
2
6
1
2
6
1
2
6
1
2
6
1
2
6
1
2
6
1
2
6
1
2
6
1
2
6
1
2
6
1
2
6
1
2
6
1
2
6
1
2
6
1
2
6
1
2
6
1
2
6
1
2
7
1
2
8
0
1
8
0
1
9
1
1
10
1
2
11
1
3
12
2
4
14
4
6
15
4
6
16
5
7
17
6
8
6
1
0
6
1
0
7
2
1
9
4
4
12
6
7
12
5
5
11
3
5
12
3
6
15
6
9
22
12
15
60
49
52
61
50
53
50
39
40
51
39
39
37
25
23
38
26
24
35
23
20
30
19
14
76
64
58
45
34
28
36
26
18
42
33
24
66
57
47
38
29
20
30
21
13
24
14
8
22
12
6
44
35
27
45
35
29
67
56
52
74
62
59
46
35
31
48
36
35
58
46
44
48
36
35
39
27
27
85
72
73
32
19
20
49
36
38
55
42
44
33
21
22
41
27
25
39
25
23
39
24
22
43
29
25
63
49
43
55
43
35
53
42
33
61
52
41
75
66
53
45
37
23
56
48
33
55
48
32
51
45
28
49
42
26
43
37
21
40
33
17
47
41
25
58
53
37
37
33
17
53
49
33
50
46
34
49
44
35
56
51
43
68
63
56
47
42
35
54
48
42
69
64
57
53
48
43
63
57
52
37
31
28
17
10
8
12
6
3
11
5
2
9
2
2
8
1
1
7
0
0
7
0
0
7
0
0
8
1
0
9
1
1
9
2
2
6
1
2
6
1
2
6
1
2
6
1
2
6
1
2
6
1
2
6
1
2
6
1
2
6
1
2
6
1
2
6
1
2
6
1
2
6
1
2
6
1
2
6
1
2
6
1
2
6
1
2
6
1
2
6
1
2
6
1
2
6
1
2
6
1
2
6
1
2
6
1
2
6
1
2
6
1
2
6
1
2
6
1
2
6
1
2
6
1
2
6
1
2
6
1
2
6
1
2
6
1
2
6
1
2
6
1
2
6
1
2
6
1
2
6
1
2
6
1
2
6
1
2
6
1
2
6
1
2
6
1
2
6
1
2
6
1
2
6
1
2
6
1
2
6
1
2
6
1
2
6
1
2
7
1
2
7
1
2
7
1
2
7
1
2
7
1
2
7
1
2
7
1
2
7
1
2
7
1
2
7
1
2
6
1
1
6
0
1
7
1
2
9
3
4
10
4
5
11
5
6
11
5
6
11
5
6
11
5
6
10
4
5
9
3
4
7
1
2
7
1
2
7
1
2
6
1
2
6
0
1
6
0
1
7
1
2
7
1
2
7
1
2
8
2
2
11
7
2
12
7
3
12
8
4
13
9
4
14
10
3
15
13
4
17
15
6
19
17
7
21
20
8
23
23
9
22
22
6
19
19
3
19
19
1
20
21
2
28
29
10
33
35
13
33
35
14
31
33
11
27
30
5
22
25
1
22
23
5
26
26
10
33
32
16
34
31
16
30
28
13
29
27
12
28
25
10
24
20
5
22
17
2
28
22
8
33
25
12
34
25
13
32
22
12
30
20
10
29
17
9
28
15
7
25
12
4
19
5
0
18
3
0
18
3
0
19
3
1
15
2
4
14
1
3
13
0
2
13
0
2
13
0
2
13
0
2
13
0
2
13
0
2
13
0
2
13
0
2
13
0
2
13
0
2
13
0
2
13
0
2
13
0
2
13
0
2
13
0
2
13
0
2
13
0
2
13
0
2
7
1
2
4
2
2
4
2
2
4
2
2
4
2
2
4
2
2
4
2
2
4
2
2
4
2
2
4
2
2
4
2
2
4
2
2
4
2
2
4
2
2
4
2
2
4
2
2
4
2
2
4
2
2
4
2
2
4
2
2
5
1
2
8
0
1
8
0
1
10
0
1
11
1
2
12
1
3
13
2
4
14
3
5
15
4
6
16
4
6
17
4
6
6
1
0
6
1
0
8
2
1
10
3
3
13
5
6
12
4
5
12
3
5
15
5
8
22
11
14
30
19
22
66
55
58
59
47
49
36
24
26
30
18
18
16
5
4
31
19
18
37
25
22
35
23
19
90
78
72
44
32
26
27
18
7
35
27
13
72
64
50
42
35
21
34
26
13
26
18
6
25
17
5
58
49
39
60
51
42
87
78
69
82
73
66
17
7
4
38
27
24
62
50
47
51
39
37
38
26
25
106
94
94
26
14
14
38
25
27
41
28
30
17
5
6
68
50
49
53
36
35
36
19
18
27
12
9
48
33
30
31
18
12
41
28
20
71
59
49
109
98
86
49
40
26
42
33
18
38
30
13
39
31
13
44
37
18
39
34
13
42
37
16
58
52
32
76
71
50
58
53
32
77
72
51
52
48
33
38
33
23
55
50
41
90
86
77
57
52
43
66
60
52
82
76
69
24
18
12
42
36
31
29
23
18
17
11
7
14
7
4
13
6
3
11
3
2
9
1
1
8
0
0
8
0
0
8
0
0
9
1
1
9
1
1
10
2
2
7
1
2
7
1
2
7
1
2
7
1
2
7
1
2
7
1
2
7
1
2
7
1
2
7
1
2
7
1
2
7
1
2
7
1
2
7
1
2
7
1
2
7
1
2
7
1
2
7
1
2
7
1
2
7
1
2
7
1
2
7
1
2
7
1
2
7
1
2
7
1
2
7
1
2
7
1
2
7
1
2
7
1
2
7
1
2
7
1
2
7
1
2
7
1
2
7
1
2
7
1
2
7
1
2
7
1
2
7
1
2
7
1
2
7
1
2
7
1
2
7
1
2
7
1
2
7
1
2
7
1
2
7
1
2
7
1
2
7
1
2
7
1
2
7
1
2
7
1
2
7
1
2
7
1
2
7
1
2
7
1
2
7
1
2
7
1
2
7
1
2
7
1
2
7
1
2
7
1
2
7
1
2
6
1
1
6
1
0
6
1
0
6
1
0
6
1
0
7
2
1
7
2
1
7
2
1
7
2
1
8
3
2
7
3
2
7
2
1
7
2
1
6
1
0
6
1
0
6
1
0
6
1
0
6
1
0
7
2
1
7
2
1
7
2
1
10
7
0
10
7
0
11
8
0
14
11
2
18
16
6
24
22
11
26
24
13
26
25
13
25
24
10
23
23
7
20
19
1
19
18
0
21
20
1
24
23
2
33
33
9
36
36
12
34
35
10
31
32
6
26
27
1
25
26
0
31
30
10
36
34
16
38
37
19
33
31
13
27
24
6
26
22
6
25
20
5
21
16
1
21
14
0
27
20
6
30
22
9
29
20
8
25
15
5
22
11
3
24
12
4
26
13
5
26
13
6
22
8
2
19
5
1
19
4
1
18
3
1
15
2
4
14
1
3
13
0
2
13
0
2
13
0
2
13
0
2
13
0
2
13
0
2
13
0
2
13
0
2
13
0
2
13
0
2
13
0
2
13
0
2
13
0
2
13
0
2
13
0
2
13
0
2
13
0
2
13
0
2
6
1
2
4
2
2
4
2
2
4
2
2
4
2
2
4
2
2
4
2
2
4
2
2
4
2
2
4
2
2
4
2
2
4
2
2
4
2
2
4
2
2
4
2
2
4
2
2
4
2
2
4
2
2
4
2
2
4
2
2
5
1
1
10
0
0
10
0
0
10
1
1
11
1
1
11
1
1
12
2
2
14
2
2
14
2
3
15
3
3
15
3
3
9
1
1
9
1
1
10
2
2
11
3
3
12
4
5
10
2
3
11
1
3
15
4
7
22
11
14
33
22
25
66
53
57
66
53
56
58
45
47
70
58
58
46
34
32
50
38
36
42
29
27
26
14
10
88
76
70
52
40
34
41
31
20
48
41
23
74
66
49
39
31
14
34
26
10
35
27
12
44
35
21
77
68
55
69
60
49
86
75
66
81
70
62
34
23
15
27
15
9
45
33
28
35
23
20
33
20
19
132
119
117
64
51
51
69
55
56
59
45
46
21
7
8
48
30
29
42
24
23
36
18
17
42
25
23
91
74
71
71
57
51
75
62
54
102
89
81
136
125
114
36
24
13
56
46
31
58
51
33
58
51
32
65
58
38
55
48
28
54
48
26
63
58
35
74
71
45
55
51
25
69
66
40
48
44
26
34
29
18
47
42
31
81
76
65
51
46
36
71
66
56
94
89
80
9
2
0
22
16
10
18
11
6
13
7
2
14
6
3
13
5
2
11
3
2
9
1
1
8
0
0
7
0
0
8
0
0
9
1
1
9
1
1
10
2
2
7
1
2
7
1
2
7
1
2
7
1
2
7
1
2
7
1
2
7
1
2
7
1
2
7
1
2
7
1
2
7
1
2
7
1
2
7
1
2
7
1
2
7
1
2
7
1
2
7
1
2
7
1
2
7
1
2
7
1
2
7
1
2
7
1
2
7
1
2
7
1
2
7
1
2
7
1
2
7
1
2
7
1
2
7
1
2
7
1
2
7
1
2
7
1
2
7
1
2
7
1
2
7
1
2
7
1
2
7
1
2
7
1
2
7
1
2
7
1
2
7
1
2
7
1
2
7
1
2
7
1
2
7
1
2
7
1
2
7
1
2
7
1
2
7
1
2
7
1
2
7
1
2
8
1
2
8
1
2
7
1
2
7
1
2
7
1
2
7
1
2
7
1
2
7
1
2
7
1
2
7
1
2
8
2
2
9
3
2
9
3
2
7
2
1
7
1
0
7
1
0
7
2
1
7
2
1
8
2
2
9
3
2
9
3
2
9
3
2
8
2
1
8
2
1
7
1
0
6
1
0
6
1
0
8
2
1
8
2
2
8
3
2
10
5
3
15
13
3
15
13
3
17
14
4
20
18
7
25
23
11
33
32
18
35
33
19
32
30
15
27
25
8
21
18
1
20
18
0
21
19
0
25
22
1
30
28
4
38
36
12
39
38
12
36
35
8
33
31
3
31
28
0
32
28
1
36
32
11
39
35
17
40
36
17
33
29
11
29
24
6
29
25
7
30
25
8
30
23
8
25
18
3
28
20
7
32
24
11
35
25
13
28
18
8
25
14
6
28
16
8
30
17
10
30
16
10
23
8
5
19
4
1
17
2
0
16
2
1
16
2
4
15
1
3
14
0
2
14
0
2
14
0
2
14
0
2
14
0
2
14
0
2
14
0
2
14
0
2
14
0
2
14
0
2
14
0
2
14
0
2
14
0
2
14
0
2
14
0
2
14
0
2
14
0
2
14
0
2
7
1
2
4
2
2
4
2
2
4
2
2
4
2
2
4
2
2
4
2
2
4
2
2
4
2
2
4
2
2
4
2
2
4
2
2
4
2
2
4
2
2
4
2
2
4
2
2
4
2
2
4
2
2
4
2
2
4
2
2
5
2
2
10
0
0
10
0
0
11
1
1
11
1
1
11
1
1
13
1
1
13
1
1
13
1
1
13
1
1
13
1
1
8
0
0
11
2
2
12
5
5
13
5
5
11
3
3
10
0
1
13
3
5
21
10
13
33
22
25
47
36
39
69
55
59
63
49
52
51
39
40
62
50
50
43
30
28
47
34
32
43
30
28
31
19
16
61
48
42
63
50
44
59
49
37
53
46
27
47
40
21
39
31
15
48
40
23
60
51
35
69
60
46
59
50
36
51
42
30
58
48
38
57
47
37
38
27
19
47
36
29
73
61
55
55
43
38
35
23
20
118
105
102
58
45
43
56
43
42
54
41
41
41
28
28
58
40
39
46
28
27
30
13
12
28
12
12
77
61
58
44
30
25
35
22
15
62
49
41
107
95
86
17
6
0
36
27
15
42
34
19
46
38
22
55
48
28
64
58
36
63
59
34
59
55
30
53
49
24
51
48
22
55
53
26
49
44
25
50
44
30
66
60
47
57
51
38
51
45
33
75
69
58
94
88
78
15
8
2
15
7
1
17
9
4
16
8
4
12
3
0
12
3
0
12
3
0
11
2
0
11
1
1
10
0
0
9
0
0
10
0
0
11
0
1
11
1
2
9
1
2
9
1
2
9
1
2
9
1
2
9
1
2
9
1
2
9
1
2
9
1
2
9
1
2
9
1
2
9
1
2
9
1
2
9
1
2
9
1
2
9
1
2
9
1
2
9
1
2
9
1
2
9
1
2
9
1
2
8
0
1
8
0
1
9
1
2
9
1
2
10
2
3
10
2
3
10
2
3
9
1
2
9
1
2
8
0
1
8
0
1
9
1
2
9
1
2
9
1
2
9
1
2
9
1
2
9
1
2
9
1
2
9
1
2
9
1
2
9
1
2
9
1
2
9
1
2
9
1
2
9
1
2
9
1
2
9
1
2
9
1
2
9
1
2
9
1
2
9
1
2
11
3
4
10
2
3
10
2
3
9
1
2
8
0
1
8
0
1
8
0
1
8
0
1
8
0
1
8
0
1
10
2
3
12
3
3
11
3
3
10
2
2
9
1
1
9
1
1
9
1
1
9
1
1
9
1
1
9
1
1
10
2
2
11
3
3
10
3
3
10
2
2
9
1
1
9
1
1
9
1
1
11
3
3
12
4
4
13
5
5
14
7
5
12
10
0
14
12
1
16
14
3
19
17
5
22
22
8
32
30
16
36
33
18
34
31
15
29
26
8
21
17
1
21
17
0
22
19
0
26
22
1
32
28
4
39
35
10
39
36
9
37
33
5
36
31
3
36
31
2
41
36
7
37
31
9
35
29
9
34
28
9
33
27
8
31
24
7
30
22
5
29
21
5
27
20
4
27
18
4
26
17
4
27
17
6
27
17
7
22
12
3
23
11
3
27
14
7
30
15
10
28
13
9
20
5
2
17
2
0
18
3
2
19
5
3
15
1
3
15
1
3
15
1
3
14
0
3
14
0
2
14
0
2
14
0
2
14
0
2
14
0
2
14
0
2
14
0
2
14
0
2
14
0
2
14
0
2
14
0
2
14
0
2
14
0
2
15
1
3
15
1
3
15
1
3
7
1
2
4
2
2
4
2
2
4
2
2
4
2
2
4
2
2
4
2
2
4
2
2
4
2
2
4
2
2
4
2
2
4
2
2
4
2
2
4
2
2
4
2
2
4
2
2
4
2
2
4
2
2
4
2
2
4
2
2
6
1
2
11
1
1
11
1
1
12
0
0
12
0
0
12
0
0
12
0
0
13
1
1
14
1
1
15
1
2
16
2
3
9
1
1
9
1
1
9
1
1
9
0
0
9
0
0
11
1
2
12
1
4
14
3
6
18
6
9
24
10
13
32
18
23
25
12
15
15
3
4
19
6
6
15
2
1
20
6
4
20
6
5
18
5
3
30
16
10
26
12
6
27
16
4
28
20
3
25
18
1
28
20
4
35
26
11
38
29
14
37
28
14
28
19
6
23
14
3
23
13
3
25
14
5
27
16
8
17
6
1
33
21
16
38
26
21
45
34
29
89
77
73
34
22
19
23
10
8
22
10
7
27
14
11
34
17
16
29
12
11
23
8
6
30
15
14
72
57
55
60
45
42
57
43
39
73
60
54
97
85
78
26
16
7
27
18
7
29
20
7
31
23
8
34
27
9
36
30
10
35
31
8
33
30
5
30
27
2
27
25
0
25
23
0
23
19
1
25
20
4
33
28
12
31
26
12
47
41
27
73
67
54
86
80
68
22
15
5
15
8
1
14
6
0
13
4
0
11
2
0
11
2
0
11
2
0
11
2
1
11
1
1
11
1
1
10
0
1
10
0
1
10
0
1
10
0
2
9
1
2
9
1
2
9
1
2
9
1
2
9
1
2
9
1
2
9
1
2
9
1
2
9
1
2
9
1
2
9
1
2
9
1
2
9
1
2
9
1
2
9
1
2
9
1
2
9
1
2
9
1
2
9
1
2
9
1
2
8
0
1
8
0
1
9
1
2
9
1
2
10
2
3
10
2
3
10
2
3
9
1
2
9
1
2
8
0
1
8
0
1
9
1
2
9
1
2
9
1
2
9
1
2
9
1
2
9
1
2
9
1
2
9
1
2
9
1
2
9
1
2
9
1
2
9
1
2
9
1
2
9
1
2
9
1
2
9
1
2
9
1
2
9
1
2
9
1
2
9
1
2
11
3
4
10
2
3
10
2
3
9
1
2
8
0
1
8
0
1
8
0
1
8
0
1
8
0
1
9
1
2
10
2
2
10
3
2
10
3
2
9
2
1
9
1
1
9
1
1
9
1
1
8
1
1
8
1
1
8
1
1
9
1
1
10
2
2
9
2
1
9
1
1
9
1
1
9
2
1
10
2
1
11
3
2
12
5
3
13
6
4
13
7
4
10
8
0
14
12
1
17
15
4
20
18
6
23
21
7
31
28
13
36
32
17
36
32
15
33
29
11
29
24
5
25
20
0
26
21
0
28
23
1
32
27
2
38
32
8
39
33
6
38
32
4
38
31
3
39
32
3
43
36
7
37
30
7
33
26
7
33
26
6
31
24
4
29
22
3
27
20
2
26
18
1
25
17
1
25
16
1
25
14
1
25
15
3
26
15
5
21
9
1
23
9
2
27
13
7
29
14
10
27
12
9
19
4
1
16
1
0
17
2
1
18
4
3
15
1
3
15
1
3
15
1
3
15
1
2
14
0
2
14
0
2
14
0
2
14
0
2
14
0
2
14
0
2
14
0
2
14
0
2
14
0
2
14
0
2
14
0
2
14
0
2
15
1
2
15
1
3
15
1
3
15
1
3
9
1
2
6
1
2
6
1
2
6
1
2
6
1
2
6
1
2
6
1
2
6
1
2
6
1
2
6
1
2
6
1
2
6
1
2
6
1
2
6
1
2
6
1
2
6
1
2
6
1
2
6
1
2
6
1
2
6
1
2
8
1
1
13
1
1
13
1
1
13
0
0
12
0
0
12
0
0
13
0
0
14
1
0
15
1
1
16
2
2
16
3
2
12
3
3
11
1
1
10
0
0
10
0
0
12
1
3
15
4
6
17
5
8
17
4
7
15
1
5
13
0
3
22
7
11
19
6
8
14
1
2
12
0
0
24
10
8
22
8
6
23
8
5
26
11
8
25
11
5
22
8
2
21
9
1
20
11
0
19
11
0
33
24
11
40
31
18
40
31
18
35
26
13
36
26
15
37
27
16
30
20
10
24
14
5
24
13
5
12
1
0
19
8
3
28
16
10
38
26
20
51
39
33
29
17
12
24
11
7
23
11
7
26
14
10
28
14
12
23
9
8
22
8
6
28
14
12
50
36
34
50
37
34
52
39
36
56
44
41
61
49
45
22
11
6
27
16
9
29
21
11
31
24
12
32
25
11
30
25
7
33
28
8
35
32
10
37
35
11
33
31
6
24
23
1
23
20
1
26
21
4
34
28
11
22
16
0
29
23
8
40
33
19
46
38
26
28
20
10
27
19
10
19
10
4
14
5
0
13
4
0
13
3
0
12
2
0
13
2
1
13
2
2
14
3
3
13
1
3
12
0
2
11
0
1
11
0
1
10
0
2
10
0
2
10
0
2
10
0
2
10
0
2
10
0
2
10
0
2
10
0
2
10
0
2
10
0
2
10
0
2
10
0
2
10
0
2
10
0
2
10
0
2
10
0
2
10
0
2
10
0
2
10
0
2
10
0
2
10
0
2
10
0
2
10
0
2
11
1
3
12
2
3
12
2
3
12
2
3
11
1
3
10
0
2
10
0
2
10
0
2
10
0
2
10
0
2
10
0
2
10
0
2
10
0
2
10
0
2
10
0
2
10
0
2
10
0
2
10
0
2
10
0
2
10
0
2
10
0
2
10
0
2
10
0
2
10
0
2
10
0
2
10
0
2
10
0
2
10
0
2
11
2
3
11
1
3
11
1
3
10
0
2
9
0
1
9
0
1
9
0
1
10
0
1
10
0
2
11
1
3
10
2
1
10
2
0
10
2
0
10
2
0
10
2
0
10
2
0
10
2
0
9
1
0
9
1
0
9
1
0
9
1
0
9
1
0
9
1
0
10
1
0
10
2
0
11
2
0
12
3
1
13
5
1
14
6
2
14
6
3
14
7
3
10
9
0
15
13
2
17
15
4
20
17
5
21
18
4
24
22
7
30
25
10
31
26
10
30
25
7
28
22
3
28
21
1
29
23
1
31
24
1
33
26
2
38
29
5
39
30
4
40
30
4
41
31
4
42
32
4
44
35
6
40
32
7
37
30
8
36
28
7
34
26
6
32
23
4
29
21
2
28
19
1
27
18
1
27
16
2
27
15
3
26
14
3
25
13
3
23
9
1
25
11
5
30
16
11
33
18
15
31
16
13
21
6
4
17
2
1
18
2
1
19
3
2
17
1
3
16
0
3
16
0
3
16
0
3
16
0
3
15
0
2
15
0
2
15
0
2
15
0
2
15
0
2
15
0
2
15
0
2
15
0
2
15
0
2
15
0
2
16
0
2
16
0
3
16
0
3
16
0
3
17
1
3
11
1
3
9
1
3
9
1
3
9
1
3
9
1
3
9
1
3
9
1
3
9
1
3
9
1
3
9
1
3
8
1
2
8
1
2
8
1
2
8
1
2
8
1
2
8
1
2
8
1
2
8
1
2
8
1
2
8
1
2
10
1
1
14
1
0
13
1
0
13
1
0
14
1
0
14
1
0
14
1
0
15
2
1
16
3
1
17
4
2
19
5
3
10
1
1
10
0
0
10
0
0
10
0
0
11
0
2
13
2
4
15
2
5
16
2
6
15
1
5
14
0
4
15
1
4
14
1
3
13
0
1
12
0
0
27
12
10
20
6
5
18
3
2
22
7
4
18
4
1
19
5
1
20
7
0
18
7
0
15
3
0
27
16
6
33
22
11
33
22
11
31
19
9
38
26
18
42
30
22
33
20
12
25
13
5
27
15
7
16
4
0
22
9
3
21
8
3
18
5
3
23
9
4
24
10
4
31
18
12
33
19
14
25
12
6
30
18
14
30
18
15
30
18
16
29
17
15
21
9
7
15
3
3
16
4
3
18
6
5
21
9
7
20
11
8
14
5
3
16
8
3
19
12
4
20
16
4
21
18
3
27
24
7
33
31
12
37
36
15
33
32
10
22
22
1
21
17
0
26
20
4
38
32
13
31
24
7
32
25
9
31
24
8
30
22
8
36
28
16
36
27
16
24
15
7
17
7
0
17
7
1
15
4
1
14
2
0
14
2
1
15
3
3
15
3
3
15
2
3
14
1
3
13
0
2
13
0
2
11
0
2
11
0
2
11
0
2
11
0
2
11
0
2
11
0
2
11
0
2
11
0
2
11
0
2
11
0
2
11
0
2
11
0
2
11
0
2
11
0
2
11
0
2
11
0
2
11
0
2
11
0
2
11
0
2
11
0
2
11
0
2
11
0
2
12
1
3
13
2
4
13
2
4
13
2
4
13
2
4
13
2
4
12
1
3
11
0
2
11
0
2
11
0
2
11
0
2
11
0
2
11
0
2
11
0
2
11
0
2
11
0
2
11
0
2
11
0
2
11
0
2
11
0
2
11
0
2
11
0
2
11
0
2
11
0
2
11
0
2
11
0
2
11
0
2
11
0
2
11
0
2
12
1
3
11
0
2
11
0
2
11
0
2
10
0
1
10
0
1
10
0
1
11
0
2
12
1
3
12
1
3
11
1
1
11
2
0
11
2
0
12
3
0
12
3
0
12
3
0
11
2
0
11
2
0
10
1
0
9
0
0
10
1
0
11
2
0
11
2
0
11
2
0
12
3
0
13
4
1
14
5
2
15
6
3
15
6
3
15
6
3
15
7
3
12
10
0
15
13
3
17
15
4
18
16
5
19
15
4
21
18
4
26
21
6
28
22
7
28
22
6
27
19
2
30
23
4
32
24
4
33
24
3
35
24
2
38
26
2
39
28
3
41
30
4
44
31
5
44
32
5
44
32
5
44
33
10
44
33
11
42
31
9
39
28
8
36
25
6
33
23
4
31
21
3
30
20
3
29
18
4
29
18
5
27
16
4
25
13
3
24
11
3
30
16
10
37
22
18
41
26
23
40
24
22
28
12
10
21
6
5
19
3
3
19
3
4
18
1
4
18
1
4
17
0
3
17
0
3
17
0
3
17
0
3
16
0
2
16
0
2
16
0
2
16
0
2
16
0
2
16
0
2
16
0
2
16
0
2
17
0
3
17
0
3
17
0
3
17
0
3
18
1
4
18
1
4
13
1
3
11
1
3
11
1
3
11
1
3
11
1
3
11
1
3
11
1
3
11
1
3
11
1
3
11
1
3
11
1
2
10
0
2
10
0
2
10
0
2
10
0
2
10
0
2
10
0
2
10
0
2
10
0
2
10
0
2
11
1
1
15
2
0
14
2
0
15
2
0
15
2
0
15
2
0
16
3
1
17
3
1
18
5
3
20
6
4
21
6
4
12
2
2
12
2
2
12
2
2
11
2
2
11
0
2
11
0
0
11
0
1
12
0
2
13
0
3
16
1
5
16
1
5
16
1
4
16
2
3
17
2
3
27
12
10
21
6
4
19
3
1
22
7
3
20
6
1
24
9
3
25
11
5
24
10
4
19
5
0
23
9
3
26
12
6
29
15
9
32
18
12
41
27
21
45
31
25
41
27
20
38
25
17
42
29
21
24
11
4
31
18
10
28
15
8
23
10
3
31
17
10
21
8
1
29
16
9
33
20
12
28
15
7
13
2
1
14
2
2
17
6
4
20
9
7
20
10
8
29
19
19
33
23
23
30
20
20
21
11
10
13
5
4
14
7
4
16
9
5
18
11
6
20
14
6
23
21
10
30
28
15
35
34
18
38
38
20
34
35
15
28
29
9
34
32
12
39
34
14
38
32
13
37
30
12
43
36
18
42
35
19
37
30
15
31
23
10
26
17
6
27
18
9
27
18
9
23
13
6
19
8
5
17
5
2
15
3
2
15
3
3
16
4
4
16
3
5
15
2
4
14
1
2
13
0
2
11
0
2
11
0
2
11
0
2
11
0
2
11
0
2
11
0
2
11
0
2
11
0
2
11
0
2
11
0
2
11
0
2
11
0
2
11
0
2
11
0
2
11
0
2
11
0
2
11
0
2
11
0
2
11
0
2
11
0
2
12
1
2
12
1
3
12
1
3
13
2
4
13
2
4
13
2
4
13
2
4
13
2
4
12
1
3
12
1
3
12
1
2
11
0
2
11
0
2
11
0
2
11
0
2
11
0
2
11
0
2
11
0
2
11
0
2
11
0
2
11
0
2
11
0
2
11
0
2
11
0
2
11
0
2
11
0
2
11
0
2
11
0
2
11
0
2
11
0
2
11
0
2
11
0
2
11
0
2
11
0
2
10
0
1
10
0
1
10
0
1
10
0
1
11
0
2
12
1
3
13
2
4
12
2
1
11
2
0
12
3
0
13
4
0
14
5
1
14
5
1
13
4
1
12
3
0
11
2
0
10
1
0
11
2
0
13
4
0
14
5
1
14
6
2
15
6
2
15
6
2
16
7
3
16
7
3
15
6
2
15
6
2
14
7
2
12
10
0
15
13
3
16
14
4
18
15
5
21
17
6
26
21
9
31
25
12
33
26
12
33
26
10
31
23
5
33
23
5
35
25
5
36
25
5
36
25
3
37
24
2
40
26
4
43
29
6
45
31
7
47
32
6
43
28
2
45
33
9
45
34
11
42
31
9
39
28
6
36
25
4
33
22
3
32
20
2
31
18
2
31
18
4
30
18
5
28
16
5
26
13
4
25
12
4
32
18
12
39
24
20
42
28
25
41
26
24
30
15
13
23
7
7
21
5
6
20
4
6
19
2
5
18
1
4
18
1
4
17
1
4
17
0
3
17
0
3
17
0
3
17
0
3
17
0
3
17
0
3
17
0
3
17
0
3
17
0
3
17
0
3
17
0
3
17
0
3
17
1
3
18
1
4
18
1
4
19
2
5
16
2
4
15
2
4
15
2
4
15
2
4
15
2
4
15
2
4
15
2
4
15
2
4
15
2
4
15
2
4
14
1
3
13
0
2
13
0
2
13
0
2
13
0
2
13
0
2
13
0
2
13
0
2
13
0
2
13
0
2
13
1
1
15
3
0
15
3
0
15
3
0
15
3
0
16
4
0
17
5
1
20
6
2
21
6
3
22
7
4
23
8
5
14
4
4
14
4
4
14
4
4
13
3
3
12
1
3
13
0
2
13
0
3
13
0
3
14
0
4
16
1
4
13
0
2
12
0
1
13
0
1
16
1
1
19
4
2
17
2
1
17
2
1
20
5
2
24
8
2
23
7
1
19
4
1
17
2
0
19
4
1
15
0
0
16
1
0
21
6
3
27
13
7
29
15
9
32
18
12
40
26
20
43
29
23
35
21
15
30
16
10
29
16
9
26
13
5
23
10
2
26
13
5
19
6
2
19
6
1
20
7
1
19
7
0
17
8
4
20
12
7
22
13
9
21
12
9
16
7
7
11
2
2
12
3
4
14
6
7
17
9
10
17
9
10
16
8
9
12
6
5
9
4
2
10
6
2
17
14
5
21
20
9
24
23
11
26
26
10
27
29
11
31
33
15
44
42
22
51
46
24
43
38
17
38
32
13
33
26
9
36
29
13
42
35
20
34
26
13
28
19
9
34
25
16
37
27
19
32
22
15
25
14
10
20
8
6
17
5
4
15
3
3
16
4
4
16
3
5
15
2
3
13
1
3
13
0
2
11
0
2
11
0
2
11
0
2
11
0
2
11
0
2
11
0
2
11
0
2
11
0
2
11
0
2
11
0
2
11
0
2
11
0
2
11
0
2
11
0
2
11
0
2
11
0
2
11
0
2
11
0
2
11
0
2
11
0
2
12
0
3
12
1
3
13
2
4
13
2
4
14
3
5
14
3
5
14
3
5
13
2
4
13
2
4
12
1
3
12
1
3
11
0
2
11
0
2
11
0
2
11
0
2
11
0
2
11
0
2
11
0
2
11
0
2
11
0
2
11
0
2
11
0
2
11
0
2
11
0
2
11
0
2
11
0
2
11
0
2
11
0
2
11
0
2
11
0
2
11
0
2
11
0
2
10
0
1
10
0
1
10
0
1
10
0
1
10
0
1
10
0
1
11
0
2
12
1
3
13
2
4
12
3
1
12
3
0
13
4
0
15
6
2
15
6
2
15
6
2
15
6
2
14
5
1
12
3
0
11
2
0
13
4
1
16
7
3
16
7
3
17
8
4
18
9
5
18
9
5
17
8
4
16
7
3
15
6
2
14
5
1
14
6
1
14
12
3
15
13
3
15
13
4
17
14
5
21
16
7
30
24
13
34
28
16
35
28
14
32
25
10
26
18
2
32
22
6
35
24
7
38
25
7
39
25
6
38
25
3
41
27
5
45
30
7
48
31
9
46
30
7
40
24
0
44
32
8
45
35
11
43
32
9
38
27
5
34
24
3
32
21
2
31
18
1
30
17
1
30
17
3
31
17
5
29
16
5
27
14
5
24
10
4
27
12
7
31
17
13
34
19
17
34
19
17
25
9
10
21
6
7
21
6
7
21
7
8
19
2
5
19
2
5
18
1
4
18
1
4
18
1
4
17
0
3
17
0
3
17
0
3
17
0
3
17
0
3
17
0
3
17
0
3
17
0
3
17
0
3
17
0
3
18
1
4
18
1
4
18
1
4
19
2
5
19
2
5
17
2
4
16
2
4
16
2
4
16
2
4
16
2
4
16
2
4
16
2
4
16
2
4
16
2
4
16
2
4
15
1
3
14
0
2
14
0
2
14
0
2
14
0
2
14
0
2
14
0
2
14
0
2
14
0
2
14
0
2
14
1
1
15
3
0
15
3
0
16
3
0
16
4
0
16
4
0
20
5
2
21
6
3
22
7
4
23
8
5
24
9
6
12
1
2
12
1
1
11
0
1
11
0
1
13
0
2
14
1
2
14
1
3
14
0
4
14
0
3
14
0
2
14
0
2
14
1
2
15
1
2
17
2
3
17
3
1
17
3
0
18
4
2
22
8
4
24
10
5
23
9
4
21
6
3
20
5
3
23
9
7
19
3
1
17
2
1
19
4
2
23
8
5
21
6
3
24
9
5
34
20
15
39
24
20
31
17
12
39
24
20
34
20
14
29
15
9
25
11
5
24
10
4
28
15
9
26
12
6
22
9
3
20
7
1
18
8
4
17
7
2
15
4
1
14
3
1
16
6
5
19
8
9
21
10
11
22
11
13
22
11
13
13
2
4
16
6
8
13
4
5
10
1
2
9
0
1
14
7
2
17
12
4
20
15
5
22
17
6
27
23
11
34
30
17
36
31
14
37
31
11
38
32
12
38
32
11
29
23
4
35
29
10
47
40
21
49
42
24
43
35
20
41
33
18
38
31
17
36
27
16
29
19
11
23
13
6
19
8
4
16
5
2
15
2
2
15
1
3
14
1
3
14
0
3
14
0
4
10
0
2
10
0
2
10
0
2
10
0
2
11
0
2
11
0
2
11
0
2
12
0
2
12
0
2
12
0
2
12
0
2
12
0
2
13
0
2
13
0
2
14
0
2
14
0
2
14
0
2
14
0
2
14
0
2
14
0
2
12
0
2
11
1
2
11
2
3
11
1
3
11
2
3
12
2
4
13
3
4
13
4
5
13
3
4
11
1
3
10
0
2
10
0
2
10
0
2
10
0
2
10
0
2
10
0
2
10
0
2
10
0
2
10
0
2
10
0
2
10
0
2
12
1
2
12
1
2
12
1
2
12
0
2
12
0
2
12
0
2
12
0
2
12
0
2
12
0
2
12
0
2
11
0
2
11
0
2
11
0
1
11
0
1
11
0
1
11
1
1
12
1
1
12
2
1
13
3
2
14
4
3
14
4
1
14
4
0
13
4
1
15
6
2
17
8
4
17
8
4
16
7
3
15
6
1
13
5
0
12
4
0
14
6
2
17
9
4
18
11
6
19
12
8
19
12
8
17
10
6
15
8
5
13
6
4
13
5
3
13
5
4
14
7
4
14
11
5
15
12
5
15
12
5
16
13
5
20
16
7
27
22
12
27
23
11
26
21
8
24
19
5
25
18
4
33
25
7
36
26
7
37
26
5
38
26
4
39
27
2
43
29
4
46
31
5
48
33
6
46
31
5
43
27
0
44
33
7
44
35
9
42
32
7
37
28
5
34
24
3
32
21
2
30
18
1
29
17
2
30
17
4
30
16
6
30
15
6
28
14
6
25
9
4
25
9
5
27
11
8
28
12
9
28
11
8
23
6
5
22
6
4
23
7
5
23
7
6
16
1
3
18
2
4
18
3
5
19
3
5
19
3
5
19
3
4
18
2
3
17
2
3
17
2
3
18
2
3
17
2
2
17
2
2
18
2
2
18
3
2
19
4
3
19
4
3
19
4
3
19
4
3
18
3
3
17
2
3
17
3
3
17
3
3
17
3
3
16
3
3
16
3
3
16
3
3
17
3
3
17
3
3
17
3
3
17
3
4
16
2
3
15
0
2
15
0
2
15
0
2
15
0
2
15
0
3
15
0
3
15
0
3
15
0
3
15
0
4
15
1
3
16
3
2
16
3
1
17
4
2
17
5
2
17
4
1
18
3
1
21
7
4
23
8
6
23
8
6
20
6
4
13
0
2
13
0
2
13
0
2
13
0
2
13
0
2
13
0
2
13
0
2
13
0
2
13
1
1
13
1
1
13
1
1
12
1
1
12
1
0
12
1
0
13
1
0
13
2
0
15
3
1
16
5
1
17
6
2
18
7
3
21
8
5
24
9
7
23
8
6
21
6
4
19
4
2
18
3
1
18
3
1
21
6
4
25
10
8
28
14
11
30
14
12
27
12
10
27
12
10
28
13
11
28
13
11
28
13
11
26
11
9
24
9
7
21
7
5
20
5
3
18
4
1
19
6
0
20
6
0
20
6
1
21
7
2
23
8
6
24
8
9
24
7
9
23
6
9
22
5
8
21
4
8
20
3
7
19
2
6
19
1
5
17
1
3
17
1
2
18
3
2
20
6
2
23
9
3
26
12
6
28
15
8
32
22
8
35
28
8
36
29
9
35
29
7
35
29
6
37
31
7
40
34
10
45
40
15
46
41
16
44
39
15
40
34
12
35
28
8
31
23
6
26
17
3
21
12
1
18
6
0
14
1
0
14
0
2
14
0
3
15
0
5
15
0
7
9
1
2
9
1
2
9
1
2
10
0
2
11
0
2
11
0
2
12
0
2
13
0
2
13
0
2
14
0
2
14
0
2
15
0
2
16
0
2
16
0
2
18
0
3
19
0
3
19
0
3
20
0
3
20
0
3
20
0
3
13
0
1
8
0
0
9
1
1
8
0
0
7
0
0
9
1
1
12
4
4
16
8
8
14
6
6
10
2
2
8
0
0
9
1
1
9
1
1
9
1
1
9
1
1
9
1
1
9
1
1
9
1
1
9
1
1
9
1
1
9
1
1
14
2
1
14
2
2
14
2
2
14
1
2
13
0
2
13
0
2
13
0
3
13
0
3
13
0
3
13
0
3
14
0
4
14
0
3
13
1
2
13
1
1
13
1
0
14
3
0
15
4
0
15
6
0
16
7
0
17
8
0
17
7
3
16
6
3
13
4
1
14
5
2
16
7
3
17
8
3
16
8
1
13
5
0
11
6
0
13
8
0
14
9
0
14
9
1
16
12
4
18
14
9
18
13
9
16
11
8
12
8
6
9
4
4
9
3
4
9
3
5
9
4
4
10
7
3
13
10
5
12
10
4
13
11
4
17
15
6
22
20
9
17
14
2
16
13
0
20
16
2
35
31
12
36
30
10
36
29
6
37
30
3
39
31
3
44
34
4
46
35
2
47
34
1
47
34
0
48
35
0
53
38
2
43
36
4
38
34
6
37
32
5
34
29
4
33
24
4
31
22
3
30
19
3
28
17
3
27
15
5
29
14
7
29
12
7
28
11
7
29
10
7
29
10
7
29
10
7
28
9
6
28
9
4
29
9
4
28
9
3
28
9
2
25
8
2
13
0
1
17
3
4
19
4
5
20
6
6
20
7
6
19
6
4
18
5
2
17
5
1
17
5
1
17
5
2
17
5
0
18
6
0
19
8
1
21
10
2
22
11
3
22
11
3
22
11
2
20
9
2
19
8
1
17
6
0
19
6
0
19
6
0
19
6
0
18
5
0
18
5
0
18
5
0
19
4
0
19
4
1
20
5
2
20
5
3
19
3
3
17
1
2
17
0
3
16
0
3
16
0
3
16
0
4
16
0
5
17
0
6
17
0
6
18
0
7
18
1
7
17
3
4
16
2
3
19
5
5
19
6
5
18
5
3
15
2
1
23
10
8
27
14
12
25
12
10
16
3
2
13
0
2
13
0
2
13
0
2
13
0
2
13
0
2
13
0
2
13
0
2
13
0
2
13
1
1
13
1
1
12
0
0
12
0
0
12
0
0
12
0
0
12
0
0
13
0
0
13
2
0
14
3
0
16
5
1
17
6
2
21
8
5
24
9
7
24
9
6
22
7
5
19
4
2
17
2
0
16
1
0
17
2
1
20
5
3
22
7
5
24
9
7
23
9
7
25
10
7
25
10
8
26
11
9
26
11
9
25
11
9
24
9
7
22
7
6
21
6
4
21
6
3
22
9
1
21
7
1
21
7
2
22
7
3
23
7
5
24
8
9
24
8
10
24
7
9
23
6
9
21
4
8
19
2
6
18
1
4
17
1
3
16
0
2
16
0
1
16
1
0
17
2
0
18
3
0
19
5
1
21
7
1
23
13
1
27
20
3
32
25
7
37
30
11
37
30
9
36
30
9
36
30
8
38
32
9
38
32
8
37
30
8
34
27
7
30
23
3
27
19
2
24
14
2
20
10
1
17
5
0
15
2
0
14
0
2
15
0
4
15
0
6
15
0
6
10
0
2
10
0
2
11
0
2
11
0
2
11
0
2
11
0
2
12
0
2
13
0
2
13
0
2
13
0
2
14
0
2
14
0
2
15
0
2
15
0
2
15
0
2
16
0
2
17
0
2
17
0
2
17
0
2
17
0
2
11
0
1
8
0
0
9
1
1
9
1
1
9
1
1
11
3
3
14
6
6
18
10
10
16
8
8
12
4
4
10
2
2
9
1
1
9
1
1
9
1
1
9
1
1
9
1
1
9
1
1
9
1
1
9
1
1
9
1
1
9
1
1
14
2
0
14
2
2
14
1
1
13
1
1
13
0
2
13
0
2
13
0
2
13
0
3
13
0
3
13
0
3
13
0
3
13
0
3
13
0
2
14
2
2
15
2
1
16
5
1
17
7
1
18
9
1
20
11
2
21
12
3
21
12
7
19
10
7
16
7
4
14
5
1
15
6
2
15
7
1
15
7
0
14
6
0
15
9
1
18
12
3
18
13
4
17
11
3
15
10
2
15
10
3
15
10
4
16
10
5
15
10
6
14
8
6
11
4
4
9
2
2
8
2
1
11
9
2
12
10
2
11
8
1
11
9
1
14
12
2
23
20
7
21
18
4
21
17
2
25
21
4
39
34
14
36
30
8
39
32
7
43
35
8
48
39
10
52
42
12
50
40
6
47
36
2
46
34
0
49
37
1
55
43
6
45
39
7
40
36
7
38
34
6
36
31
6
34
26
4
33
23
4
31
21
4
29
18
4
28
16
6
29
14
6
29
13
6
29
12
7
31
11
7
31
11
8
30
11
7
29
11
6
29
11
6
31
11
6
30
11
4
29
11
4
27
9
4
19
5
6
20
6
7
21
7
7
21
8
6
20
7
5
17
4
2
16
4
0
15
3
0
16
3
0
16
4
0
19
7
1
21
10
3
23
12
4
25
14
6
26
15
7
25
14
5
23
12
4
22
11
2
22
11
2
22
11
2
22
9
1
21
9
1
21
8
1
20
7
0
20
6
0
19
5
0
19
4
0
19
4
1
20
5
2
20
5
3
19
4
3
18
2
4
18
2
4
18
1
4
18
1
4
18
1
4
18
1
5
18
0
7
18
1
7
19
1
8
18
1
6
16
2
2
16
2
2
19
6
4
20
7
5
19
6
4
18
4
2
27
14
12
32
19
17
31
18
15
22
10
6
13
0
2
13
0
2
13
0
2
13
0
2
13
0
2
13
0
2
13
0
2
13
0
2
13
1
1
13
1
1
13
1
1
14
2
2
14
2
1
14
2
0
14
2
0
14
2
0
15
3
1
16
5
1
17
7
2
18
7
3
22
9
6
25
10
8
25
10
8
23
9
7
21
6
4
19
4
2
17
2
1
17
2
0
18
4
2
20
5
3
22
7
5
23
8
6
24
9
7
25
10
8
26
11
9
27
12
10
27
12
10
26
11
9
26
11
9
26
11
9
26
11
9
21
7
1
20
6
0
18
4
0
18
3
1
19
4
1
21
6
5
22
6
6
22
5
7
20
3
6
18
1
4
16
0
2
16
0
2
16
0
2
17
1
2
18
3
2
19
4
2
19
4
2
19
4
1
20
6
1
21
7
1
19
8
0
19
11
0
25
17
2
31
24
6
33
25
8
34
27
8
35
28
9
36
29
8
32
25
5
29
22
3
26
18
1
24
16
0
23
14
0
21
11
0
19
8
0
17
4
1
16
2
2
15
0
3
15
0
5
15
0
6
15
0
6
11
0
2
11
0
2
11
0
2
11
0
2
11
0
2
11
0
2
12
0
2
13
0
2
13
0
2
13
0
2
13
0
2
13
0
2
13
0
2
13
0
2
13
0
2
13
0
2
13
0
2
13
0
2
13
0
2
13
0
2
10
0
1
8
0
0
9
1
1
9
1
1
9
1
1
12
4
4
16
8
8
21
12
12
19
11
11
15
7
7
12
4
4
9
1
1
9
1
1
9
1
1
9
1
1
9
1
1
9
1
1
9
1
1
9
1
1
9
1
1
10
1
1
14
2
0
14
2
2
13
1
1
13
1
1
13
0
2
13
0
2
13
0
3
13
0
3
14
0
4
14
0
4
14
0
4
14
0
3
14
1
2
14
2
2
15
3
1
16
5
1
17
7
1
18
9
1
20
11
2
21
12
3
20
11
5
18
8
5
15
6
3
14
5
1
17
7
4
18
10
4
19
11
4
19
12
3
22
16
6
26
20
9
27
21
11
26
20
10
23
17
7
19
13
4
17
10
2
16
9
1
16
8
2
17
9
5
19
10
6
19
11
8
18
11
7
10
8
0
12
11
0
12
10
0
13
11
0
16
14
0
26
24
7
26
22
4
26
22
3
29
25
4
38
34
11
42
37
13
44
38
11
46
40
11
48
43
12
52
44
11
49
40
7
46
36
3
44
34
0
46
36
2
53
44
7
44
39
7
40
35
7
38
34
7
36
31
6
35
27
4
33
24
4
31
21
3
29
19
2
27
15
4
28
13
4
28
13
5
29
13
6
31
12
7
30
11
7
30
11
6
30
11
6
29
10
5
30
10
5
30
11
4
30
11
4
29
11
5
25
10
9
25
10
9
25
10
9
24
10
7
22
7
5
19
5
2
18
4
1
18
4
0
19
5
0
20
6
1
26
13
6
29
16
8
31
19
11
33
20
12
32
19
11
27
15
7
24
12
3
22
10
1
22
10
0
24
12
2
24
12
3
24
11
3
23
10
2
22
9
2
21
7
1
20
6
0
20
5
0
20
5
2
20
5
2
20
5
3
20
5
3
20
4
3
19
3
4
18
1
4
18
1
4
18
1
4
18
1
5
18
1
5
18
1
5
18
1
5
18
2
5
18
4
2
18
4
2
21
7
4
22
7
5
21
6
5
19
4
2
28
13
11
32
18
15
31
16
13
22
8
4
13
0
2
13
0
2
13
0
2
13
0
2
13
0
2
13
0
2
13
0
2
13
0
2
13
1
1
13
1
1
14
2
2
14
2
2
14
2
1
14
2
0
14
2
0
14
2
1
15
3
1
16
5
1
17
6
2
17
6
2
20
7
4
22
7
5
23
8
6
23
8
6
21
6
5
20
5
3
19
4
2
18
3
1
19
4
2
20
5
3
21
6
4
21
6
4
22
7
5
23
8
6
24
9
7
25
10
8
26
11
9
27
12
10
27
13
10
28
13
11
28
13
10
23
9
3
21
7
1
18
4
0
17
2
0
18
3
0
21
6
3
22
6
6
22
6
7
20
3
5
17
0
3
16
0
2
16
0
2
17
1
2
19
3
4
20
5
3
21
6
3
21
6
3
21
6
3
21
7
1
21
7
1
17
6
0
16
6
0
17
8
0
22
12
0
26
17
3
31
23
7
36
28
11
39
31
14
32
25
6
25
17
2
20
12
0
20
11
0
19
10
0
18
8
0
17
6
0
17
4
1
16
2
3
16
1
5
16
0
7
16
0
7
15
0
6
13
0
2
13
0
2
13
0
2
13
0
2
13
0
2
13
0
2
12
0
2
11
0
2
11
0
2
11
0
2
11
0
2
11
0
2
11
0
2
11
0
2
11
0
2
11
0
2
11
0
2
11
0
2
11
0
2
11
0
2
9
0
1
8
0
0
9
1
1
9
1
1
10
2
2
12
4
4
16
8
8
21
13
13
20
12
12
16
8
8
12
4
4
9
1
1
9
1
1
9
1
1
9
1
1
9
1
1
9
1
1
9
1
1
9
1
1
9
1
1
10
1
1
15
3
1
14
2
2
14
2
2
14
1
2
13
0
2
13
0
2
14
0
3
14
0
4
15
1
5
15
1
5
16
2
6
15
2
4
15
2
3
15
3
3
15
3
1
15
4
0
15
5
0
16
6
0
17
8
0
18
9
0
16
7
1
13
4
1
12
3
0
14
5
1
19
10
4
21
13
5
22
15
5
21
15
4
24
15
5
27
18
6
27
20
7
27
19
7
29
21
8
28
20
8
26
18
7
24
15
5
21
12
3
20
11
2
23
13
5
26
15
9
26
16
9
13
11
0
19
18
1
21
19
1
23
21
3
28
24
6
37
34
13
36
33
10
34
30
6
34
30
5
42
38
10
46
42
14
45
40
10
43
38
7
40
36
4
42
37
4
44
37
4
44
36
3
43
37
3
45
39
4
49
43
8
41
37
6
38
34
5
37
33
5
35
30
5
34
27
3
32
24
3
30
21
2
28
18
1
26
15
1
26
13
0
26
12
1
27
12
3
29
11
4
29
11
4
29
10
5
29
10
4
28
10
3
29
10
3
28
9
2
28
9
2
27
9
3
24
9
6
25
10
7
25
10
7
24
9
6
23
8
5
21
7
1
21
7
1
21
7
1
22
8
2
24
11
3
29
15
8
31
18
10
33
20
12
35
22
13
32
20
10
26
14
4
23
11
1
21
9
0
22
10
0
24
12
2
25
13
4
25
12
4
25
12
4
24
11
3
22
8
2
21
7
1
21
6
1
20
6
0
20
5
2
20
5
3
19
4
2
19
4
2
19
3
4
18
2
3
17
1
3
17
0
3
16
0
2
16
0
3
16
0
3
16
0
4
17
1
4
19
4
2
19
4
2
22
7
5
24
9
6
22
7
5
20
5
2
29
14
11
34
19
15
32
17
14
24
9
6
13
0
2
13
0
2
13
0
2
13
0
2
13
0
2
13
0
2
13
0
2
13
0
2
13
1
1
13
1
1
12
0
0
12
0
0
12
0
0
12
0
0
12
0
0
13
0
0
13
2
0
14
3
0
14
3
0
15
4
0
16
3
0
18
3
1
19
4
2
21
6
4
20
6
4
19
4
2
18
3
1
17
2
0
17
3
1
18
3
1
17
3
1
15
1
0
16
2
0
17
2
1
18
3
1
19
4
2
20
5
3
22
7
5
22
8
6
23
9
7
24
10
7
29
15
9
25
11
5
21
7
3
19
4
1
20
5
2
24
10
7
26
11
9
26
11
9
23
8
8
20
4
5
19
3
4
18
3
3
18
3
3
18
4
2
18
4
2
18
4
1
18
4
0
17
3
0
17
3
0
17
3
0
16
4
0
16
4
0
15
3
0
14
3
0
18
7
0
24
14
4
32
22
10
38
29
15
32
23
10
25
16
4
20
11
0
20
11
0
19
9
0
18
6
0
17
5
1
16
3
2
16
2
4
16
0
7
16
0
7
16
0
9
16
0
9
13
0
2
13
0
2
13
0
2
13
0
2
13
0
2
13
0
2
13
0
2
12
0
2
11
0
2
11
0
2
11
0
2
10
0
2
9
1
2
8
1
2
8
1
2
7
1
2
7
1
2
7
1
2
7
1
2
7
1
2
9
0
1
10
0
0
11
1
1
11
1
1
11
1
1
14
4
4
18
8
8
23
13
13
21
11
11
17
7
7
14
4
4
11
1
1
11
1
1
11
1
1
11
1
1
11
1
1
11
1
1
11
1
1
11
1
1
11
1
1
11
1
1
15
3
1
14
2
2
14
2
2
14
2
2
14
1
3
14
1
3
15
1
4
15
1
5
16
2
6
16
2
6
16
2
6
16
3
5
16
3
4
15
3
3
15
3
1
15
4
0
16
5
0
16
7
0
17
8
0
17
8
0
16
6
2
14
5
2
12
3
0
14
5
1
17
9
3
20
12
3
21
12
3
18
9
0
18
10
0
19
12
0
19
12
0
18
11
0
26
18
3
34
25
11
37
28
14
36
27
14
32
23
10
27
15
5
25
13
3
24
12
2
24
13
2
22
19
0
33
31
9
38
36
12
41
39
14
43
41
16
50
46
20
46
43
15
44
41
11
45
40
10
50
47
16
48
43
11
44
39
6
41
36
3
39
34
2
40
36
3
43
38
5
43
38
5
42
38
5
43
39
6
46
42
10
39
34
4
35
31
2
34
31
2
34
30
2
34
28
2
32
24
2
31
22
2
29
19
1
26
16
0
27
15
0
27
14
0
27
13
1
29
12
3
28
11
3
28
10
3
28
10
3
28
10
3
28
9
2
28
9
2
28
9
2
27
8
2
22
7
3
24
9
3
25
10
4
25
11
5
25
11
4
23
9
3
22
9
1
23
9
2
24
10
2
25
11
3
24
11
3
26
13
4
27
15
5
29
16
6
28
15
5
26
13
3
24
12
2
24
11
1
25
12
2
26
14
4
26
13
4
25
12
4
24
11
3
24
11
3
22
8
2
21
7
1
21
7
1
21
7
1
21
6
3
21
6
3
21
6
3
20
5
3
19
4
2
18
2
3
17
2
2
17
1
2
16
0
2
16
0
2
16
0
2
16
0
2
17
1
1
19
3
0
19
4
1
23
7
4
24
9
6
24
9
5
23
8
4
33
18
14
38
23
19
38
23
17
29
15
9
13
0
2
13
0
2
13
0
2
13
0
2
13
0
2
13
0
2
13
0
2
13
0
2
13
1
1
13
1
1
13
1
1
13
1
1
13
1
1
13
1
0
13
1
0
13
1
0
13
2
0
14
3
0
15
4
1
16
4
1
16
4
2
18
5
3
19
6
4
21
8
6
21
8
6
20
7
5
19
6
4
17
4
2
16
3
1
16
3
1
15
3
1
14
1
0
14
1
0
14
1
0
15
2
0
16
2
0
17
4
2
19
6
4
20
7
5
21
8
6
22
9
7
28
16
11
24
12
6
20
8
3
17
5
1
18
6
2
23
11
7
25
12
9
24
12
9
22
10
7
18
6
3
17
4
2
16
4
1
16
3
1
16
3
1
16
3
0
16
4
0
17
5
1
17
5
1
18
6
2
18
6
2
18
5
3
18
5
4
17
4
2
15
3
1
16
4
0
19
8
2
25
14
5
32
22
11
31
21
9
27
18
6
23
14
2
20
11
0
19
8
0
18
7
0
17
4
0
16
3
1
16
2
4
16
0
5
16
0
7
16
0
9
17
0
9
14
0
2
14
0
2
14
0
2
14
0
2
13
0
2
13
0
2
13
0
2
12
0
2
11
0
2
11
0
2
9
1
2
9
1
2
8
1
2
7
1
2
7
1
2
7
1
2
6
1
2
6
1
2
6
1
2
6
1
2
8
0
1
10
0
0
11
1
1
11
1
1
11
1
1
13
3
3
17
7
7
22
12
12
20
10
10
16
6
6
13
3
3
11
1
1
11
1
1
11
1
1
11
1
1
11
1
1
11
1
1
11
1
1
11
1
1
11
1
1
11
1
1
14
2
0
14
2
2
14
2
2
14
2
2
14
1
3
14
1
3
14
1
4
15
1
5
16
2
6
17
3
7
16
2
6
16
2
5
16
3
4
16
4
4
16
4
2
17
5
2
18
7
2
19
9
2
20
11
2
20
11
2
19
10
4
17
8
4
15
6
2
14
5
1
17
8
1
19
10
2
19
11
1
18
10
0
20
12
1
23
15
2
26
18
4
28
20
4
30
22
5
33
25
9
36
26
12
37
26
13
36
25
12
34
22
10
31
19
8
29
17
7
28
18
5
27
26
0
41
39
13
46
45
17
49
47
18
49
46
17
51
47
17
47
44
13
47
42
10
49
44
11
57
52
18
49
44
10
48
43
9
48
44
9
49
45
11
49
47
13
45
43
10
41
39
7
37
35
4
35
34
3
39
37
7
35
32
3
34
30
1
34
30
1
34
30
2
35
28
3
34
27
2
33
25
2
32
23
2
29
19
1
29
18
0
29
16
0
28
15
1
30
14
2
30
13
3
29
13
3
29
12
3
29
12
4
29
10
3
29
10
3
29
10
3
29
10
3
27
11
3
29
13
6
31
15
8
32
17
9
32
16
9
30
15
7
29
13
5
28
13
4
28
13
4
28
13
3
28
13
3
28
13
3
28
14
3
28
14
4
28
13
4
28
13
4
27
13
3
27
12
3
27
12
3
27
12
3
25
12
3
24
11
3
23
10
2
22
10
2
22
8
2
21
7
1
21
7
1
21
7
1
21
6
2
21
6
3
22
7
4
22
7
4
21
6
4
20
5
3
19
3
3
18
2
2
17
2
2
17
2
2
17
1
2
17
1
2
18
2
2
22
5
1
21
5
1
24
8
4
26
9
4
25
9
3
23
7
2
32
16
10
37
21
14
36
19
13
27
11
5
13
0
2
13
0
2
13
0
2
13
0
2
13
0
2
13
0
2
13
0
2
13
0
2
13
1
1
13
1
1
14
2
2
15
3
3
15
3
2
14
2
1
14
2
1
14
2
1
15
3
0
15
4
0
16
5
1
16
5
1
18
6
3
21
8
6
21
8
6
22
9
7
21
8
6
20
7
5
19
6
3
17
4
2
16
3
1
16
3
1
15
2
1
14
1
0
14
1
0
15
2
0
15
2
0
16
3
1
17
4
2
18
5
3
19
6
4
20
7
5
21
8
6
28
16
13
25
13
9
21
9
5
19
7
3
19
7
3
22
10
6
23
11
7
23
11
6
21
9
3
17
5
0
14
2
0
15
3
0
16
4
0
18
6
2
17
5
2
17
5
2
18
6
2
18
6
3
19
7
3
20
8
4
19
5
5
18
4
6
17
3
5
17
3
3
17
5
3
19
6
3
20
9
3
23
12
4
25
15
5
27
17
7
27
17
7
25
15
5
21
10
2
18
6
0
16
4
0
16
3
2
17
3
5
18
4
7
18
2
8
16
1
8
15
0
7
16
1
3
15
0
2
15
0
2
14
0
2
14
0
2
14
0
2
13
0
2
13
1
2
12
1
2
12
1
3
10
0
2
9
1
2
8
1
2
7
1
2
7
1
2
7
1
2
6
1
2
6
1
2
6
1
2
6
1
2
10
1
1
12
1
1
13
1
1
13
2
2
13
2
2
15
4
4
17
6
6
19
8
8
18
7
7
17
6
6
15
4
4
14
2
2
14
2
2
13
2
2
13
2
2
13
1
1
13
1
1
13
1
1
13
2
2
13
2
2
13
2
2
14
2
0
14
2
2
15
3
3
15
3
3
14
1
3
14
1
3
16
2
5
17
3
7
19
5
9
20
6
10
17
3
7
16
3
6
16
3
5
16
4
4
18
6
4
19
8
4
20
10
4
22
12
4
22
13
4
22
13
4
21
11
6
20
10
6
19
10
4
17
8
2
18
9
1
19
10
1
21
12
2
24
16
4
26
19
4
26
19
4
30
22
7
36
28
11
34
26
9
34
26
10
37
27
13
39
29
15
39
29
16
36
26
13
35
24
13
34
23
13
34
25
12
35
35
7
40
40
12
44
43
13
46
45
14
47
45
14
46
44
11
44
40
6
45
40
5
49
43
7
58
52
16
55
49
12
54
48
12
54
49
13
54
50
15
52
50
16
46
43
12
40
37
7
34
32
2
29
28
0
30
30
2
32
29
1
33
29
1
35
31
2
37
32
4
37
30
3
36
29
2
35
28
3
34
27
3
31
23
1
30
20
1
30
18
0
30
17
0
30
15
1
29
13
1
29
12
2
29
12
2
29
12
3
31
13
5
32
13
6
32
13
6
32
14
6
29
15
4
33
19
8
36
22
11
39
24
14
39
25
14
38
23
13
35
20
10
33
18
8
31
17
6
30
16
4
31
17
5
30
16
4
29
15
3
28
14
2
28
13
3
28
13
3
28
13
3
27
12
3
26
11
2
25
10
1
22
8
1
21
8
1
21
8
1
21
7
0
21
7
1
21
7
1
22
8
1
22
8
2
22
8
2
22
8
3
22
7
4
22
7
4
21
6
3
20
5
3
19
5
2
19
4
1
18
3
1
18
3
1
19
3
2
19
4
3
21
5
3
25
8
2
22
6
0
25
9
3
26
10
4
26
9
3
22
6
1
29
13
6
33
17
10
33
17
10
27
11
3
13
0
2
13
0
2
13
0
2
13
0
2
13
0
2
13
0
2
13
0
2
13
0
2
13
1
1
13
1
1
14
2
2
15
3
3
15
3
2
15
3
1
15
3
1
15
3
1
15
3
0
15
4
0
15
4
0
15
4
0
18
6
3
22
8
7
22
8
7
21
8
6
20
7
5
20
7
5
19
6
4
18
5
3
18
4
3
17
4
2
16
3
1
14
1
0
14
1
0
14
1
0
14
1
0
15
2
0
16
3
1
17
4
2
17
5
2
18
5
3
19
6
4
29
17
13
27
15
11
24
12
8
22
10
6
21
9
5
21
9
4
21
9
3
21
9
3
20
8
2
18
7
0
18
7
1
20
8
3
23
11
5
24
12
6
20
8
3
17
5
1
16
4
1
16
4
1
16
4
1
17
5
1
17
3
5
17
2
7
16
1
5
17
3
5
19
5
6
20
7
5
20
8
3
18
6
0
21
11
2
26
15
6
29
19
9
31
21
11
24
13
5
19
8
2
17
5
1
17
4
2
20
6
7
21
7
9
19
4
8
17
2
7
15
0
6
18
1
4
17
0
3
17
0
3
16
0
3
14
0
2
14
0
2
14
0
3
14
1
3
14
1
3
14
2
4
12
0
2
11
0
2
10
0
2
8
1
2
8
1
2
8
1
2
7
1
2
7
1
2
7
1
2
7
1
2
11
1
1
13
1
1
14
2
2
14
2
2
15
3
3
16
4
4
16
4
4
17
5
5
17
5
5
18
6
6
17
5
5
16
4
4
16
4
4
15
3
3
14
2
2
14
2
2
14
2
2
14
2
2
15
3
3
15
3
3
16
4
3
14
2
1
15
3
3
16
4
4
16
3
4
16
2
5
15
2
4
16
3
6
18
4
8
20
6
10
23
9
13
21
7
11
20
6
9
18
6
7
18
6
5
19
7
5
20
9
6
22
11
6
22
12
5
22
13
4
21
12
3
23
13
6
25
15
8
26
16
9
25
16
8
24
15
6
25
17
6
28
20
7
31
23
10
30
23
8
25
18
3
26
18
3
29
22
6
29
21
6
32
24
9
34
26
12
35
26
13
33
24
12
26
17
6
26
17
7
28
19
10
32
24
13
37
41
12
37
38
9
37
38
9
40
40
10
45
43
11
44
43
8
43
40
4
46
41
3
49
44
5
56
49
10
58
51
13
56
50
11
53
48
10
52
46
10
50
45
12
45
42
10
40
37
7
34
33
3
29
28
1
29
28
2
39
36
9
46
41
13
47
43
14
46
43
13
44
38
10
42
35
8
40
33
6
39
32
6
35
28
4
33
23
1
32
20
0
31
19
0
31
16
0
28
13
0
28
12
0
28
12
1
30
13
2
34
14
7
34
15
8
34
15
8
34
15
7
30
15
2
33
18
6
37
21
9
39
24
11
39
24
11
37
22
10
35
20
7
33
18
5
32
17
4
31
15
3
32
16
3
31
15
3
30
14
2
29
14
2
29
14
2
30
14
2
30
14
3
29
13
2
28
11
2
26
10
1
22
7
1
20
6
1
20
7
1
20
7
1
21
7
1
22
8
2
22
8
2
21
8
2
21
8
2
21
8
2
21
7
1
20
6
1
20
5
1
20
5
2
20
5
2
20
5
2
20
5
2
20
5
2
20
5
3
21
6
3
22
7
3
26
9
3
23
6
0
26
9
3
28
11
4
29
12
5
27
9
2
33
16
8
37
21
12
38
21
13
33
17
8
13
0
2
13
0
2
13
0
2
13
0
2
13
0
2
13
0
2
13
0
2
13
0
2
13
1
1
13
1
1
14
2
2
15
3
3
15
3
2
15
3
1
15
3
1
15
3
1
15
3
1
15
4
0
15
4
0
15
4
0
18
6
3
21
9
7
21
9
7
21
9
7
21
9
7
21
9
7
20
8
6
20
8
5
20
8
5
20
8
5
18
6
4
14
2
0
14
2
0
14
2
0
14
2
0
14
2
0
15
3
1
16
4
2
17
4
2
17
5
3
18
6
4
27
16
12
26
15
11
25
14
10
23
12
7
20
10
3
18
7
1
18
8
0
18
8
1
19
10
1
21
11
2
26
17
8
30
20
11
31
21
13
30
20
12
23
12
5
18
7
2
15
5
0
15
4
0
16
5
1
16
5
1
17
4
6
18
2
9
17
1
7
17
2
6
19
5
6
19
6
6
19
6
3
18
6
0
21
9
2
25
14
5
29
19
9
34
24
14
28
18
8
24
13
4
21
9
2
20
7
2
20
7
5
20
6
7
19
5
6
17
3
6
16
1
5
18
1
4
17
0
3
17
0
3
17
0
3
16
0
2
14
0
2
14
1
2
15
1
3
15
1
3
16
2
4
13
0
2
13
0
2
12
0
2
12
0
2
10
0
2
10
0
2
10
0
2
10
0
2
10
0
2
10
0
2
12
0
1
13
1
1
13
1
1
13
1
1
14
2
2
15
3
3
15
3
3
16
4
4
16
4
4
16
4
4
16
4
4
16
4
4
15
3
3
14
2
2
14
2
2
14
2
2
14
2
2
15
3
3
15
3
3
16
4
4
16
4
4
16
4
2
16
4
4
17
5
5
16
4
5
16
3
5
15
2
4
16
2
5
17
3
7
20
5
9
22
8
12
24
10
14
23
10
12
21
9
10
19
7
7
19
7
5
20
9
6
22
11
6
23
13
6
24
14
5
23
14
5
27
17
9
29
20
12
31
22
13
33
24
14
33
24
14
33
25
13
34
26
13
35
27
14
30
24
9
25
20
5
22
17
2
20
15
1
23
17
3
24
19
7
24
19
9
23
17
8
19
12
5
14
7
1
16
10
4
21
14
9
26
20
12
30
35
8
33
38
10
35
39
10
38
40
10
41
41
9
44
43
9
48
45
8
50
46
8
51
46
7
52
45
6
58
51
12
56
49
10
53
47
8
50
44
7
49
44
11
45
42
10
40
37
7
35
32
5
32
30
4
33
32
6
49
45
17
56
52
23
57
53
23
53
49
20
49
44
15
45
39
10
42
36
8
41
35
6
38
31
4
35
26
2
34
23
0
33
21
0
33
18
0
31
17
0
32
17
1
33
17
3
34
18
6
36
17
9
36
17
9
35
16
9
34
16
8
33
18
3
35
20
5
36
21
5
36
21
5
35
20
5
33
18
3
32
17
1
31
16
1
31
16
1
32
16
3
31
15
2
30
14
1
30
14
1
30
14
1
30
14
2
31
15
3
30
14
2
29
13
1
28
12
0
26
9
0
24
9
2
23
9
3
22
9
2
22
9
2
22
8
2
21
7
1
21
7
1
20
6
0
20
6
0
20
6
0
20
5
0
19
5
0
20
6
0
21
6
1
21
7
2
21
7
2
21
7
2
22
8
2
22
8
2
22
8
2
23
8
2
27
9
2
24
6
0
27
9
3
29
12
4
31
13
5
29
12
4
37
21
12
43
26
15
43
27
15
37
20
9
13
0
2
13
0
2
13
0
2
13
0
2
13
0
2
13
0
2
13
0
2
13
0
2
13
1
1
13
1
1
14
2
2
15
3
3
15
3
2
15
3
1
15
3
1
15
3
1
15
3
1
15
4
0
15
4
0
15
4
0
16
5
2
18
6
4
18
6
4
18
6
4
19
7
5
19
7
5
19
7
5
19
7
5
20
8
6
20
8
6
18
6
4
14
2
0
14
2
0
14
2
0
14
2
0
14
2
0
14
2
0
15
3
1
15
3
2
16
4
2
17
5
3
27
15
13
27
16
12
26
15
11
25
14
10
22
12
5
18
9
0
17
8
0
18
9
0
20
11
1
24
15
5
29
20
10
33
24
15
37
28
18
37
28
19
28
19
10
23
13
6
21
10
5
21
10
6
22
11
7
19
7
5
19
5
9
19
3
11
18
2
9
18
3
7
19
5
7
20
6
5
19
6
3
17
5
0
20
8
1
23
13
4
29
19
8
36
27
14
33
23
13
28
18
8
25
14
5
22
11
4
21
9
5
19
6
4
18
5
5
17
3
4
17
3
4
18
1
4
17
0
3
17
0
3
17
0
3
16
0
2
16
0
2
17
0
3
17
0
3
17
0
3
18
1
4
15
1
3
15
1
3
15
1
3
15
1
3
15
1
3
15
1
3
15
1
3
15
1
3
15
1
3
15
1
3
14
0
2
14
0
1
14
0
1
14
0
1
15
1
2
15
1
2
15
1
2
16
2
3
16
2
3
16
2
3
16
2
3
16
2
3
16
2
3
15
1
2
15
1
2
15
1
2
15
1
2
16
2
3
17
3
4
17
3
4
18
4
5
18
6
4
18
6
5
18
6
6
18
5
6
17
4
6
15
2
4
16
2
5
17
3
7
19
5
9
21
7
11
25
11
15
24
11
14
22
9
11
20
8
8
19
7
5
21
10
6
23
13
7
25
15
8
27
18
9
28
19
10
29
19
10
30
21
11
32
22
12
33
23
13
32
24
11
32
24
11
31
24
11
29
23
10
25
19
6
21
18
4
19
16
2
17
14
0
17
15
4
19
17
7
18
16
8
18
15
8
17
14
10
13
11
10
14
11
10
15
13
12
16
16
12
16
24
1
28
35
10
35
41
14
38
43
14
38
40
10
41
39
8
48
44
10
52
47
11
53
47
10
52
45
6
62
53
15
58
49
11
54
46
8
52
44
7
51
44
11
47
41
10
41
36
7
35
31
4
33
29
4
35
33
9
44
41
13
49
45
16
51
47
18
50
46
17
47
42
13
45
39
9
43
37
7
43
37
8
39
33
4
37
29
1
35
26
0
35
24
1
36
23
1
36
22
3
36
22
5
37
22
7
39
23
10
40
22
11
38
19
11
37
18
11
37
19
10
39
25
7
40
26
8
40
26
8
39
25
7
37
24
6
35
21
3
33
18
2
33
18
2
33
18
2
34
19
3
31
16
0
30
15
1
30
14
1
30
14
1
30
14
1
31
15
3
30
14
2
29
13
1
27
11
0
25
9
0
24
10
3
24
10
4
24
10
4
23
9
3
22
8
2
22
8
2
22
8
2
21
7
1
22
8
2
22
8
2
20
6
1
19
5
0
20
6
0
22
8
2
22
9
3
23
10
3
24
11
3
24
11
3
23
10
2
23
10
2
24
10
2
28
11
2
26
9
0
28
11
2
29
12
3
30
13
4
30
13
4
40
24
12
45
29
17
44
28
16
36
20
8
13
0
2
13
0
2
13
0
2
13
0
2
13
0
2
13
0
2
13
0
2
13
0
2
13
1
1
13
1
1
14
2
2
15
3
3
15
3
2
15
3
1
15
3
1
15
3
1
15
3
0
15
4
0
15
4
0
15
4
0
14
3
0
13
2
0
13
2
0
13
2
0
14
3
1
14
3
1
15
4
1
15
4
1
16
4
2
16
5
2
16
4
2
15
3
1
14
3
1
14
2
0
13
2
0
13
2
0
13
2
0
14
3
1
15
4
1
16
4
2
16
5
3
25
13
11
25
14
12
26
15
12
25
15
10
23
14
7
20
12
3
20
11
2
21
12
2
23
15
4
26
19
6
26
18
5
31
23
11
37
29
18
39
31
21
30
22
13
25
16
9
23
13
8
23
12
9
21
10
7
15
4
2
18
3
8
21
4
12
19
3
10
19
4
8
20
6
7
20
7
5
18
6
2
17
5
0
19
8
0
22
13
2
28
19
6
34
25
12
34
25
12
32
23
10
30
20
9
27
17
7
22
11
4
19
7
3
18
6
2
18
5
2
18
5
3
18
1
4
17
0
3
17
0
3
17
0
3
16
0
2
16
0
2
17
0
3
17
0
3
18
0
3
18
1
4
19
0
3
20
0
3
20
0
3
20
0
3
20
0
3
20
0
3
20
0
3
20
0
3
20
0
3
20
0
3
16
0
2
14
0
1
14
0
1
14
0
1
15
1
2
15
1
2
15
1
2
15
1
2
15
1
2
16
2
3
15
1
2
15
1
2
15
1
2
15
1
2
15
1
2
15
1
2
15
1
2
16
2
3
17
3
4
17
4
5
18
4
5
18
6
4
19
7
6
19
7
7
18
6
7
17
4
6
16
3
5
16
2
6
17
3
7
20
6
10
22
8
12
23
10
14
22
9
11
20
7
9
19
7
7
19
7
5
22
11
7
25
14
9
28
18
11
30
21
12
32
23
14
32
21
11
31
19
9
29
18
8
27
18
5
27
18
5
26
18
4
24
17
4
22
16
3
21
18
4
22
20
7
22
21
9
21
20
10
18
18
9
15
16
9
15
16
12
17
19
17
20
22
23
22
25
27
18
20
24
12
15
20
6
11
12
5
14
0
19
28
9
30
38
16
36
41
18
36
39
13
36
36
6
41
40
7
48
44
8
53
47
10
56
47
9
65
56
18
61
51
13
57
46
8
53
44
7
56
46
13
50
42
11
42
35
6
35
29
2
32
27
2
37
33
9
41
37
9
45
41
12
48
44
15
51
48
17
51
47
16
50
45
14
49
44
13
48
43
11
43
38
7
39
32
3
37
29
1
36
27
0
37
25
1
35
22
2
36
22
3
37
22
6
38
22
9
39
21
10
38
19
10
36
17
10
36
18
9
38
24
5
40
26
7
41
27
8
41
27
9
40
26
8
38
23
5
35
21
3
34
20
2
34
19
2
34
19
2
33
18
2
32
17
1
31
16
1
30
14
1
30
14
1
30
14
1
29
13
1
29
12
1
27
11
0
26
9
0
23
8
1
22
8
2
22
8
2
22
8
2
22
8
2
23
9
3
23
9
3
24
11
5
27
13
6
27
14
7
25
12
4
23
10
2
23
10
2
23
10
2
24
11
3
24
11
3
24
11
3
25
12
3
24
11
3
24
11
3
26
12
3
29
12
3
27
10
1
29
12
3
30
13
2
29
12
1
29
13
1
41
24
12
45
28
16
42
26
14
32
15
2
13
0
2
13
0
2
13
0
2
13
0
2
13
0
2
13
0
2
13
0
2
13
0
2
13
1
1
13
1
1
14
3
3
15
3
3
15
3
3
15
3
1
15
3
1
15
3
1
15
3
1
15
4
0
15
4
0
15
4
0
13
3
0
11
2
0
11
2
0
12
3
0
12
3
0
12
3
0
12
3
0
12
3
0
13
4
1
13
4
1
13
4
1
14
5
2
13
4
1
13
3
1
12
3
0
12
3
0
12
3
0
12
3
1
13
4
1
14
5
2
14
5
2
19
10
7
19
10
7
20
11
7
20
11
7
21
13
6
21
14
5
22
15
5
22
16
4
22
16
3
23
17
4
21
15
2
27
21
8
34
28
16
37
31
20
28
21
11
23
15
7
22
13
8
23
14
10
20
11
8
12
3
2
17
4
8
22
5
13
20
4
11
20
5
9
21
6
8
20
7
6
18
7
3
16
5
0
18
8
0
22
13
1
26
17
3
30
21
7
33
25
9
34
26
12
34
24
11
31
21
9
25
14
5
19
8
1
18
6
0
18
6
0
18
5
1
18
1
4
17
0
3
17
0
3
17
0
3
16
0
2
17
0
2
18
0
3
19
0
3
20
0
3
21
1
4
22
1
4
22
1
4
22
1
4
22
1
4
24
0
4
24
0
4
24
0
4
24
0
4
25
0
4
25
0
4
19
1
3
16
2
3
16
2
3
16
2
3
16
2
3
16
2
3
16
2
3
16
2
3
16
2
3
16
2
3
15
1
2
15
1
1
15
1
1
15
1
1
15
1
2
15
1
2
16
2
3
17
3
4
18
3
5
18
4
5
19
5
6
18
5
3
18
6
5
18
6
6
18
5
6
17
4
6
16
3
5
17
3
7
19
5
9
21
7
11
24
10
14
23
9
13
22
9
12
21
8
10
20
8
8
21
9
7
23
12
9
26
15
10
27
18
10
29
20
11
29
20
11
31
20
9
30
18
6
27
16
3
25
15
2
25
15
2
23
15
1
21
14
1
20
14
1
22
20
7
26
24
13
32
31
21
37
38
29
31
33
27
23
28
24
21
26
24
21
26
27
25
31
35
30
35
41
24
30
38
17
23
31
9
17
22
2
14
1
11
22
6
21
29
10
28
35
13
33
37
13
36
37
8
40
38
6
45
41
7
51
45
9
58
48
11
65
54
16
59
48
10
55
43
6
54
42
7
58
47
15
55
45
14
46
37
9
37
30
3
34
28
3
40
34
11
41
37
10
44
40
11
48
44
15
51
48
17
51
47
16
51
46
14
49
44
12
47
42
9
41
36
5
37
30
1
36
28
0
36
28
0
36
25
0
35
22
0
34
20
1
34
20
3
35
19
5
37
19
8
36
18
9
36
17
9
35
17
7
37
23
3
38
24
4
39
24
5
39
24
5
38
23
4
36
21
2
34
19
1
34
19
1
34
19
1
35
19
2
37
21
5
36
20
4
34
18
2
32
15
1
31
14
1
30
13
0
30
12
0
30
12
1
29
11
0
29
11
0
23
8
1
21
7
1
21
7
1
21
7
1
22
8
2
23
9
3
25
11
5
26
13
6
29
16
8
31
18
10
29
16
9
27
14
6
26
13
5
25
12
4
24
11
3
23
11
2
23
11
2
23
11
1
25
13
3
26
14
4
27
13
4
30
10
3
29
10
1
30
12
2
30
12
1
29
11
0
31
13
2
44
26
15
48
31
19
44
27
14
32
15
2
13
0
2
13
0
2
13
0
2
13
0
2
13
0
2
13
0
2
13
0
2
13
0
2
13
1
1
13
1
1
14
2
2
15
3
3
15
3
2
15
3
1
15
3
1
15
3
1
15
3
1
15
4
0
15
4
0
15
4
0
14
4
1
13
5
2
13
5
2
14
5
2
14
5
2
14
5
2
14
5
2
14
5
2
14
5
2
14
5
2
14
5
2
14
5
2
14
5
2
13
4
1
12
3
1
12
3
0
12
3
0
12
3
0
12
3
1
13
4
1
14
5
2
14
5
2
14
5
2
14
5
2
15
7
2
19
11
4
22
15
6
23
17
6
23
17
5
21
15
2
19
14
1
19
13
0
25
19
6
32
26
14
35
29
18
26
19
10
23
15
8
24
16
10
28
19
15
28
19
16
21
12
9
22
8
12
23
6
14
21
5
12
20
5
9
21
6
8
20
7
6
18
7
2
16
5
0
18
8
0
22
12
1
24
15
1
26
17
2
31
23
6
35
26
12
35
27
13
33
24
11
27
17
5
19
9
0
18
7
0
17
6
0
18
6
0
18
1
4
17
0
3
17
0
3
17
0
3
16
0
2
18
0
2
18
0
2
20
0
3
21
0
3
22
1
4
22
0
4
23
0
4
23
0
4
24
0
4
25
0
4
26
0
4
26
0
4
26
0
4
27
0
4
28
0
4
22
2
4
17
3
4
17
3
4
17
3
4
17
3
4
17
3
4
17
2
3
17
2
3
17
2
3
17
2
3
15
2
3
14
0
1
14
0
1
14
0
1
14
0
1
15
1
2
16
2
3
17
3
4
18
4
5
18
4
5
18
5
6
16
4
2
17
5
5
17
5
5
17
5
5
17
4
6
17
4
6
18
4
8
20
6
10
23
9
13
25
11
16
25
12
15
25
11
14
23
11
12
22
10
10
23
11
9
24
13
9
25
14
9
25
15
8
25
16
7
23
14
5
27
15
4
27
15
2
24
13
1
24
13
0
24
14
1
23
15
1
22
14
1
20
14
1
22
20
8
28
26
16
39
39
29
50
52
43
43
47
41
32
38
36
25
31
31
21
27
30
21
28
34
25
33
42
24
32
41
20
28
38
14
23
31
6
19
5
5
16
2
9
19
2
16
25
5
28
33
10
39
40
13
42
40
9
45
41
8
50
43
8
56
47
10
60
49
11
55
43
5
52
40
2
52
41
5
60
49
17
58
47
17
49
40
11
41
33
6
38
31
6
45
38
15
43
38
11
44
40
11
47
43
14
49
46
15
49
45
14
49
44
12
48
43
10
48
43
10
44
39
6
41
34
3
40
33
2
40
31
2
39
28
2
36
24
1
35
22
2
35
21
3
36
21
5
38
20
9
38
20
11
38
19
12
38
20
10
39
26
3
39
25
3
38
24
3
37
22
2
35
20
1
33
18
0
33
18
0
35
20
1
37
22
4
40
24
7
41
25
8
38
22
6
36
20
4
33
17
1
31
14
1
30
13
0
30
12
1
30
12
1
30
12
1
30
12
1
24
9
1
22
7
1
21
7
1
21
7
1
22
8
2
23
9
3
25
11
5
27
13
6
30
17
9
31
18
11
32
19
11
31
18
10
29
16
8
26
13
5
24
12
2
22
10
1
22
10
0
23
11
1
24
12
2
26
14
4
27
14
4
28
10
1
29
11
0
30
12
1
30
12
1
29
11
0
33
14
3
48
30
18
52
36
23
49
32
19
34
18
5
15
1
1
15
1
1
15
1
1
15
1
1
15
1
1
14
0
1
14
0
2
14
1
3
15
2
3
15
1
4
14
1
3
14
1
2
14
1
2
14
1
2
14
1
1
13
2
0
12
3
0
13
3
0
14
4
0
14
4
1
15
6
1
15
8
2
16
9
3
15
8
3
14
7
3
13
6
2
11
5
1
11
5
1
13
6
1
14
6
3
13
6
3
10
3
1
12
4
1
12
5
1
12
4
2
12
4
3
12
4
3
12
4
3
14
5
4
15
7
6
17
8
7
16
2
2
17
2
3
17
3
4
18
4
4
21
6
6
23
9
8
23
9
8
23
9
8
22
9
7
21
9
6
23
10
6
27
14
9
31
19
12
33
22
14
29
19
9
29
18
8
31
21
9
35
25
12
37
27
14
34
25
11
28
17
11
22
10
10
19
8
7
16
6
4
16
5
4
15
5
3
14
4
1
12
2
0
15
6
1
19
10
4
21
13
5
21
13
3
30
22
11
35
28
16
36
29
16
33
26
12
26
21
4
20
14
0
18
12
0
18
12
0
19
12
0
21
6
4
21
6
4
21
5
4
20
4
3
18
3
1
17
1
1
16
0
1
17
0
1
17
1
1
18
2
1
19
1
2
19
1
2
19
1
2
19
1
2
19
1
2
20
1
3
21
1
4
22
1
5
22
2
5
23
3
6
16
2
4
11
1
3
11
1
3
11
1
3
12
1
4
12
1
4
12
1
4
12
1
4
13
3
4
13
3
4
13
3
4
13
3
4
13
3
3
13
3
3
13
3
3
13
3
3
13
3
4
14
4
4
15
5
5
15
6
5
16
7
5
13
5
1
13
5
1
14
6
3
16
8
5
18
10
7
17
9
7
16
8
5
17
8
6
20
10
8
25
15
13
24
13
11
24
14
12
25
14
12
26
15
12
27
15
12
25
14
10
24
13
9
23
12
7
22
12
6
22
11
6
22
11
2
22
11
0
22
11
1
23
13
2
24
14
3
25
16
4
26
17
6
25
17
6
26
21
11
26
23
14
33
31
24
42
42
37
40
42
40
29
32
34
25
30
36
23
30
40
22
31
43
16
26
41
16
27
45
13
24
44
10
20
38
15
20
23
11
16
15
10
16
11
15
20
9
24
28
10
34
37
11
38
40
8
41
42
6
44
44
6
49
46
8
51
46
10
50
43
9
50
42
10
50
40
11
53
43
14
50
42
14
47
40
12
45
38
10
43
37
8
46
40
10
47
40
10
49
41
11
51
43
13
52
45
12
51
43
11
51
43
11
52
44
11
53
46
12
51
43
10
48
40
6
45
37
5
43
35
4
40
31
2
37
27
1
36
25
1
36
24
2
37
25
5
39
26
9
40
26
11
41
27
12
41
27
11
41
28
6
41
28
6
40
27
5
39
26
4
37
24
3
36
21
3
36
22
3
39
25
6
42
28
10
46
31
15
44
29
13
42
26
11
39
23
9
35
19
6
32
15
3
29
13
1
29
12
1
29
12
2
30
12
3
30
13
3
28
10
3
26
8
3
26
8
2
26
8
2
28
10
3
30
13
4
32
16
6
34
18
6
33
18
5
33
18
3
33
18
4
33
18
4
30
15
3
28
13
2
29
13
1
29
13
2
28
12
3
27
10
2
28
11
3
30
13
5
31
14
6
30
14
5
29
13
4
28
12
2
29
11
1
31
13
2
42
23
11
56
35
23
56
36
23
51
31
17
40
19
5
19
4
2
19
4
1
18
3
1
17
2
1
17
2
0
14
0
1
14
0
2
14
0
2
14
0
2
14
0
3
13
0
3
13
0
2
13
0
2
13
0
2
14
2
2
12
2
1
12
3
0
13
4
1
14
5
1
14
6
2
16
8
3
17
10
4
17
11
4
17
10
5
15
9
4
13
7
2
11
5
1
11
5
0
12
6
1
13
7
3
14
7
4
14
7
4
15
8
5
15
8
5
14
7
5
13
5
5
11
3
3
10
2
2
9
1
1
9
2
2
11
2
2
16
0
1
17
1
2
17
1
3
18
1
4
19
2
5
19
2
5
20
3
6
20
3
6
20
3
6
21
5
6
25
10
9
29
14
12
32
17
14
34
20
14
32
21
11
33
21
10
35
24
10
39
29
12
41
31
14
41
31
13
31
22
12
22
13
9
19
10
6
16
7
3
16
7
3
15
6
3
14
5
2
12
3
0
13
4
0
15
6
2
17
8
4
19
11
3
31
24
15
36
30
19
34
28
16
30
24
10
26
21
6
27
23
6
25
22
4
22
18
2
18
14
0
22
7
4
21
6
3
21
6
3
20
5
2
19
4
1
17
2
0
16
1
0
16
1
0
16
1
0
17
2
0
17
2
2
18
2
3
18
2
3
18
2
3
18
2
3
18
2
4
19
2
5
20
3
6
21
4
7
22
5
8
14
2
5
10
1
4
10
2
4
10
2
4
11
2
5
11
2
5
12
3
5
12
3
5
12
4
5
12
4
5
13
5
6
13
5
6
13
5
5
12
4
4
12
4
4
12
4
4
13
5
5
13
5
5
13
6
4
14
7
4
15
8
5
15
9
4
14
8
3
14
8
3
15
9
4
17
11
6
15
9
4
15
7
3
17
8
4
20
11
7
26
17
13
23
14
10
24
15
11
26
16
12
29
18
14
28
17
13
26
15
11
24
14
8
23
13
6
23
13
6
23
13
6
20
10
2
20
9
0
20
10
0
21
11
1
22
13
1
23
14
1
24
15
2
24
15
5
23
17
6
22
16
8
23
18
12
25
22
19
26
26
26
18
20
25
20
25
33
23
30
42
24
33
47
17
27
45
18
31
52
15
28
51
12
22
44
19
20
30
14
15
21
13
14
14
15
17
10
21
24
8
29
34
7
34
38
5
37
41
4
42
44
5
47
46
8
47
43
9
47
42
10
48
42
12
50
41
14
50
40
15
49
41
15
49
42
14
49
44
14
50
45
14
50
45
14
51
43
11
53
44
11
55
46
14
55
46
14
54
45
12
54
45
11
54
45
11
56
47
13
54
45
11
50
41
7
48
40
7
47
40
8
42
34
4
37
29
0
36
27
0
35
26
1
36
26
2
37
26
6
37
26
6
36
25
6
36
24
5
38
25
3
39
26
4
39
26
4
39
26
4
38
25
3
36
22
3
37
23
4
39
25
7
42
28
10
45
31
13
43
28
12
41
25
12
38
23
10
35
20
6
31
15
3
28
12
0
28
11
0
27
10
1
28
11
2
28
11
2
29
10
4
28
9
4
28
9
3
28
10
3
30
12
4
32
16
5
34
18
5
35
20
4
34
19
3
33
18
1
33
19
1
34
20
2
31
16
0
30
15
0
31
15
2
32
16
3
32
15
4
29
12
3
30
12
4
32
13
6
32
15
7
28
16
6
29
14
5
27
12
2
27
12
0
31
14
2
43
25
12
54
35
22
53
33
19
48
26
11
38
16
1
26
11
8
25
10
7
24
9
6
22
8
6
21
6
4
16
2
3
15
1
3
14
1
3
14
0
2
13
0
2
14
0
3
13
0
3
13
0
2
14
1
3
14
2
2
13
3
1
13
4
1
14
5
2
15
6
2
16
7
3
17
10
4
19
13
6
19
13
6
19
13
8
17
11
6
15
9
4
13
7
2
12
6
1
13
7
2
13
7
3
15
8
5
19
12
9
20
13
10
20
13
10
19
12
10
17
9
9
13
5
5
9
1
1
8
0
0
7
0
0
7
0
0
15
0
0
15
0
0
15
0
0
16
0
1
17
0
3
18
1
4
19
2
5
19
2
5
20
3
6
21
5
6
25
10
8
28
13
11
31
16
13
33
19
13
31
19
9
32
20
9
35
24
11
40
29
14
44
34
17
45
35
17
36
26
16
27
18
14
22
13
9
17
8
4
18
9
5
19
10
6
18
9
5
15
6
3
12
3
0
12
3
0
13
4
0
16
8
1
33
26
17
37
30
20
33
27
15
27
21
7
26
21
6
35
31
13
35
31
12
28
25
7
19
15
0
21
6
3
20
5
2
19
4
1
19
4
1
18
3
0
18
3
0
18
3
1
18
3
1
18
3
1
18
3
1
19
4
2
19
3
3
19
3
4
19
3
4
19
3
4
19
4
5
20
4
6
21
4
7
23
6
9
23
6
9
17
4
7
14
3
6
14
3
6
14
3
6
15
4
7
15
4
6
15
4
6
16
5
7
16
5
7
16
5
7
15
5
6
15
5
5
15
5
5
14
4
4
14
4
4
14
4
4
15
6
3
16
7
4
16
8
5
17
8
5
17
9
5
20
14
9
16
11
6
15
9
4
14
8
3
16
7
3
15
6
2
15
6
2
17
8
4
21
12
8
27
19
12
23
15
8
25
17
10
27
18
11
29
19
12
29
19
12
27
17
10
25
15
8
24
14
7
24
14
7
24
14
7
21
11
2
20
10
0
20
10
0
20
11
0
21
12
0
21
12
0
22
13
0
21
13
0
20
14
3
19
13
4
15
11
4
12
9
5
17
17
17
13
15
19
18
22
29
24
30
40
27
34
49
23
33
51
26
37
58
23
35
58
18
28
50
21
21
33
16
15
24
13
13
16
14
15
9
18
21
6
25
29
4
30
33
3
36
37
3
41
41
5
46
44
9
46
41
8
46
40
10
47
40
12
49
40
13
50
40
16
50
40
16
49
41
15
49
42
15
50
44
15
50
45
14
53
44
12
55
45
12
58
48
14
59
49
15
55
46
12
54
46
10
54
46
9
56
48
11
54
46
9
51
43
6
52
43
8
53
44
10
46
39
6
40
32
2
38
30
0
37
29
1
38
28
4
38
27
5
35
25
4
33
23
3
33
22
1
37
25
1
38
25
3
39
26
4
39
26
4
38
25
3
38
24
5
39
25
6
40
26
7
41
27
9
43
29
11
42
27
11
40
25
9
37
22
7
34
19
6
31
15
3
28
12
0
27
11
0
27
11
0
27
10
1
28
11
2
29
11
5
29
11
5
29
11
4
29
12
3
31
14
3
33
17
4
34
18
5
35
20
4
35
21
3
34
20
2
36
22
4
37
23
5
34
20
2
32
17
1
33
17
4
33
17
5
33
17
4
31
15
3
32
15
5
33
16
7
33
18
8
29
17
5
30
18
6
29
16
4
29
15
3
30
17
3
39
23
10
47
31
16
47
29
13
42
23
8
34
14
0
30
15
12
30
15
11
28
14
11
27
12
10
26
11
9
22
8
9
20
6
8
19
5
7
17
3
5
16
1
5
14
0
3
13
0
2
13
0
2
13
0
2
13
1
1
12
2
0
12
3
0
13
4
1
14
5
1
15
6
1
16
9
3
18
12
5
19
13
6
19
13
7
17
11
6
15
9
4
13
7
2
12
6
1
12
6
1
12
6
2
14
7
4
17
10
7
20
13
10
22
15
12
23
15
14
23
15
15
20
12
12
16
8
8
14
6
6
12
4
4
12
3
3
16
1
1
16
1
1
17
1
1
17
1
2
17
1
2
19
2
4
19
2
5
20
3
7
22
5
8
23
7
8
23
8
6
25
10
7
27
12
8
28
14
8
27
13
5
28
16
6
32
21
8
37
27
12
43
33
16
45
34
17
42
33
21
37
28
21
29
19
15
20
11
6
19
10
6
19
10
6
19
9
5
16
7
3
13
4
0
12
3
0
13
4
0
15
6
0
26
18
9
32
25
14
34
27
15
33
26
13
30
24
9
30
25
7
30
25
7
30
25
6
29
24
6
23
8
4
22
7
4
21
6
3
20
5
2
20
5
2
22
7
4
22
7
4
23
8
5
23
7
5
21
6
4
19
4
2
19
3
2
19
3
3
19
3
4
19
3
4
19
3
4
20
4
5
21
5
6
22
6
7
22
6
8
19
4
7
16
2
6
16
2
6
17
4
6
17
4
6
17
4
6
17
4
6
18
5
6
18
5
7
18
5
6
18
6
6
18
6
6
17
5
5
17
5
4
17
5
4
17
5
3
17
5
3
18
6
4
19
7
4
19
8
5
20
8
5
17
9
4
17
9
4
17
8
3
17
8
2
17
9
1
18
10
3
20
12
5
22
14
7
25
17
9
27
19
11
26
18
10
28
19
11
30
20
12
31
22
13
30
21
12
29
20
10
27
18
9
25
16
7
25
16
7
25
16
7
24
15
3
24
15
1
24
15
1
24
15
1
24
15
1
25
16
1
24
16
1
23
17
1
22
17
3
21
17
4
18
15
4
16
14
6
25
26
23
22
25
27
26
31
37
31
36
47
32
38
53
28
37
55
31
40
62
27
37
60
22
31
53
32
31
45
24
23
34
19
18
23
17
17
14
19
21
9
25
27
5
28
30
3
33
34
3
39
37
4
43
41
8
46
40
10
47
39
11
48
38
12
47
37
14
47
36
14
46
35
12
45
35
11
44
36
9
43
36
8
42
36
6
48
39
5
53
43
7
56
47
9
58
49
11
55
46
9
54
45
7
53
45
6
54
47
7
54
47
7
52
45
5
51
44
6
51
43
6
48
39
4
42
35
2
41
34
2
41
33
3
42
34
5
41
32
7
40
30
5
37
27
3
36
25
2
37
26
1
38
26
2
38
26
2
39
27
3
40
27
4
40
27
5
41
27
7
41
27
8
41
27
8
41
27
9
42
27
11
40
25
9
38
23
8
36
20
6
33
17
4
31
15
2
30
14
2
29
13
1
28
12
1
29
13
1
27
11
3
26
11
3
27
12
3
28
13
3
30
16
4
31
18
4
33
20
5
35
23
6
37
25
7
38
27
7
38
27
7
38
27
6
34
23
3
32
21
2
33
20
3
33
20
4
32
19
3
30
17
3
31
17
4
34
20
7
34
22
8
28
20
4
31
23
8
32
23
6
32
22
5
32
20
3
36
24
7
43
29
13
43
28
12
40
24
7
33
16
0
24
9
6
25
10
7
25
10
7
25
10
8
25
10
8
22
8
9
21
7
9
20
6
8
18
4
6
17
3
5
14
1
3
13
0
2
13
0
2
12
0
1
12
0
0
11
1
0
11
2
0
12
3
0
13
4
0
14
5
1
15
7
1
16
10
2
18
11
4
18
11
6
17
10
5
16
8
4
14
7
2
12
5
0
12
5
0
13
5
1
14
6
3
15
7
4
19
11
8
22
14
11
23
15
13
24
15
15
22
13
13
18
10
10
16
7
7
14
5
5
14
4
4
18
3
1
17
2
1
17
2
1
17
1
1
17
1
2
17
1
2
18
2
3
19
2
5
20
3
5
20
4
5
23
7
7
25
10
8
27
12
8
27
13
7
25
11
4
26
14
4
30
18
7
36
25
12
43
32
17
45
34
19
47
37
26
45
35
28
35
26
18
24
14
7
21
11
5
20
9
4
19
8
4
16
5
1
16
5
1
17
6
2
17
6
1
16
6
0
18
9
1
27
17
8
35
26
15
40
32
19
36
29
14
23
16
1
23
17
0
28
22
5
36
29
11
26
12
6
23
9
4
22
7
3
21
6
2
21
6
3
24
9
6
25
10
7
25
10
7
25
10
7
23
8
5
19
4
2
18
3
1
18
3
1
18
2
2
18
2
2
18
3
3
19
3
4
20
4
5
21
5
6
22
6
7
19
4
6
18
2
5
18
2
5
18
3
4
18
4
5
19
4
5
19
4
5
19
4
5
20
5
6
20
5
5
20
5
5
20
5
5
20
6
4
19
5
3
19
5
3
19
6
3
20
6
4
20
6
4
21
7
4
21
8
5
21
8
4
15
6
0
17
8
1
18
9
2
20
10
3
20
10
3
24
14
6
27
17
10
28
19
10
28
19
10
27
18
9
28
19
10
29
21
11
31
22
12
32
23
14
32
23
12
30
21
10
28
20
8
27
18
7
26
18
7
26
18
7
25
17
4
25
16
2
25
16
2
26
17
2
26
18
1
26
18
1
26
18
1
25
18
1
23
18
2
21
18
3
20
18
5
20
19
9
33
32
27
30
32
31
32
36
40
35
40
49
35
40
54
30
37
56
33
41
63
28
37
61
24
31
55
41
37
55
31
28
42
25
23
30
22
21
21
23
22
14
27
27
8
30
30
5
34
33
4
38
36
5
42
38
7
43
38
8
45
37
10
46
36
11
45
35
12
46
35
14
46
35
13
46
35
12
45
36
11
45
36
9
44
37
8
49
40
4
54
43
4
58
47
8
60
50
10
56
48
7
54
46
5
53
45
4
53
46
4
53
46
4
52
45
3
50
44
3
49
43
2
48
41
2
45
39
2
43
37
2
42
35
2
41
33
2
39
31
2
39
30
2
38
29
2
37
28
3
40
28
3
39
27
2
38
27
1
38
26
2
39
26
3
39
27
4
40
27
5
40
27
5
39
26
6
39
25
6
42
28
10
41
26
9
39
25
8
38
23
7
35
20
5
33
17
4
32
16
3
31
15
3
31
15
2
30
14
2
26
12
1
25
11
1
26
13
2
28
15
2
29
18
2
31
19
3
33
22
5
36
25
7
40
29
10
42
31
12
41
31
11
39
29
8
35
25
4
33
23
2
33
23
2
33
23
3
33
22
4
32
20
3
34
22
5
37
25
8
37
27
9
31
25
4
36
30
9
36
30
9
34
27
6
31
22
3
32
22
3
37
27
8
39
27
8
37
24
6
32
20
1
18
3
1
18
3
1
19
4
2
20
5
3
22
7
5
20
6
7
19
5
6
18
4
6
17
3
5
16
2
4
14
1
3
13
0
2
13
0
2
12
1
1
12
1
1
11
1
0
11
3
0
12
4
0
14
4
1
14
5
1
15
6
1
16
8
1
18
10
3
19
11
6
19
10
6
18
9
5
17
8
4
15
7
3
15
7
3
16
7
3
16
7
4
16
7
4
19
10
7
21
12
9
23
13
12
23
13
13
21
11
11
18
8
8
17
7
7
16
6
6
15
5
5
21
6
4
20
5
3
19
4
2
18
3
1
16
1
0
16
0
1
16
0
1
17
1
2
17
1
2
18
2
3
23
7
8
25
10
9
27
12
9
26
11
7
22
9
1
24
11
2
28
16
5
35
23
11
42
31
17
44
33
19
48
37
26
47
36
29
40
29
21
29
19
11
26
15
8
22
11
5
19
8
3
16
5
1
17
6
2
19
8
4
20
9
4
18
7
1
16
6
0
23
13
5
33
23
14
41
32
20
40
31
18
26
18
5
23
15
1
25
18
2
31
24
7
27
13
7
24
10
4
21
7
2
20
6
1
21
6
2
24
10
5
25
10
7
25
10
7
23
8
5
21
6
3
19
4
1
18
4
1
18
4
1
18
4
1
18
4
1
19
4
3
20
5
4
21
6
5
22
6
7
23
7
8
22
5
6
21
3
5
21
4
5
21
4
5
21
4
5
22
5
6
22
5
6
23
5
5
23
5
5
23
6
5
23
6
5
22
6
4
22
6
3
22
6
3
22
6
3
22
6
3
22
6
3
23
7
3
24
8
3
24
9
4
24
9
4
20
9
3
21
10
4
21
11
3
21
10
3
20
10
2
24
14
6
28
18
10
30
20
11
29
19
10
25
16
6
29
20
9
31
22
11
32
24
12
33
26
13
33
25
11
31
24
9
29
22
7
27
21
5
26
21
5
26
21
5
25
18
2
25
16
1
25
17
1
26
18
0
26
19
0
26
19
0
26
20
0
25
20
0
25
21
1
24
20
2
22
19
4
21
20
8
35
36
28
33
35
32
35
37
40
36
40
48
35
39
53
31
38
56
36
42
65
32
38
64
28
32
59
42
37
59
34
29
46
29
25
35
26
23
25
27
24
19
30
28
12
33
31
8
36
33
7
39
35
6
43
38
8
43
35
7
44
35
9
45
34
11
45
33
12
46
34
14
47
35
14
47
36
13
47
38
13
47
38
11
48
40
11
56
46
9
62
51
10
66
55
14
68
58
15
64
54
10
60
50
6
56
48
2
55
48
1
53
47
1
52
45
1
50
44
0
49
43
0
50
44
2
49
44
3
46
40
3
42
36
1
39
32
0
38
30
0
39
32
2
41
36
5
44
37
8
46
35
8
44
32
6
41
30
3
39
28
2
39
28
2
40
28
4
41
29
5
41
28
5
40
27
5
39
25
5
41
27
8
40
26
8
39
25
8
38
24
7
36
21
5
34
19
4
33
17
3
32
16
2
31
15
2
30
14
1
27
14
1
26
15
2
28
17
3
29
19
3
29
19
2
30
20
3
31
22
4
34
25
5
39
30
10
42
33
12
42
34
12
41
33
9
37
29
5
34
26
2
35
27
3
35
28
4
35
28
5
35
27
4
38
30
7
42
34
11
43
36
13
40
37
11
46
42
16
45
41
15
40
35
10
33
28
4
29
23
0
34
25
3
35
27
5
36
26
5
34
23
3
16
2
0
18
3
1
19
4
1
20
5
2
21
6
4
19
5
6
18
4
5
17
3
5
16
2
4
15
1
3
14
1
3
14
1
3
14
1
3
14
2
2
14
2
2
13
3
1
13
4
1
14
5
1
15
6
2
15
6
3
15
7
1
16
8
1
18
10
3
21
12
7
21
12
8
20
11
7
19
10
6
18
9
5
18
9
5
19
10
6
18
9
6
16
7
4
18
9
6
21
12
9
22
13
11
23
13
13
22
12
12
21
11
11
21
11
11
21
11
11
21
11
11
26
11
8
24
9
6
22
7
5
20
6
3
18
3
1
17
2
1
17
2
2
18
2
3
18
2
3
19
3
4
22
6
7
24
8
8
24
9
7
23
8
5
19
5
0
20
7
0
24
12
3
31
19
8
39
27
14
41
30
17
45
34
23
46
35
26
41
30
22
34
23
15
30
19
12
26
14
8
21
9
4
17
5
0
17
5
1
20
8
3
21
9
4
21
8
3
20
8
2
24
12
5
30
20
11
37
28
17
41
32
19
36
27
13
29
21
5
24
16
1
21
13
1
26
12
6
22
8
2
19
5
1
18
4
0
18
4
0
22
8
2
24
9
4
23
9
4
21
6
3
18
3
1
20
5
2
20
5
2
20
5
3
20
5
3
20
5
3
21
6
4
22
7
5
23
8
6
24
8
7
24
9
8
25
7
6
25
5
5
25
6
5
26
6
6
26
6
6
26
7
6
26
7
6
27
7
6
27
8
6
27
8
6
26
8
5
25
6
4
24
6
3
24
6
2
24
6
1
24
6
1
24
6
1
25
7
2
26
8
2
27
9
3
28
10
4
29
17
9
29
16
9
27
14
6
23
11
3
20
8
0
21
11
1
26
16
7
29
19
8
28
19
7
24
15
3
29
22
7
31
24
9
33
25
10
34
27
10
33
27
10
31
26
8
29
24
6
27
23
4
26
22
3
27
23
4
26
20
1
25
18
0
26
18
0
27
20
0
27
21
0
28
22
0
28
23
0
28
24
0
29
25
2
28
24
3
25
23
4
25
25
9
41
40
31
38
39
36
38
40
42
38
41
48
38
40
54
35
39
58
40
44
68
36
40
67
31
33
61
42
34
59
34
27
47
29
23
36
27
23
27
28
25
21
33
30
15
35
32
12
37
34
9
41
36
8
45
39
10
45
36
9
45
34
10
46
33
11
46
32
13
45
31
12
45
32
10
45
32
9
44
33
8
44
34
7
43
35
6
63
52
13
75
62
19
79
66
23
80
68
22
72
61
15
65
56
9
60
51
4
57
49
1
54
48
0
52
46
0
50
44
0
49
43
0
52
46
2
54
48
5
50
45
5
46
40
3
41
35
0
40
35
1
46
41
8
52
48
15
57
51
19
55
44
16
50
40
12
46
36
8
44
33
5
43
32
5
44
32
6
44
33
8
45
32
9
44
32
9
43
30
8
39
26
5
39
25
5
38
24
6
37
23
5
35
21
3
33
19
2
32
17
1
31
16
0
30
15
1
29
14
0
29
17
2
30
20
3
31
21
4
31
21
4
31
21
3
30
21
2
31
21
2
32
23
3
37
29
7
40
33
9
43
36
11
43
36
11
39
32
6
37
30
3
38
31
4
39
32
4
39
33
5
40
33
6
43
37
9
47
41
13
51
45
16
54
51
19
59
56
25
56
53
23
50
46
16
41
35
7
32
26
0
35
28
3
37
29
5
38
30
7
37
28
6
16
2
0
16
2
0
16
2
0
17
2
0
17
2
1
16
3
2
16
3
2
16
2
3
16
2
3
15
1
3
13
0
2
13
1
2
14
2
2
16
5
5
16
5
3
15
5
2
14
5
1
13
4
0
13
5
0
14
6
0
16
7
1
19
9
2
21
12
5
23
13
9
23
12
8
22
11
7
21
10
6
20
9
5
21
11
7
23
12
9
22
10
8
16
4
2
20
8
6
23
11
9
24
12
11
24
12
12
23
11
11
23
11
11
24
13
13
26
14
14
28
16
16
22
8
2
27
13
8
31
16
12
31
16
13
26
11
8
19
4
2
18
3
3
19
3
4
21
5
6
22
7
7
23
7
8
23
8
7
23
8
6
22
7
4
21
7
2
23
9
2
25
12
4
28
16
6
32
20
10
34
22
11
33
22
12
32
22
12
32
22
12
31
20
11
28
17
9
25
14
7
22
10
4
20
7
2
19
7
1
19
7
1
19
7
1
19
7
1
20
8
2
22
11
4
27
17
8
35
25
14
43
35
22
46
37
23
39
30
16
30
21
7
21
12
0
26
13
5
25
12
4
23
10
3
22
9
2
21
8
1
20
6
0
20
6
0
20
6
0
20
6
0
20
5
0
24
9
6
24
9
6
23
8
5
21
6
3
18
3
1
18
3
1
19
4
2
20
5
3
21
6
4
22
7
5
23
5
4
23
4
3
24
4
3
26
6
5
27
7
6
27
8
6
28
9
6
29
10
7
29
10
7
29
10
7
27
8
5
25
6
1
24
5
0
24
5
0
24
5
0
24
5
0
24
6
0
25
7
0
26
8
1
26
8
1
27
9
2
27
11
4
27
11
4
26
11
3
26
11
3
26
11
3
25
13
3
26
15
4
28
16
4
28
17
4
26
17
4
33
25
9
33
26
8
32
26
7
31
25
6
33
28
7
33
29
8
32
30
7
32
29
6
29
27
4
26
24
1
28
24
2
26
20
2
22
15
0
31
25
3
42
36
12
40
36
10
34
30
4
26
23
0
30
27
0
33
30
6
33
32
10
32
31
12
29
29
16
33
32
27
36
36
37
38
40
46
38
40
51
42
43
63
43
44
68
37
40
67
33
34
62
44
35
61
35
28
49
30
24
39
29
23
30
32
27
25
36
33
19
39
34
15
40
35
11
41
36
8
45
36
9
46
35
8
46
34
9
46
33
10
46
33
11
46
33
11
46
33
11
46
33
10
45
34
9
45
35
7
45
35
6
60
46
6
72
58
12
82
67
22
82
69
23
85
73
26
80
68
20
70
59
11
59
49
1
61
54
5
58
51
3
54
48
1
51
45
0
49
44
0
50
44
1
49
44
2
45
41
2
39
34
0
35
32
0
48
44
10
62
57
23
75
69
37
83
73
43
73
63
34
61
50
22
49
38
10
39
28
1
38
27
1
42
31
5
43
32
6
42
30
6
38
26
2
38
25
3
38
25
3
38
24
4
38
24
5
37
23
4
36
21
4
35
21
3
34
20
2
32
18
1
31
16
1
29
18
0
30
21
1
33
23
4
36
27
7
36
27
7
35
26
5
34
26
3
34
26
3
39
31
7
42
35
10
43
36
10
42
35
8
39
33
4
36
30
1
37
31
1
38
33
2
41
36
3
44
39
7
46
41
8
47
42
9
49
45
10
56
51
14
57
51
15
56
51
16
55
49
15
51
44
12
43
35
5
35
28
1
35
28
3
38
31
7
44
36
13
18
4
0
18
4
0
18
4
0
18
4
0
19
4
1
18
5
3
19
5
5
19
5
6
19
5
6
18
4
5
18
5
5
18
6
6
20
8
8
20
8
8
20
8
6
18
7
4
15
6
2
14
5
1
14
6
0
14
6
0
16
7
0
18
9
1
21
11
4
23
12
8
23
12
8
22
11
7
21
10
6
20
9
5
21
10
6
22
11
8
22
10
8
20
8
6
19
7
5
19
7
5
20
8
6
21
9
9
23
11
11
25
13
13
25
13
13
25
13
13
24
12
12
19
5
0
27
13
7
33
19
13
35
21
15
30
15
12
21
6
4
19
4
2
19
4
3
21
5
6
24
8
9
22
6
6
22
6
5
22
7
5
23
8
6
24
9
6
24
10
5
24
11
4
24
11
3
24
12
2
24
12
2
24
12
1
24
13
1
24
13
3
25
14
3
24
11
3
23
10
2
21
8
1
22
8
2
23
9
3
24
10
4
24
10
4
22
8
2
23
9
3
24
10
3
26
14
5
31
19
9
40
28
18
47
35
23
44
33
19
39
28
14
32
21
8
22
9
1
22
9
1
22
9
1
22
9
1
22
9
1
22
9
1
23
9
2
23
10
3
24
10
4
25
11
5
22
8
2
21
7
3
21
7
3
21
6
3
21
6
3
21
6
3
21
6
3
20
5
2
20
5
3
21
6
4
23
6
3
25
6
3
25
6
3
26
7
4
26
7
3
26
7
4
27
8
4
28
9
4
29
10
5
29
10
5
28
10
4
27
8
3
26
8
1
26
8
1
26
8
1
26
8
1
26
8
1
27
9
2
28
11
2
29
12
3
29
12
3
28
10
3
28
11
2
28
11
2
28
11
2
27
12
3
28
14
2
28
16
3
29
17
3
29
18
3
30
20
3
36
29
10
36
30
10
35
30
9
35
30
8
36
33
8
36
35
9
36
35
9
36
35
9
33
33
6
30
29
2
35
32
7
34
30
6
27
23
0
28
23
0
37
33
6
46
43
13
55
52
21
64
61
30
53
51
21
34
32
7
25
24
2
27
26
4
34
34
17
49
48
41
54
53
52
52
51
55
40
40
52
36
35
55
40
39
63
41
41
68
42
40
69
47
37
65
38
29
51
32
24
39
29
22
30
31
26
25
39
33
20
41
36
17
43
37
13
44
37
10
45
37
8
47
36
9
47
35
10
47
35
11
48
34
12
48
34
12
48
34
11
47
35
10
47
36
8
47
37
7
47
38
5
55
41
1
66
50
6
77
62
16
83
69
21
91
77
29
88
75
27
79
67
18
66
55
5
64
55
5
56
48
1
52
46
0
51
46
0
49
44
0
54
49
4
58
54
11
60
55
15
57
52
13
47
44
6
47
43
7
50
46
11
58
53
19
76
66
36
72
63
32
65
56
25
57
47
16
47
37
7
41
30
2
42
31
3
41
30
3
40
29
2
37
25
1
39
28
4
39
26
4
38
25
3
38
25
3
37
23
3
35
21
2
34
20
2
34
20
2
33
19
1
33
19
0
33
21
0
34
23
1
37
26
4
42
30
8
45
33
11
45
33
11
44
33
10
42
32
8
41
31
7
42
33
6
43
34
6
43
35
6
42
33
3
40
33
0
41
35
1
44
38
2
48
42
6
52
46
8
54
48
9
54
49
9
55
50
9
59
51
7
54
45
4
51
42
3
50
40
3
48
40
3
45
36
3
39
28
1
34
24
0
32
22
0
32
21
0
20
6
0
20
6
0
21
7
1
21
7
2
22
7
4
22
9
6
22
9
7
22
9
8
22
9
8
22
8
9
21
8
9
21
9
9
22
10
9
22
11
8
22
10
7
18
8
5
16
7
2
15
7
0
15
7
0
15
7
0
17
8
1
19
8
2
20
10
3
23
12
8
24
13
9
24
13
9
24
12
8
23
11
8
23
11
7
23
11
8
23
11
9
23
11
9
19
7
5
16
4
2
16
4
3
18
5
5
21
9
9
24
12
12
25
12
12
24
11
12
22
10
9
20
7
0
27
14
6
32
19
12
35
21
15
32
17
13
25
10
7
24
8
6
23
8
7
24
8
8
23
7
8
18
2
3
18
2
2
20
5
4
23
8
6
26
11
8
27
13
8
28
14
8
27
14
7
27
14
5
25
13
3
25
13
2
24
13
1
24
12
1
23
11
1
22
10
0
21
8
0
20
7
0
21
8
0
23
9
3
25
11
5
25
11
5
23
9
3
24
10
4
24
11
3
24
11
3
26
13
4
31
19
9
40
28
16
43
31
19
42
31
18
39
28
15
25
13
3
25
12
3
24
11
3
24
11
2
23
10
2
23
10
2
23
10
2
24
11
3
24
11
3
25
11
5
20
6
1
19
5
0
20
6
1
22
7
3
22
8
4
23
8
5
23
7
5
22
7
4
22
6
4
21
6
3
25
8
5
27
10
5
27
9
5
25
7
2
24
6
1
25
6
1
25
7
2
26
8
2
27
9
3
28
10
4
28
11
4
28
11
4
28
11
4
28
11
3
28
11
2
28
11
2
28
11
2
29
13
3
29
13
3
30
14
4
30
14
4
30
10
2
29
10
2
29
11
2
29
12
2
30
13
1
31
15
3
31
17
3
31
18
3
32
20
3
31
22
3
38
31
10
39
33
10
39
34
9
39
35
9
40
37
11
40
38
10
40
39
10
39
39
9
37
38
7
33
35
5
35
33
6
35
31
6
34
30
4
33
30
3
34
31
1
42
40
7
57
55
21
80
78
44
79
78
43
59
57
25
45
44
14
39
38
13
38
38
19
47
46
36
51
50
47
50
49
53
43
41
52
41
40
60
45
44
68
47
45
73
48
44
74
53
41
68
40
31
52
33
25
39
30
23
30
32
27
24
41
36
23
44
39
18
46
40
15
46
40
12
46
39
9
47
36
8
48
36
8
48
35
9
48
34
10
48
34
10
48
35
9
48
36
8
48
36
6
48
37
4
47
38
3
58
44
2
68
51
7
76
59
13
77
59
13
83
67
20
81
67
19
76
63
14
67
55
6
68
58
9
62
52
4
61
52
4
61
53
5
55
49
2
56
51
6
59
55
13
62
58
18
63
58
19
52
49
11
46
42
7
43
39
5
45
40
6
56
47
14
58
49
16
57
48
15
54
45
12
49
40
9
44
34
4
42
31
2
41
30
2
41
30
2
40
29
2
39
27
2
38
26
2
38
25
2
37
24
2
36
23
1
35
22
2
36
22
2
36
22
3
36
22
3
37
23
4
37
24
1
39
26
2
41
29
4
46
34
9
50
38
13
52
39
15
52
39
15
49
37
12
44
33
6
42
30
3
41
30
2
41
30
1
41
30
1
42
33
0
44
35
0
47
39
1
50
43
2
53
47
5
55
48
5
55
49
5
58
50
5
65
51
4
60
46
0
58
44
1
58
44
4
60
46
7
60
47
12
54
41
10
46
34
6
39
27
2
33
21
1
20
7
0
20
7
0
21
7
0
22
8
2
23
8
4
23
10
6
23
10
8
23
10
8
23
10
8
23
10
9
20
7
7
19
7
6
20
8
6
21
8
7
20
8
5
16
7
2
15
6
1
14
7
0
15
8
0
16
9
0
18
8
1
20
8
2
21
8
2
22
11
6
24
12
8
25
13
9
25
13
9
24
12
8
24
12
8
24
11
8
23
10
8
23
10
7
21
8
6
19
6
4
18
5
4
18
4
5
18
5
6
20
6
7
22
8
9
23
9
10
24
10
11
24
11
2
27
14
5
29
16
8
30
17
9
29
16
10
30
15
12
31
16
13
29
14
12
26
10
9
19
3
5
21
5
6
22
6
7
23
7
7
24
9
7
25
10
7
26
11
7
26
12
7
27
13
7
27
13
6
26
13
5
28
16
5
29
17
4
28
17
4
25
13
1
23
11
0
21
8
0
19
6
0
19
6
0
22
8
2
24
10
4
24
11
5
23
8
2
25
11
5
25
11
4
23
11
2
23
10
2
25
13
3
32
20
9
35
23
12
36
24
12
35
23
11
29
17
7
28
16
6
27
15
5
26
14
4
25
12
3
24
11
2
23
10
2
23
10
2
23
10
2
23
10
2
21
7
1
21
7
1
21
7
1
20
6
1
21
6
2
21
7
3
22
7
3
23
8
5
24
9
6
24
9
6
26
11
6
28
12
6
27
11
5
24
8
2
23
7
1
23
7
1
23
7
1
24
8
1
26
10
3
27
11
3
27
11
3
27
11
3
27
11
2
27
11
2
27
12
2
27
12
2
27
12
2
27
13
1
28
14
2
29
15
3
29
14
3
32
11
3
31
11
2
31
12
2
31
13
1
31
14
2
32
16
3
33
18
3
34
20
3
34
22
4
34
24
4
40
31
9
40
34
10
40
36
10
40
38
9
42
40
11
41
41
11
41
42
10
40
42
9
38
41
8
37
41
7
38
37
8
40
37
9
42
40
11
44
42
12
38
36
4
36
34
1
40
38
5
56
55
18
71
70
34
67
66
30
59
59
26
50
49
21
35
34
13
33
31
19
38
37
32
45
43
46
50
48
59
60
57
77
63
60
84
62
57
86
58
52
82
55
44
70
43
33
54
36
27
41
33
25
31
36
29
25
44
38
24
47
42
20
49
43
16
49
43
13
50
41
10
48
38
7
48
37
7
49
36
8
49
36
9
49
36
9
49
36
8
49
37
6
48
38
5
48
39
3
48
39
2
65
48
7
75
55
11
78
58
13
69
50
5
71
54
8
70
54
7
67
53
5
63
49
2
73
61
13
69
59
11
69
60
13
70
62
15
63
57
11
57
51
8
55
50
9
54
49
9
53
47
9
47
43
7
45
41
6
46
41
7
46
40
7
44
35
2
44
35
3
45
35
3
45
36
3
45
36
3
44
35
3
44
34
4
44
34
4
44
34
5
44
33
5
40
29
2
40
28
2
39
27
3
39
27
3
38
25
2
37
24
2
38
24
3
38
25
4
38
25
5
39
25
5
41
27
2
42
29
2
43
30
3
45
32
5
49
35
9
51
38
11
52
38
12
50
36
10
45
32
5
43
30
2
42
30
1
42
30
1
44
33
1
47
37
2
50
40
3
52
44
3
54
46
3
56
49
3
56
50
2
57
51
2
60
51
2
71
51
1
73
53
4
76
57
9
79
60
15
81
63
21
79
62
24
72
55
21
62
45
15
51
35
9
42
26
3
19
6
0
20
7
0
20
7
0
21
8
1
23
9
3
23
10
6
23
11
8
24
11
8
24
11
9
24
11
9
19
7
5
18
6
4
19
7
4
19
8
4
18
7
3
15
6
1
14
6
0
14
6
0
15
8
0
16
9
0
18
8
0
18
6
0
18
6
0
18
6
2
19
7
3
21
9
4
22
10
6
23
11
7
23
11
7
22
10
7
21
8
6
20
7
5
23
10
8
23
10
8
22
8
8
20
6
7
17
3
4
17
3
4
19
5
6
22
8
9
25
11
12
27
15
5
26
14
4
26
13
4
25
12
5
26
12
6
31
16
13
34
19
17
33
18
16
28
13
11
18
2
3
21
5
6
21
5
6
20
5
5
20
5
3
19
4
2
20
5
3
22
8
4
25
11
5
28
14
8
30
17
10
29
17
6
28
17
3
28
17
3
25
13
1
23
11
0
21
9
0
20
7
0
20
6
0
22
8
1
23
10
3
24
10
4
22
8
2
25
11
5
25
11
5
23
10
3
22
9
1
23
11
1
27
15
5
28
16
5
27
15
4
26
14
3
27
15
5
26
14
4
25
13
3
25
13
3
24
12
2
24
12
2
24
11
3
24
11
3
25
12
4
25
12
4
25
11
4
24
10
3
22
8
2
20
6
1
19
5
0
19
5
0
20
6
1
22
8
3
25
10
7
26
11
8
26
11
6
25
11
4
24
10
3
23
8
1
22
8
0
22
8
0
23
8
1
23
9
1
25
11
2
25
12
3
25
12
3
25
11
2
24
11
1
24
11
1
24
11
0
24
11
0
24
11
0
25
12
0
26
13
1
26
14
2
28
14
2
33
11
2
33
12
1
33
13
1
33
13
2
33
15
2
33
17
2
35
20
3
36
22
4
37
24
5
36
25
4
39
31
7
40
34
8
40
37
9
42
39
10
43
41
11
42
42
10
41
43
9
40
43
8
40
43
8
40
44
8
43
42
11
43
40
11
40
38
8
43
42
9
43
41
7
38
37
3
35
34
0
37
37
0
48
48
8
48
48
10
47
48
13
45
46
16
32
31
10
34
32
20
42
39
34
48
45
47
50
46
57
53
48
69
55
50
76
54
49
78
53
46
76
55
44
68
46
35
56
40
30
44
38
30
35
40
34
29
47
41
25
48
43
20
50
44
16
52
44
13
54
45
11
51
40
8
51
40
8
52
39
9
53
39
10
53
39
10
53
39
9
52
40
7
51
41
5
51
42
4
51
42
3
65
47
6
75
53
10
78
57
14
72
51
6
74
55
10
72
54
9
67
52
5
61
48
0
70
58
10
66
56
8
66
57
10
67
60
13
64
58
13
60
54
11
56
50
9
51
46
7
48
42
5
43
39
4
44
39
6
45
41
8
47
43
9
49
40
6
44
35
2
42
33
1
42
33
0
44
35
1
46
37
4
46
37
5
46
37
6
47
37
7
48
37
9
48
37
9
47
36
9
46
35
8
45
33
8
43
31
7
41
29
5
39
26
4
37
24
2
36
23
1
35
22
1
42
27
1
44
29
1
44
28
1
45
29
2
47
30
4
48
32
5
48
32
6
48
32
5
47
31
4
47
32
3
46
31
2
46
31
1
49
35
2
54
41
4
57
46
6
59
49
6
60
50
4
60
51
3
60
52
2
60
52
1
64
53
1
79
54
0
87
62
10
93
69
19
95
72
24
94
71
27
85
64
24
74
53
18
63
42
12
52
32
6
43
23
2
20
7
0
20
7
0
21
8
0
22
9
1
24
10
4
24
11
6
24
12
8
25
12
9
25
12
10
25
12
10
23
11
9
23
11
9
23
11
9
23
12
8
21
11
5
18
9
3
16
8
1
16
9
0
16
9
1
18
12
1
19
10
1
19
7
1
18
6
0
15
3
0
16
4
0
18
6
2
20
8
4
23
11
7
23
11
7
23
10
7
22
9
7
21
8
6
23
10
8
23
10
8
23
9
9
22
8
9
20
6
7
19
5
6
19
5
6
20
6
7
22
8
9
25
13
3
26
14
4
26
13
4
25
12
4
25
12
4
28
14
9
32
17
13
31
16
14
28
13
11
22
6
7
18
2
3
16
1
1
16
1
1
15
1
0
17
2
0
19
5
2
23
8
5
27
12
8
32
18
12
35
21
15
33
21
9
30
19
4
30
19
5
29
17
4
27
15
3
24
12
2
22
10
1
21
8
0
21
8
0
22
8
1
23
9
3
23
9
4
25
11
5
24
10
4
22
9
2
21
9
1
23
10
2
26
13
4
25
13
3
23
11
2
20
8
0
24
12
2
24
12
2
24
12
2
23
11
1
23
11
1
24
12
2
25
12
3
25
13
4
26
13
5
26
13
5
25
12
4
24
11
4
23
10
3
22
8
2
21
7
1
21
7
1
21
7
1
22
8
2
23
9
4
25
10
5
23
9
2
22
8
1
21
9
0
22
9
1
22
9
1
22
9
1
23
10
2
24
11
2
25
12
3
25
13
3
24
12
2
24
12
2
24
12
0
23
11
0
23
11
0
23
11
0
24
12
0
24
13
0
25
13
0
25
14
1
27
14
1
34
12
1
35
13
2
34
13
2
34
14
2
35
16
3
35
19
3
36
21
4
38
23
5
38
25
5
38
27
5
39
31
7
40
35
7
42
38
9
43
41
11
44
44
11
43
44
10
42
44
9
41
45
9
41
46
8
43
48
10
45
45
12
43
41
11
38
36
5
41
40
6
47
46
9
46
46
7
45
45
5
45
46
5
48
49
7
43
44
4
44
44
9
49
48
17
40
39
15
45
43
28
50
48
41
51
47
49
42
38
49
34
29
50
36
30
57
37
31
62
40
33
64
52
42
65
47
37
55
44
35
47
44
36
40
46
40
34
50
43
26
49
44
19
50
45
15
53
45
13
56
47
13
55
45
11
56
44
12
57
44
12
57
44
12
57
44
12
57
44
11
57
45
10
56
46
8
55
47
7
55
48
6
63
46
4
73
51
9
81
59
17
82
60
17
85
65
21
80
63
17
73
57
11
63
48
1
68
54
7
61
50
3
60
51
5
62
53
9
61
54
10
60
54
12
57
52
12
54
49
10
51
45
8
47
43
8
46
41
8
45
41
9
46
42
9
51
42
8
47
38
4
46
36
3
46
37
3
47
38
4
46
37
4
44
35
2
45
36
5
48
38
8
52
42
12
52
41
13
52
40
13
51
40
13
50
39
12
49
37
13
46
33
9
42
30
7
39
26
4
36
23
1
33
20
0
41
25
0
44
27
0
45
27
0
47
29
1
47
29
2
47
28
2
47
28
1
47
28
2
49
31
4
51
33
5
50
32
3
48
31
0
53
37
2
60
46
7
64
51
9
66
54
9
67
55
7
66
55
6
65
56
3
65
56
2
71
57
3
91
62
5
98
69
14
100
72
20
98
71
22
92
65
20
80
55
15
68
44
9
58
35
4
48
26
1
39
17
0
21
9
0
21
9
1
22
9
1
23
10
2
25
11
5
25
13
7
25
13
9
26
14
10
27
15
11
27
14
12
29
17
15
30
19
16
30
19
15
28
17
13
26
16
9
22
13
6
19
11
3
18
11
2
19
12
3
19
13
3
22
13
5
23
12
5
21
9
3
17
5
1
17
5
2
19
7
3
22
10
6
25
14
9
27
15
11
27
15
12
27
14
12
25
12
10
23
10
8
21
8
6
21
7
7
22
8
9
23
9
11
23
9
11
22
8
9
20
6
7
17
4
4
20
8
0
24
12
3
27
15
5
28
16
6
26
13
5
24
10
4
26
12
8
28
13
10
28
13
11
27
11
12
26
10
11
25
9
10
24
8
9
22
6
7
21
6
5
22
7
4
22
7
4
23
9
5
25
11
5
26
12
6
33
22
9
39
29
12
39
28
14
37
26
12
33
22
9
29
17
6
25
13
3
21
8
0
18
6
0
18
5
0
20
6
2
25
11
5
25
11
5
23
9
3
21
7
1
21
8
0
23
10
2
27
15
5
26
14
4
24
12
2
21
9
0
28
16
5
27
15
5
25
13
4
24
12
2
24
12
2
22
10
0
22
10
0
22
10
1
22
9
1
22
9
1
23
10
2
23
10
2
23
10
3
24
10
4
25
11
4
24
10
4
23
9
3
23
9
2
21
7
1
20
6
0
19
6
0
17
6
0
18
7
0
20
9
1
21
9
2
21
11
2
22
12
2
23
13
3
23
13
3
23
13
3
23
13
2
23
14
1
22
13
0
22
13
0
22
13
0
22
13
0
22
13
0
23
14
0
24
14
1
24
15
1
26
15
2
35
13
2
35
13
2
35
13
2
35
14
2
35
16
3
37
18
3
37
21
4
38
23
5
39
25
6
39
28
6
40
32
6
41
36
8
43
39
10
45
43
12
45
46
12
44
46
10
43
46
10
42
46
10
44
49
10
45
50
12
52
53
19
55
53
23
54
52
21
57
56
22
56
55
17
50
50
11
47
48
7
51
52
10
58
59
17
53
54
14
56
55
19
61
58
28
46
44
20
45
43
28
50
47
40
53
48
51
50
44
55
45
40
61
50
43
70
52
45
76
52
45
76
49
39
62
48
38
56
48
39
50
48
41
44
50
44
38
52
45
28
49
44
19
50
44
14
53
46
13
58
49
15
59
49
15
61
49
16
61
49
16
61
49
16
61
49
16
61
49
16
61
50
14
61
51
12
59
52
10
59
53
9
68
49
8
78
54
13
87
64
22
87
65
23
90
70
27
85
66
21
75
57
12
63
47
1
69
54
8
64
51
5
63
52
7
63
54
10
60
53
10
57
50
9
54
49
9
52
47
9
52
46
11
51
46
13
51
46
13
49
44
13
46
42
10
43
35
1
43
34
0
45
36
3
47
39
4
48
39
6
44
35
2
40
31
0
42
33
3
48
38
8
56
46
16
49
38
10
49
38
11
50
39
12
51
40
13
51
39
15
49
37
13
46
34
10
43
31
7
39
26
4
37
23
2
40
23
0
43
25
0
46
27
0
49
31
2
50
31
3
48
29
2
47
27
1
46
27
0
50
31
4
53
35
6
54
36
6
56
38
6
62
46
10
71
56
17
76
62
20
79
66
21
80
68
19
78
68
16
78
68
15
78
69
14
84
70
13
103
71
12
104
74
18
102
71
19
96
66
16
88
58
12
77
48
9
69
42
7
60
35
5
51
27
2
42
19
0
28
11
8
28
12
8
28
12
7
28
12
6
26
10
5
25
10
3
27
11
4
28
13
5
29
17
6
32
20
8
33
21
9
33
22
9
33
23
8
32
24
7
32
24
6
31
24
5
30
23
4
28
22
3
27
22
1
26
21
1
29
20
6
31
18
10
31
18
10
26
12
4
21
8
1
22
9
2
26
13
5
36
23
15
37
24
16
34
21
13
29
16
8
25
13
5
27
14
6
28
14
7
27
13
7
26
12
6
26
12
6
27
13
7
25
11
4
21
7
2
17
3
0
22
4
3
23
5
4
25
7
5
26
10
6
29
12
9
30
13
10
30
13
10
31
14
11
31
14
11
31
15
9
29
13
7
28
12
6
27
11
5
25
9
3
24
8
2
23
7
1
22
6
0
22
6
0
23
7
0
26
9
2
28
13
7
32
18
12
37
23
17
43
30
22
42
30
21
39
26
16
33
21
8
26
15
1
24
14
0
25
15
0
25
15
0
25
15
0
25
15
0
25
15
1
25
14
1
25
13
1
25
13
3
24
11
3
23
10
3
22
9
2
22
8
2
22
13
0
22
13
0
22
13
0
22
13
0
24
13
0
23
11
0
23
11
0
23
11
0
22
10
0
24
9
0
25
10
1
28
11
3
30
12
5
30
13
5
30
11
6
29
10
5
29
9
4
29
9
4
30
9
7
32
11
8
28
13
6
26
14
4
25
13
3
24
12
2
24
12
2
24
12
2
24
12
2
25
13
3
26
14
3
27
15
3
27
15
3
25
14
1
30
19
5
31
20
6
29
18
4
27
16
1
25
15
0
27
17
1
29
19
2
30
20
3
30
20
3
34
21
5
34
21
5
33
21
4
33
21
4
34
22
4
35
24
4
36
25
5
37
28
6
38
30
7
39
32
7
38
31
4
42
36
7
46
41
11
49
45
14
48
45
14
47
45
12
48
47
12
50
49
15
54
54
18
57
57
21
67
61
30
75
67
38
82
74
45
83
75
45
71
66
35
64
59
29
59
56
26
59
57
27
53
52
24
45
44
18
41
40
16
41
40
19
51
48
32
53
49
37
54
49
41
57
50
46
61
53
52
60
49
52
58
46
52
60
47
55
61
49
57
49
41
42
55
45
46
55
44
42
52
42
35
48
38
26
60
48
29
57
46
21
58
47
15
60
48
12
65
53
12
76
63
18
79
66
20
79
66
19
78
63
17
72
57
13
73
59
16
77
63
22
80
64
25
76
60
22
65
49
12
71
59
6
83
72
12
98
87
27
108
97
37
96
85
25
84
73
13
76
65
6
74
61
6
74
63
5
73
61
6
70
58
6
66
55
6
64
51
5
62
50
7
62
50
12
61
49
15
58
47
17
54
43
15
53
41
17
54
42
18
56
42
18
57
37
6
57
37
6
56
36
5
55
35
4
54
34
3
54
33
5
55
34
6
56
35
7
57
36
9
58
37
10
57
36
9
58
37
10
59
38
11
60
38
13
61
39
14
60
38
13
58
36
11
55
33
8
52
30
5
49
26
4
42
29
1
42
32
0
44
34
1
47
36
6
46
33
7
44
30
6
43
29
4
44
29
3
51
33
2
57
38
2
62
43
1
73
53
5
105
83
23
111
85
19
110
82
10
115
84
10
127
92
18
125
86
12
116
74
3
121
77
6
126
81
10
118
78
7
117
81
13
114
79
14
105
72
13
92
62
10
74
50
5
62
40
2
53
34
2
46
29
2
38
24
2
25
9
2
26
9
3
26
10
4
26
10
3
25
9
2
24
8
1
25
10
1
26
12
2
27
15
4
30
18
5
31
20
5
31
21
5
32
23
6
33
25
8
35
28
9
36
29
10
36
30
10
35
30
9
34
30
8
33
29
7
33
24
9
32
20
11
31
18
10
28
15
7
25
13
4
24
11
2
23
10
2
26
13
5
28
15
7
29
16
8
29
16
8
28
15
7
29
16
8
28
14
8
26
12
6
25
11
5
25
11
5
27
13
7
25
11
6
22
8
4
19
4
1
23
6
4
24
6
5
25
8
5
26
9
6
29
11
8
29
12
9
29
13
10
29
13
9
29
13
9
29
14
8
25
9
3
24
8
2
24
8
2
23
7
1
22
6
0
21
5
0
21
5
0
22
6
0
24
8
1
26
10
3
27
12
5
29
15
9
32
18
12
36
24
15
38
26
16
36
24
14
34
22
10
30
19
5
28
17
1
26
17
1
26
16
0
25
15
0
25
15
0
25
14
0
25
14
1
25
13
1
25
13
2
24
11
3
23
9
3
23
9
3
22
9
2
22
13
0
22
13
0
22
13
0
23
13
0
24
13
0
24
13
0
24
12
0
24
12
0
24
11
0
26
11
2
26
11
2
27
11
2
29
11
3
29
11
4
28
9
4
26
7
2
26
6
1
26
5
1
26
5
1
27
7
2
24
9
1
22
10
0
22
10
0
23
11
1
24
12
2
24
12
2
24
12
2
24
12
0
24
12
0
24
12
0
24
13
0
26
15
1
29
19
5
30
20
5
30
19
3
29
19
2
30
20
3
34
24
7
36
26
8
36
26
8
35
24
7
35
22
6
34
22
5
34
22
4
34
22
4
34
22
4
35
24
4
37
26
5
37
28
6
38
30
7
39
32
7
42
35
8
46
39
11
49
44
14
50
47
16
49
47
13
48
46
12
49
48
13
51
51
15
53
53
17
52
52
15
59
54
21
64
55
25
65
57
27
70
62
32
72
66
35
71
67
36
68
66
35
63
61
30
54
54
24
50
50
22
50
49
23
53
53
29
63
61
42
62
59
43
58
53
41
56
50
41
61
52
47
61
50
50
57
45
46
55
43
46
55
43
45
54
45
40
58
48
41
57
47
36
55
45
30
53
43
22
56
46
19
59
48
15
62
52
14
67
56
14
76
64
18
79
67
16
83
71
19
87
73
21
88
74
23
82
69
18
76
62
13
75
60
13
76
61
15
79
65
21
85
70
28
85
72
18
96
84
24
113
101
41
119
107
47
102
91
31
97
86
26
98
87
28
107
95
37
97
86
28
77
66
11
67
55
3
63
52
2
63
53
6
61
52
9
60
50
11
58
47
12
57
47
14
57
47
18
57
45
20
54
44
19
54
42
16
61
41
10
60
40
9
58
39
7
57
37
7
57
36
6
56
36
7
57
36
8
57
36
8
58
37
9
59
38
11
55
34
6
55
34
7
56
35
8
57
35
9
57
35
10
56
34
9
55
33
8
53
31
6
51
29
4
50
27
3
46
33
1
45
35
0
46
35
1
47
35
4
46
33
6
48
33
7
49
33
7
51
34
7
55
38
6
60
43
4
68
50
4
83
63
10
111
90
29
117
92
25
116
89
18
121
92
18
131
99
24
130
92
18
120
80
8
122
81
10
125
84
14
120
82
13
115
80
14
106
72
11
95
64
7
83
55
3
70
46
2
60
40
2
52
35
3
45
29
2
37
23
1
27
11
3
28
12
4
28
12
4
28
12
4
27
12
2
26
11
1
26
13
1
27
14
1
27
16
3
30
19
4
31
21
4
33
23
5
35
25
7
36
29
9
39
32
11
39
33
12
39
33
11
37
33
10
35
31
6
34
30
5
35
27
9
35
24
12
32
20
8
31
19
7
32
20
9
31
19
8
28
16
5
23
11
0
23
11
2
26
14
5
28
16
7
27
14
6
28
15
7
28
14
7
26
12
6
25
11
5
26
11
7
28
14
9
27
12
8
24
9
6
21
6
3
25
8
5
25
8
5
26
9
6
26
10
7
27
10
7
28
11
8
28
11
8
28
12
8
28
13
6
28
13
6
25
9
3
25
9
3
26
10
4
25
9
2
23
7
1
22
6
0
22
6
0
24
8
1
26
10
3
27
12
4
26
12
5
26
12
6
27
14
6
29
16
8
32
20
11
34
22
11
35
23
11
35
24
10
32
22
6
30
20
4
28
19
2
27
17
0
26
16
1
26
15
1
25
14
1
25
13
1
24
12
2
24
11
3
24
10
3
23
10
3
23
10
3
23
14
0
23
14
0
23
14
0
24
14
0
25
14
0
26
15
1
26
14
2
26
14
2
26
14
2
28
13
3
28
13
4
30
14
5
31
14
5
32
14
6
30
12
5
28
10
3
27
8
2
27
7
2
27
8
2
28
9
3
25
10
2
24
12
1
24
12
1
26
14
3
27
15
3
28
16
4
28
16
3
27
15
2
26
15
2
26
14
2
26
15
1
27
16
1
29
18
3
29
19
2
29
19
2
30
20
3
34
24
6
39
29
11
39
29
11
37
27
9
35
25
7
36
24
7
36
23
6
35
23
5
35
23
5
35
23
4
36
25
4
37
26
5
38
29
5
38
31
6
39
32
6
39
33
5
43
37
8
46
41
11
47
44
12
47
45
11
49
47
13
53
52
17
56
56
20
56
57
19
52
53
14
56
51
18
57
49
19
56
48
18
62
54
23
70
65
33
75
71
39
75
73
40
70
68
36
59
60
28
56
56
25
54
54
25
55
55
28
64
63
38
62
59
38
58
54
36
57
51
36
60
53
40
60
50
42
58
47
41
60
49
43
63
52
45
64
54
39
64
55
35
63
53
31
63
53
27
66
57
25
63
52
14
73
62
18
81
70
21
89
79
25
101
89
32
110
99
38
112
99
37
109
97
34
104
92
29
94
81
20
87
74
15
84
71
14
83
70
14
83
69
16
82
68
15
88
74
17
96
82
23
104
90
31
107
93
34
101
88
29
100
89
29
103
92
32
107
95
37
96
85
27
79
69
14
71
61
8
68
58
7
66
57
9
66
57
13
64
56
15
63
54
16
61
52
17
56
47
15
54
44
15
51
42
14
53
42
13
63
43
12
63
42
12
61
41
10
59
39
8
58
38
7
57
37
6
56
36
7
57
36
8
58
37
9
58
37
9
53
32
5
53
32
5
53
32
5
53
32
5
53
31
5
53
31
6
53
31
6
52
30
5
52
30
5
52
30
5
51
37
2
50
38
0
49
36
0
47
33
1
48
33
4
51
34
7
54
36
9
57
39
11
61
43
10
64
46
7
73
55
8
86
67
14
105
87
26
107
86
18
104
80
9
106
80
7
115
86
11
118
85
12
114
79
7
118
80
10
120
83
15
117
83
16
111
78
14
100
70
10
88
60
5
75
50
0
64
42
0
58
39
3
53
37
5
48
33
6
43
30
6
32
18
6
33
19
7
33
19
7
33
19
7
31
18
5
30
16
2
29
16
1
28
16
1
28
18
1
29
19
2
32
23
4
34
25
5
36
28
7
37
30
9
39
34
10
39
33
9
37
32
8
35
31
6
31
28
1
29
26
1
33
26
6
35
25
9
30
20
4
31
20
4
36
26
10
39
28
14
38
27
14
30
18
6
25
13
2
25
13
2
24
12
3
21
8
1
25
12
4
26
12
6
26
12
7
27
12
8
29
14
11
31
16
13
29
14
12
26
11
9
23
8
5
26
10
6
26
10
6
26
9
6
26
9
6
26
9
6
27
10
7
27
11
6
27
11
6
27
11
5
27
11
5
28
12
6
30
14
7
32
16
9
31
15
8
25
9
2
23
7
1
24
8
1
26
10
2
27
12
4
26
11
2
25
11
3
24
11
3
24
11
3
25
12
4
29
16
7
33
21
10
36
24
12
38
27
13
37
25
11
35
24
9
32
21
6
29
18
3
28
17
3
27
16
2
26
14
2
25
13
2
24
12
2
24
12
3
24
12
4
24
11
4
24
11
4
24
16
0
24
15
1
24
15
1
25
16
2
26
16
2
28
16
2
28
16
3
28
16
3
28
16
4
30
16
4
30
16
5
32
16
5
34
17
7
34
18
8
33
16
8
32
15
7
32
13
6
32
13
5
32
13
6
34
15
8
31
17
7
30
18
6
29
17
5
30
18
5
29
18
5
30
19
5
31
19
6
31
20
6
31
21
5
32
21
5
31
21
5
31
21
4
32
22
4
32
22
4
31
21
4
33
23
4
36
26
8
40
31
12
39
30
10
36
27
7
33
24
4
38
26
7
37
26
7
37
25
6
36
25
5
36
24
3
36
26
4
38
27
4
38
29
5
39
32
5
40
34
5
40
35
5
44
39
8
47
43
11
48
46
12
47
45
10
51
49
13
56
56
18
60
61
23
60
62
22
54
55
15
55
50
15
56
48
16
57
49
18
59
52
19
61
56
22
66
62
28
71
69
34
76
75
40
69
70
35
61
62
28
57
59
25
58
59
26
61
61
29
62
60
32
63
60
34
65
61
37
67
61
39
59
50
31
62
52
35
73
63
46
84
74
55
77
67
38
72
61
29
68
58
22
71
61
21
82
72
27
73
61
11
89
78
21
99
88
26
108
96
30
116
105
34
128
115
43
130
117
44
127
114
40
119
106
32
104
90
18
103
90
20
106
93
25
108
94
28
103
88
24
85
71
8
92
77
17
96
81
22
97
82
23
98
82
24
94
80
20
89
76
17
84
73
13
81
70
11
80
69
11
80
70
13
79
70
16
77
69
16
68
60
11
68
61
14
74
66
23
76
69
28
72
65
27
56
48
12
49
42
9
50
43
11
55
46
14
63
44
12
62
42
10
60
40
9
58
38
7
57
36
6
56
36
5
55
34
5
55
34
5
55
34
6
56
35
7
54
33
5
53
32
5
52
31
4
52
31
4
52
31
4
52
31
4
52
30
5
53
31
6
54
32
7
54
32
7
55
38
3
54
38
0
53
36
0
50
33
0
52
33
4
55
35
7
58
38
10
61
41
13
64
46
11
66
48
8
75
58
10
87
70
16
101
83
22
102
83
15
98
78
7
98
76
3
103
78
6
110
83
10
113
82
12
116
84
16
116
83
17
106
77
12
103
76
13
95
69
11
84
60
7
71
49
1
56
38
0
51
35
1
50
36
5
50
38
11
51
39
15
35
23
7
36
23
7
36
24
8
36
24
7
34
22
5
32
19
2
30
19
1
29
19
0
29
19
0
29
20
0
31
23
1
33
25
2
34
28
3
35
30
6
37
33
6
38
34
6
37
33
6
35
32
5
32
29
2
31
29
0
32
27
3
33
23
4
29
20
0
29
20
1
35
25
7
40
29
12
42
32
16
37
27
11
30
19
5
26
14
2
22
10
0
18
6
0
22
9
1
24
10
3
25
10
6
26
11
8
28
13
11
31
16
14
30
15
13
27
12
11
23
7
7
28
11
8
27
10
7
27
9
6
26
9
6
26
10
4
25
9
4
26
10
4
26
10
4
26
10
4
27
11
4
29
13
6
32
16
9
35
19
12
35
19
12
28
13
4
25
10
1
24
9
1
26
11
2
26
11
2
22
8
0
23
9
1
23
10
2
22
9
1
23
11
1
26
14
4
30
18
7
34
22
10
37
26
13
37
26
12
36
25
11
34
23
9
31
20
6
30
19
5
28
16
4
27
15
3
26
14
2
25
13
3
25
13
3
25
13
4
26
13
5
25
13
4
24
16
0
24
16
0
24
16
0
25
16
1
27
16
2
28
17
3
28
17
3
29
18
4
29
18
4
32
18
5
30
16
3
31
16
4
33
17
5
34
18
7
33
17
6
32
16
5
32
15
5
33
14
6
34
15
7
36
17
9
34
20
8
32
21
7
32
20
7
31
20
6
30
20
4
30
20
3
31
20
4
32
22
5
33
23
7
34
24
7
35
25
8
37
27
9
38
28
11
39
30
10
38
29
9
38
29
9
39
30
11
42
33
13
40
32
10
37
29
7
35
26
4
39
28
8
39
28
8
38
27
6
37
26
5
37
26
4
38
27
4
38
29
4
39
31
4
39
33
4
40
34
5
42
37
6
47
42
10
50
46
13
50
48
13
44
42
5
45
44
6
50
50
11
55
56
16
56
57
17
49
50
10
54
49
13
58
50
16
59
53
18
56
49
15
48
44
8
51
49
11
59
59
21
73
74
35
73
77
37
65
69
29
62
65
25
63
66
27
62
66
26
63
64
26
66
65
29
68
66
31
69
65
32
60
51
21
66
57
26
81
71
41
98
87
56
100
87
46
86
72
28
78
65
17
84
71
20
105
92
36
90
76
15
111
97
30
118
105
32
120
106
30
121
108
27
122
107
25
128
113
30
130
115
32
126
110
28
111
94
15
108
92
14
112
95
20
114
98
25
112
96
24
98
81
11
104
86
23
112
94
34
120
102
42
117
100
39
94
79
18
79
65
7
71
58
2
74
63
3
80
69
12
79
69
12
78
70
14
78
71
17
68
61
11
71
66
17
82
76
30
88
82
38
85
78
37
64
57
18
56
49
11
57
50
13
61
51
16
61
42
9
60
41
8
58
39
6
57
37
5
55
36
3
53
33
2
53
33
2
53
33
2
53
33
3
54
33
5
54
33
5
54
33
5
54
33
5
53
32
5
53
32
5
53
32
5
53
32
5
54
33
6
55
33
8
55
33
8
57
38
2
57
39
0
56
37
0
56
36
2
57
36
5
59
37
8
60
39
10
63
42
11
66
47
10
67
50
7
71
55
6
79
63
8
91
76
13
101
85
16
99
83
12
97
80
8
96
77
5
101
79
10
106
81
14
106
80
15
103
76
13
93
69
8
95
72
13
90
68
13
80
60
9
66
48
2
49
34
0
43
30
0
44
32
4
47
36
10
51
40
17
36
25
5
37
26
6
38
27
7
39
28
8
39
28
8
37
26
4
36
25
3
35
25
3
34
25
3
34
27
3
34
27
2
34
27
1
35
28
1
36
32
4
38
34
6
39
35
6
39
36
7
39
36
7
37
35
6
37
35
6
35
30
4
33
25
2
34
26
4
34
26
4
34
25
5
35
26
7
38
28
10
40
30
13
37
26
11
33
21
8
28
16
5
21
9
0
23
10
2
22
9
2
21
7
2
21
6
3
23
8
6
27
12
10
27
11
11
26
10
11
24
8
9
29
13
7
28
12
6
27
11
5
26
10
4
25
9
3
25
9
3
25
9
3
25
9
3
26
10
3
26
10
3
26
10
3
31
15
8
37
21
13
39
24
15
32
17
8
29
14
5
29
14
5
30
15
6
29
14
5
23
8
1
21
8
0
21
9
0
21
9
0
22
10
0
24
12
2
27
15
4
30
18
6
32
20
8
34
22
10
35
23
10
34
22
10
33
21
9
31
19
7
29
17
5
27
15
3
26
14
2
25
13
3
25
13
3
26
14
4
26
14
4
27
15
4
23
15
0
24
16
0
24
16
0
25
16
0
27
17
0
27
17
0
28
17
2
28
17
3
29
18
4
31
18
4
30
17
3
31
17
4
33
17
4
34
18
5
34
18
5
32
16
4
32
15
3
32
14
3
33
15
4
34
16
5
33
20
5
32
22
5
32
22
5
32
22
5
32
22
5
32
22
4
32
22
4
33
23
5
34
24
6
34
24
5
35
26
6
37
28
8
42
33
13
44
36
13
43
35
13
42
34
11
41
33
10
42
34
11
41
34
10
40
32
8
38
30
6
41
30
8
40
29
7
39
29
6
39
28
5
38
28
4
38
29
2
39
30
3
39
32
4
39
33
4
40
35
4
38
33
1
45
40
7
51
47
12
51
50
13
45
45
5
46
46
6
53
54
13
61
63
21
67
69
27
63
65
23
71
66
28
73
66
29
68
62
25
58
52
15
47
46
7
47
47
7
51
53
11
60
64
22
65
70
26
64
69
24
63
68
22
63
68
22
69
72
27
66
68
22
64
65
19
66
65
20
74
68
24
80
74
30
87
78
35
96
86
44
108
95
52
120
101
51
97
79
27
88
69
14
98
79
21
128
110
47
113
95
25
139
122
47
144
126
46
137
119
36
129
111
24
138
118
30
134
114
27
129
110
22
125
105
18
120
100
16
120
99
17
119
98
18
118
97
19
115
95
18
114
93
18
115
94
28
121
100
38
129
108
46
123
105
42
98
80
19
83
67
6
76
62
2
78
67
6
82
71
13
76
67
9
73
65
9
72
65
11
74
68
15
81
76
26
87
82
34
90
84
38
88
83
38
76
70
27
66
60
19
61
54
14
58
49
10
60
41
8
58
39
6
57
38
5
55
36
3
54
35
2
53
34
1
53
33
2
53
33
2
54
34
3
54
34
3
54
33
5
54
33
5
54
33
5
54
33
5
54
33
6
54
33
6
54
33
6
54
33
6
53
32
5
53
32
5
58
38
1
61
42
1
63
43
3
64
42
6
65
42
10
64
42
11
63
42
11
63
42
10
66
47
9
69
51
7
73
56
5
77
63
5
87
75
11
100
88
18
98
85
14
92
78
7
85
70
1
90
72
5
97
78
13
98
79
15
96
77
15
92
72
15
92
74
18
87
70
18
78
61
14
65
49
6
49
36
0
41
30
0
40
30
2
41
32
6
44
32
10
39
28
5
40
29
6
41
31
7
42
33
8
43
33
9
43
33
8
43
33
8
42
33
8
41
34
7
42
35
8
39
33
5
39
33
4
39
34
5
38
34
5
39
35
6
40
36
7
41
37
7
41
39
8
41
39
8
42
39
9
39
34
5
38
31
4
43
36
10
43
36
11
38
30
6
34
26
4
33
24
4
39
29
11
43
33
15
43
32
17
39
28
14
30
18
6
26
14
4
22
9
1
19
5
0
17
3
0
18
3
1
22
7
5
24
9
7
24
9
8
24
8
9
29
13
7
28
12
6
27
11
5
26
10
4
25
9
3
25
9
2
25
9
2
25
9
2
25
10
3
26
11
3
26
10
3
31
16
8
37
22
13
41
26
17
37
22
13
36
21
11
36
22
11
37
23
11
33
19
8
27
13
1
22
9
0
20
8
0
20
8
0
21
9
0
23
11
1
25
12
2
26
14
2
27
15
3
29
17
6
32
20
8
33
22
10
35
23
12
33
21
10
31
19
7
28
16
5
26
14
3
25
13
3
25
13
2
25
13
3
26
14
4
27
15
4
23
15
0
23
15
0
23
16
0
25
16
0
26
17
0
28
18
1
29
18
1
29
19
2
30
20
3
32
19
3
34
21
5
36
22
6
37
22
6
37
22
6
36
21
5
35
19
5
34
18
4
34
17
3
34
17
4
35
18
4
33
21
4
32
23
4
33
24
5
34
25
6
36
26
8
36
27
7
36
27
7
36
27
7
35
26
5
34
26
4
34
26
3
34
26
3
40
32
9
44
37
12
44
37
11
42
35
10
40
33
8
41
34
9
42
35
9
41
34
8
41
34
6
41
31
7
40
31
6
40
31
5
39
31
3
39
30
3
39
32
2
40
32
3
40
33
3
39
34
2
40
35
2
37
34
1
46
43
7
55
53
14
60
60
20
60
61
20
66
67
25
75
77
34
86
89
44
96
99
54
98
101
55
97
94
52
90
84
44
77
72
32
65
61
20
63
63
20
58
60
16
53
57
11
47
53
6
55
62
14
58
64
15
58
65
15
60
67
15
78
84
30
73
76
22
70
69
15
74
72
16
93
87
32
121
114
57
126
116
60
125
114
58
121
107
51
119
95
39
97
72
13
88
64
5
102
77
15
136
111
43
132
106
32
157
131
52
160
134
50
151
125
38
140
114
24
173
147
55
150
123
32
132
105
14
128
101
11
142
116
30
150
123
39
148
122
40
143
116
37
136
109
33
141
115
39
127
102
32
117
92
26
112
87
21
105
83
17
100
80
15
94
76
12
87
71
8
78
65
3
74
63
3
76
66
7
73
65
8
71
64
9
84
78
25
92
87
36
91
86
36
89
83
35
87
81
34
84
77
32
71
64
20
57
50
9
49
39
1
59
40
5
58
39
4
57
38
4
56
37
3
55
36
3
54
36
3
54
36
3
55
35
3
55
35
4
56
36
5
53
33
2
54
33
4
54
33
5
54
33
5
54
33
5
54
33
6
54
33
5
53
32
5
53
32
5
52
31
4
59
39
1
63
44
2
66
46
5
70
49
11
70
48
12
67
45
11
65
43
9
64
42
6
67
47
8
71
53
8
84
68
16
98
84
26
103
92
27
109
98
30
101
91
22
91
81
12
82
71
4
87
76
11
102
90
28
108
95
35
107
93
36
98
82
30
97
83
33
91
77
30
80
67
23
65
53
15
50
40
6
45
36
5
42
32
6
39
30
6
36
27
5
42
33
6
42
33
6
43
34
7
43
34
7
44
35
8
44
35
8
44
35
8
43
35
7
41
34
7
41
35
6
39
33
4
38
32
3
37
32
3
36
31
2
36
32
3
37
34
4
38
35
5
39
37
6
41
39
8
42
40
8
40
35
6
39
32
5
42
35
8
45
38
13
44
37
12
41
34
10
38
30
7
37
28
8
42
32
14
46
36
18
46
35
19
40
29
16
26
14
3
20
8
1
20
7
1
22
8
2
24
10
6
21
6
2
20
5
2
22
7
4
25
10
8
29
13
7
29
13
6
28
12
6
27
11
5
27
11
4
26
10
3
26
10
3
27
11
4
27
12
4
28
13
4
29
14
5
31
16
7
33
19
9
37
22
12
40
26
14
41
27
15
40
26
14
38
24
11
32
19
7
29
15
3
25
12
1
22
10
0
21
9
0
22
10
0
26
13
2
27
15
3
26
14
4
23
11
1
25
13
3
29
17
7
33
21
11
38
26
16
37
25
15
34
22
12
31
19
9
28
16
6
25
13
1
23
11
0
24
12
1
26
14
2
26
15
3
23
16
0
24
16
0
25
17
0
26
18
1
29
19
2
31
21
4
32
22
4
33
23
5
34
24
7
36
24
7
37
24
8
38
24
7
39
24
7
39
24
7
39
24
7
39
25
7
40
25
7
40
25
7
41
25
7
41
25
8
37
26
6
35
26
5
35
27
6
35
26
5
35
27
6
36
27
5
36
28
4
36
29
5
37
29
6
38
30
5
37
30
5
37
30
4
41
34
9
43
37
9
43
36
9
42
35
8
42
35
7
45
39
11
46
39
12
45
39
11
44
38
9
46
37
10
46
37
10
46
37
10
46
38
10
46
38
9
45
37
7
44
37
6
43
37
4
42
38
4
43
39
3
46
43
4
52
50
10
60
59
18
69
70
27
82
83
40
88
89
45
91
93
48
93
96
50
95
98
51
96
99
52
88
86
41
75
69
26
59
53
10
59
56
11
86
88
41
83
86
38
66
71
23
44
51
2
60
69
18
54
65
11
54
64
9
61
69
12
77
84
26
78
82
21
88
88
27
102
99
37
120
114
51
134
124
59
136
123
59
126
113
47
114
97
32
118
86
28
103
71
9
105
73
9
117
84
16
134
101
30
144
111
35
147
114
34
149
117
33
152
120
32
154
121
29
182
149
58
148
115
23
137
104
14
155
123
34
165
132
46
150
118
34
145
112
32
140
107
29
128
95
20
141
109
34
128
98
26
121
91
21
118
90
19
113
87
18
108
84
16
101
80
13
93
75
9
85
69
6
79
67
6
79
67
8
77
68
10
76
68
12
81
73
19
84
77
26
86
78
29
86
78
29
84
76
28
79
70
23
68
58
13
58
48
5
53
41
1
61
42
7
58
39
4
57
38
2
56
37
2
56
37
2
57
38
4
57
38
5
56
37
4
56
36
4
55
35
4
55
35
4
54
34
3
54
34
3
54
33
4
54
33
5
54
33
5
54
33
5
55
34
6
56
35
8
57
36
9
61
42
3
63
45
1
65
46
4
68
47
9
69
47
11
66
44
9
63
41
6
60
39
2
65
46
4
72
54
7
84
69
15
96
82
23
98
88
24
100
91
24
98
89
21
95
87
20
94
86
20
96
87
26
102
92
34
107
97
40
109
98
45
109
96
49
108
95
51
97
85
43
80
70
30
62
51
16
48
38
6
46
38
9
43
34
9
39
28
6
31
20
3
41
33
5
42
33
5
42
33
6
43
34
6
43
35
7
43
35
6
43
34
6
42
34
5
40
34
5
39
33
4
39
33
4
39
33
4
38
33
4
36
32
3
36
32
2
35
31
2
35
32
2
35
33
3
35
33
3
36
34
3
39
34
5
41
34
7
42
35
8
43
36
9
41
34
9
39
32
8
37
29
6
35
27
5
36
26
7
37
27
9
38
28
11
41
31
15
29
18
5
24
12
1
23
11
1
25
12
4
26
12
5
22
9
2
22
8
2
23
9
4
26
11
7
28
12
5
28
12
5
27
11
4
26
10
3
25
9
2
25
9
2
25
10
2
25
10
2
25
10
2
26
11
2
26
11
2
28
13
3
31
16
5
34
20
8
38
24
12
40
26
14
41
27
14
39
26
13
36
22
9
32
18
6
28
15
2
25
13
0
23
12
0
24
12
1
26
14
2
26
14
3
25
13
3
22
10
0
24
11
2
27
14
5
29
17
8
31
19
10
32
19
10
31
19
9
29
17
7
27
15
5
24
12
1
23
11
0
23
12
0
24
13
0
25
14
0
26
18
1
26
18
1
27
19
2
28
19
2
30
20
3
31
21
4
32
22
5
33
23
5
34
24
6
36
24
6
38
27
8
40
27
8
40
26
7
40
26
7
40
26
7
41
27
9
43
29
9
45
30
10
46
32
11
48
33
13
41
31
8
36
29
5
35
27
3
32
24
0
30
23
0
30
23
0
31
24
0
33
26
1
37
30
4
38
31
5
39
33
5
40
33
5
42
36
8
43
37
8
43
37
8
44
38
8
45
40
10
50
45
15
50
45
14
48
43
13
47
41
11
51
43
14
52
44
15
52
44
15
52
44
14
51
44
12
49
42
10
48
42
8
47
42
7
46
43
6
47
44
5
45
43
3
57
55
14
68
67
25
76
77
33
78
80
35
80
83
36
84
87
39
86
89
41
83
88
38
74
79
29
74
73
24
65
61
14
51
47
1
60
59
10
96
98
49
100
104
53
88
93
41
64
71
19
70
80
26
67
78
21
72
82
23
82
90
30
88
95
32
105
109
44
125
125
58
137
133
65
134
126
56
125
113
42
131
117
45
126
109
36
118
98
26
129
90
27
119
80
15
123
84
16
133
94
23
146
106
31
146
106
26
145
105
21
147
108
21
152
113
22
156
116
23
169
129
35
151
111
18
149
111
19
165
127
36
158
119
33
145
106
23
147
109
28
149
110
33
135
97
22
127
89
16
122
87
12
119
86
10
119
86
11
120
90
17
123
95
23
116
91
21
105
83
15
91
71
5
79
63
0
78
64
4
82
70
12
88
77
21
86
77
22
81
71
20
74
64
15
69
58
10
65
54
6
66
54
7
66
52
6
64
50
5
63
47
4
61
42
6
58
40
4
56
38
2
56
37
2
56
37
2
57
38
3
57
38
4
56
37
4
56
37
4
55
36
3
55
35
3
54
34
3
54
34
3
54
34
3
54
33
4
54
33
5
54
34
5
55
34
6
56
35
7
57
36
8
61
44
3
63
46
2
63
45
2
64
45
5
67
47
10
67
47
10
67
46
9
65
44
6
65
46
3
68
50
2
73
58
5
79
66
7
83
73
9
90
82
14
94
87
19
99
92
25
103
97
33
109
101
42
110
101
45
107
99
46
108
100
50
118
108
66
97
86
45
73
63
24
55
45
10
43
34
3
43
33
4
46
36
10
42
32
8
36
25
5
27
16
0
44
36
7
44
36
7
44
36
8
45
37
8
45
37
8
45
37
8
45
37
8
44
37
7
42
36
7
42
36
7
42
36
7
42
36
7
41
36
7
39
35
6
38
34
5
37
33
4
36
33
4
35
33
3
35
33
3
35
33
3
37
32
3
38
31
4
38
31
5
38
31
5
39
32
6
40
32
8
40
32
9
40
32
9
38
30
9
36
27
8
37
27
9
41
31
13
31
21
5
27
16
2
26
15
2
27
15
4
28
15
5
24
12
2
23
11
1
23
11
2
25
12
4
28
12
5
28
12
5
27
11
4
26
10
3
25
10
2
25
10
1
25
10
1
25
10
1
25
10
1
25
10
1
24
10
0
25
11
1
27
13
1
30
16
4
35
21
8
39
25
12
41
27
14
41
28
14
38
25
11
35
22
8
30
18
4
27
16
2
27
16
2
28
17
3
28
16
3
26
14
3
24
12
3
23
10
1
23
10
2
25
12
4
26
13
5
28
15
7
29
16
8
30
17
9
31
18
9
30
18
8
28
16
4
27
15
2
27
15
2
27
16
2
27
17
3
28
20
3
29
22
3
29
22
4
30
22
4
32
22
4
33
23
5
33
23
5
34
24
5
34
25
5
36
25
5
37
26
6
37
25
5
38
24
4
37
24
3
38
25
4
39
26
5
42
28
7
45
31
9
49
35
12
51
37
15
45
36
11
41
34
7
39
32
6
35
28
2
33
26
1
33
26
1
34
27
1
36
30
2
40
34
6
42
36
8
43
37
8
42
37
7
43
38
7
42
37
6
42
37
6
43
38
7
47
42
10
52
47
15
50
45
13
47
42
10
43
38
6
43
35
5
46
38
6
47
40
8
48
41
9
48
41
8
47
41
6
47
41
5
47
43
5
48
46
6
50
48
8
49
48
7
58
56
14
64
64
21
67
69
23
62
65
17
60
63
14
61
65
16
64
68
18
64
69
18
59
64
13
73
72
22
80
76
26
80
77
26
92
91
40
107
110
59
108
113
60
105
111
57
99
109
54
104
116
59
96
108
49
82
93
32
76
84
22
130
138
71
128
131
62
118
117
46
114
110
36
122
114
41
123
110
33
120
103
26
117
98
20
120
95
18
144
100
30
136
92
21
141
96
23
149
104
27
158
112
32
153
108
23
150
106
16
153
109
16
157
113
18
160
116
20
156
112
15
152
108
11
156
113
18
167
124
31
152
109
19
144
101
14
152
109
26
158
115
35
146
104
27
128
85
9
132
92
13
130
93
12
124
89
8
123
89
10
127
96
20
123
95
21
114
88
17
98
76
9
86
67
3
87
71
9
92
77
19
98
84
29
97
84
30
90
77
27
82
68
20
74
59
12
67
53
6
67
49
4
67
50
5
67
49
5
65
47
5
61
43
6
58
40
3
57
38
2
56
37
1
56
37
2
57
38
3
57
38
3
56
37
3
56
37
3
55
36
3
55
36
3
54
35
3
54
34
3
54
34
3
54
34
3
54
33
3
54
34
4
55
35
5
56
35
7
57
36
8
61
45
4
61
47
2
59
45
1
60
44
2
64
46
8
66
47
10
66
47
9
65
45
7
67
48
4
70
52
3
70
56
2
73
62
3
89
79
15
104
96
29
106
99
32
105
99
33
103
96
33
101
95
37
102
95
42
101
94
44
98
90
43
87
77
38
69
58
21
55
45
9
47
37
4
44
34
5
45
34
6
43
31
7
41
29
6
39
27
5
39
26
7
44
36
7
44
36
7
45
36
7
45
37
8
46
38
9
46
38
9
46
38
9
45
38
9
44
37
9
44
37
9
42
36
8
42
35
8
42
35
8
40
36
8
40
36
7
39
36
7
39
35
7
37
35
6
37
35
6
37
34
5
36
31
4
35
28
3
33
27
2
33
27
2
36
28
4
39
31
7
42
34
11
43
34
13
40
31
11
38
28
9
36
26
8
38
28
10
32
22
5
29
19
3
28
18
2
29
18
2
28
17
3
25
14
1
24
12
0
23
12
0
25
14
1
29
13
7
29
13
5
29
13
5
28
13
4
27
12
3
27
12
2
26
11
2
26
11
1
25
10
1
25
11
0
24
10
0
24
10
0
25
11
0
27
13
1
32
19
5
37
24
10
40
27
13
42
29
15
40
27
13
36
23
9
33
21
6
31
20
4
31
20
6
31
20
6
29
18
5
27
15
4
25
13
4
24
11
3
24
11
3
24
10
3
25
11
4
26
12
6
29
16
8
31
18
10
32
20
11
32
20
10
32
19
7
30
19
5
30
19
5
30
20
5
30
20
4
30
22
4
30
23
4
30
23
4
31
24
5
33
23
5
34
24
6
34
24
5
34
25
5
35
26
6
37
26
6
36
25
4
36
24
3
37
23
2
36
23
1
36
24
0
38
26
2
41
28
5
44
31
8
48
34
11
51
37
14
47
37
12
43
36
9
42
36
8
41
35
6
40
34
5
40
34
5
41
35
6
42
36
7
43
38
8
45
40
9
45
40
9
44
39
8
44
39
6
42
37
4
40
35
3
41
36
3
44
39
7
49
45
11
46
42
8
42
37
4
38
33
1
41
33
1
44
37
4
47
40
6
49
42
8
49
43
8
47
42
5
48
42
5
48
44
6
50
48
8
54
52
11
57
56
13
58
58
13
59
60
14
61
63
15
64
67
18
62
65
16
60
65
14
61
66
14
66
72
19
75
81
28
96
96
43
108
106
53
112
110
56
117
117
63
108
111
57
102
109
53
101
110
54
111
123
65
122
134
75
122
134
73
96
107
45
67
76
12
130
137
70
112
115
46
92
90
19
86
79
7
104
95
18
109
92
14
104
85
5
108
87
6
123
96
15
166
118
39
155
108
27
157
109
26
161
113
28
166
119
30
162
115
21
160
112
14
159
112
11
159
112
9
157
111
6
157
112
6
156
110
6
159
112
10
163
117
18
152
108
12
148
103
12
153
107
20
157
110
26
151
104
23
141
95
14
147
104
18
142
102
14
131
91
5
121
85
2
125
91
11
125
93
16
119
91
16
107
83
12
95
73
7
92
73
11
91
74
14
90
74
18
92
76
23
91
74
25
85
68
20
78
60
14
73
53
8
69
48
5
68
46
3
66
44
2
64
42
2
61
43
6
58
40
3
57
39
2
56
38
1
56
38
1
57
38
3
57
38
3
56
37
2
56
37
2
55
36
1
55
36
3
54
35
2
54
35
2
54
35
2
54
34
3
54
34
3
54
34
3
55
35
4
56
36
5
57
37
6
55
43
2
55
45
0
56
44
0
58
45
3
60
45
6
61
44
6
61
43
5
61
43
2
68
51
6
77
60
10
81
66
11
87
74
14
103
93
29
116
108
41
113
105
39
105
97
34
95
87
27
89
82
26
87
79
29
85
78
30
79
70
26
60
48
14
51
41
7
50
39
7
50
40
10
51
40
12
47
36
9
37
24
2
34
21
1
35
21
2
40
25
6
38
30
1
39
31
2
40
32
3
40
32
4
42
33
6
43
34
7
44
35
7
43
35
8
42
35
8
42
35
8
40
33
6
39
32
5
40
33
6
39
35
7
39
34
9
40
35
9
39
35
9
38
34
9
37
33
8
37
33
8
37
31
7
36
28
5
35
27
4
33
25
2
34
26
3
35
27
4
37
29
6
37
28
8
35
26
6
33
24
3
32
22
3
33
23
5
32
22
4
31
21
3
30
20
2
30
20
2
29
19
2
27
17
0
26
15
0
25
15
0
25
15
0
30
15
6
30
15
6
30
15
6
30
15
6
30
15
6
28
13
4
27
12
3
26
12
2
26
12
0
25
11
0
26
12
0
25
11
0
24
10
0
24
11
0
29
16
2
34
22
8
39
26
12
41
29
15
39
26
12
35
23
9
34
22
7
34
24
7
36
26
9
35
24
10
32
20
8
29
17
6
27
15
5
27
14
6
26
12
6
25
11
5
25
11
4
24
10
4
27
13
7
29
16
9
30
18
9
31
19
8
30
18
6
30
19
5
30
20
4
30
20
3
31
21
4
29
22
3
29
22
3
29
23
3
31
23
4
33
23
5
34
24
6
35
25
6
35
26
6
35
26
6
38
27
5
39
28
6
39
27
5
40
27
4
40
28
4
40
28
4
41
30
4
43
32
5
46
33
7
49
36
10
51
37
12
45
36
8
41
35
6
42
36
7
43
37
8
43
37
9
44
38
8
44
39
8
44
39
8
43
38
7
43
38
7
44
39
7
46
41
8
46
41
8
44
39
6
43
38
4
42
38
3
44
40
5
46
42
7
44
40
5
40
36
2
37
33
1
46
40
7
51
44
10
53
47
12
54
48
12
53
47
10
49
43
6
48
42
4
48
44
4
49
48
6
53
52
8
54
54
8
54
54
8
56
57
10
63
66
17
80
83
33
82
86
34
79
84
32
77
83
30
84
90
37
101
107
53
107
108
52
104
102
45
92
91
35
89
90
34
80
85
29
75
83
26
73
83
26
76
88
30
86
98
38
106
119
57
100
111
48
76
85
19
76
84
14
85
87
16
104
101
28
117
110
34
117
105
27
106
87
6
123
102
20
137
114
31
152
122
37
170
120
32
158
108
18
158
108
16
163
113
18
170
121
23
171
123
19
173
125
18
174
125
16
171
123
13
165
117
6
169
121
9
166
118
7
163
115
6
160
113
6
159
111
9
156
109
11
152
105
10
147
101
10
144
99
9
148
102
15
148
104
13
143
100
8
136
92
2
128
89
1
129
92
8
129
94
14
125
94
16
115
88
14
97
73
7
88
66
4
82
62
3
79
61
5
80
62
10
80
60
12
76
55
9
73
51
7
71
47
5
72
48
6
72
48
6
71
46
5
68
43
4
61
43
6
58
40
3
57
39
2
56
38
1
56
38
1
57
39
2
57
38
3
56
37
2
56
37
2
55
36
1
55
36
3
54
35
2
54
35
2
54
35
2
54
34
3
54
34
3
54
34
3
55
35
4
56
36
5
57
37
6
51
41
2
49
43
0
51
44
1
56
47
4
58
46
6
56
42
3
55
40
1
56
41
0
67
51
5
77
62
11
83
69
13
87
74
14
92
82
18
93
84
17
88
79
14
84
75
13
81
74
14
80
72
19
71
63
15
61
52
7
55
45
5
61
48
16
48
37
7
44
33
4
43
31
4
45
32
7
45
33
9
40
27
5
36
22
2
35
20
1
34
19
0
35
26
0
36
27
0
37
28
1
38
30
3
40
31
4
42
33
6
43
34
7
43
35
8
43
36
9
44
37
10
42
35
10
42
35
10
43
36
11
42
37
12
43
38
13
42
37
12
41
37
12
40
36
11
38
34
10
38
33
9
39
33
11
41
32
12
39
30
10
37
28
8
36
26
7
35
26
5
34
25
5
33
24
4
32
23
3
31
22
2
31
22
2
31
22
2
32
23
3
33
23
5
33
23
5
32
22
4
30
21
2
30
20
1
30
20
1
29
19
1
28
18
0
29
14
5
29
14
5
29
14
5
29
14
5
29
14
5
28
13
4
26
12
1
25
11
0
24
10
0
23
9
0
28
14
3
28
14
2
26
13
0
24
11
0
27
15
1
33
20
6
37
24
10
39
26
12
37
24
8
33
20
4
33
22
6
35
26
9
39
29
12
38
27
13
34
22
10
30
18
7
28
16
7
29
16
8
29
15
9
27
14
7
26
12
6
25
10
4
26
12
6
28
15
7
29
16
7
29
17
7
29
17
5
28
17
3
29
19
3
30
20
3
31
21
4
27
19
1
27
20
1
27
20
1
29
21
2
32
22
4
33
24
4
34
25
5
35
26
6
36
27
7
38
27
5
41
30
8
43
31
8
43
31
7
43
31
7
43
32
5
44
33
6
45
33
6
46
33
7
46
34
7
47
34
8
44
36
8
43
37
8
43
37
8
43
38
8
44
39
8
44
39
8
44
39
8
44
39
8
44
39
8
44
39
7
45
40
7
46
41
8
49
46
11
50
46
11
48
45
9
47
43
8
47
43
7
48
46
8
48
45
7
46
43
5
44
41
3
49
43
8
53
48
13
57
51
16
58
52
16
57
51
14
51
45
8
50
45
6
50
46
6
52
50
8
56
55
11
51
50
5
54
54
6
58
59
11
64
68
18
73
76
26
74
78
27
77
82
29
81
87
33
91
97
42
105
110
56
99
100
43
88
86
28
75
74
16
74
76
17
67
72
14
69
77
18
73
83
23
75
87
27
68
80
20
86
99
37
87
99
35
77
86
20
90
95
26
103
105
33
117
115
41
126
118
42
123
110
32
129
110
29
149
127
45
156
131
48
158
128
42
171
121
24
163
112
14
165
114
14
170
120
18
178
127
22
179
130
19
183
133
19
184
135
19
183
135
16
178
131
9
174
126
7
174
125
8
170
121
6
163
115
2
165
118
9
166
119
14
159
112
10
151
104
6
149
103
7
157
110
17
153
105
9
151
103
7
151
104
10
146
102
11
137
97
11
131
94
11
124
91
13
118
89
14
105
79
12
94
70
6
85
64
4
80
60
4
80
59
8
78
55
8
75
52
7
74
50
6
75
50
8
78
51
11
78
50
10
77
47
8
72
44
5
61
43
6
58
40
3
57
39
2
56
38
1
56
38
1
57
39
2
57
39
2
56
38
2
56
37
2
55
36
1
55
36
1
54
35
2
54
35
2
54
35
2
54
35
2
54
34
3
54
35
3
55
35
4
56
36
5
57
37
6
50
42
2
48
44
0
48
43
0
52
45
2
56
46
6
57
45
5
58
43
3
58
42
0
62
46
1
68
53
3
71
57
2
73
60
1
78
68
4
78
69
3
74
64
2
71
63
3
73
64
6
77
69
16
69
61
13
59
50
7
53
43
6
60
46
17
53
42
12
49
37
8
45
32
5
42
28
3
41
27
4
40
26
4
39
24
4
38
22
3
38
21
2
35
27
2
35
27
2
36
28
3
37
29
4
39
31
5
41
34
8
43
36
10
45
38
12
46
40
13
47
42
15
44
38
11
44
38
11
45
40
13
45
41
14
45
41
13
44
40
11
43
39
11
42
39
11
42
38
10
41
37
9
42
37
12
43
36
14
40
33
12
38
31
9
36
29
7
35
27
6
35
27
6
35
27
7
35
27
7
35
27
7
34
25
6
31
21
2
33
23
5
34
24
7
34
24
7
34
24
7
34
23
6
33
22
6
33
21
5
32
20
5
31
19
4
29
15
2
29
15
2
29
15
3
29
14
3
29
13
3
28
12
2
27
12
1
25
11
0
24
9
0
23
8
0
28
13
3
29
14
2
28
13
2
27
13
2
29
15
1
32
18
5
35
21
7
37
23
8
36
23
6
35
21
4
35
23
6
37
26
8
41
29
12
42
29
14
37
24
10
34
21
8
33
20
8
35
21
11
35
20
11
32
17
9
30
16
7
29
15
6
32
17
9
32
18
9
32
17
9
30
16
7
29
15
5
30
16
5
30
17
5
31
18
5
31
18
6
26
17
1
26
18
0
27
19
1
28
20
2
31
21
3
33
23
4
35
25
5
36
26
6
37
27
7
38
27
5
43
31
9
44
33
8
45
33
8
45
33
7
45
34
7
46
34
7
46
34
7
47
34
7
47
35
6
47
35
6
45
37
6
44
39
6
46
40
8
48
43
9
47
41
8
47
41
7
47
41
7
48
42
9
48
42
8
48
41
8
50
43
9
54
47
12
53
47
12
53
47
11
53
46
10
53
47
9
54
48
9
55
49
9
55
49
8
55
49
7
54
48
7
54
44
8
56
47
11
61
53
16
64
57
19
62
56
18
55
51
12
59
55
14
61
57
16
64
60
17
69
65
20
61
56
9
66
60
12
70
64
15
69
63
14
72
68
17
71
69
17
72
73
19
77
81
25
90
96
40
96
103
46
98
100
42
94
93
35
86
85
26
87
87
26
87
87
25
93
95
32
102
106
41
113
117
51
107
112
46
112
118
51
106
111
43
100
103
34
151
150
80
147
144
70
130
122
45
122
109
28
133
114
30
165
138
48
173
142
50
172
138
44
170
132
35
187
135
29
180
129
22
181
129
20
183
131
20
185
134
21
184
134
16
185
134
14
184
134
12
182
133
10
177
129
5
177
130
7
179
132
11
176
131
12
169
124
9
165
122
11
163
121
13
158
116
11
153
111
10
152
111
13
156
113
17
148
105
10
150
107
13
158
115
23
158
118
29
140
104
16
126
92
9
116
85
6
115
86
9
112
86
16
101
79
12
91
70
7
82
62
3
80
60
5
78
57
6
77
55
7
77
54
8
77
53
10
77
50
10
75
47
7
72
43
5
68
40
3
62
41
3
60
39
2
59
38
1
59
38
1
59
38
1
59
38
2
59
37
2
59
37
2
58
36
2
57
35
2
57
35
2
57
35
2
57
35
3
57
35
2
56
34
1
57
34
2
58
35
2
59
37
3
60
37
4
60
37
4
59
41
1
58
43
0
57
42
0
58
43
1
59
45
5
59
46
5
59
46
5
60
45
3
61
46
2
63
49
2
66
50
1
70
55
1
80
66
4
85
71
7
83
70
7
82
69
8
81
69
12
78
67
15
71
61
14
66
56
12
62
51
11
58
42
10
63
48
18
59
44
15
52
38
11
45
31
6
40
27
3
35
22
0
32
18
0
32
18
1
36
21
2
32
26
3
32
26
3
32
26
3
33
27
4
34
29
5
37
32
7
40
35
10
43
38
12
46
42
14
49
45
16
45
41
12
45
41
11
46
43
12
46
43
12
42
40
6
41
40
6
43
41
7
46
44
9
48
46
11
47
45
10
45
42
12
42
38
13
39
35
10
36
32
7
35
30
6
35
29
6
35
29
7
36
29
9
35
28
9
35
27
8
35
26
8
33
23
6
34
24
8
34
23
9
35
23
10
36
23
11
36
22
10
35
21
10
33
19
9
32
17
9
32
17
8
31
17
0
31
17
0
31
17
0
31
16
0
30
14
1
29
13
1
28
12
0
27
11
0
26
9
0
25
8
0
27
9
1
28
11
2
29
12
3
31
15
3
31
15
2
31
15
2
32
16
2
33
18
2
36
22
4
38
24
6
38
24
6
39
25
7
43
29
11
45
31
13
42
28
11
41
26
10
40
25
9
41
26
11
40
24
11
37
21
8
36
20
8
39
22
11
37
20
10
35
19
9
35
18
9
35
17
9
33
16
8
32
14
7
32
14
8
33
15
8
33
16
9
27
17
1
28
18
1
29
19
2
30
20
3
31
21
3
33
23
5
35
25
5
37
26
5
38
27
6
38
27
5
44
32
9
45
34
8
45
34
7
45
34
6
47
35
7
48
37
7
49
37
7
49
38
8
49
38
6
49
38
6
46
38
3
46
40
2
49
43
4
52
46
7
50
42
4
48
40
3
48
40
4
51
42
8
51
42
8
50
40
6
52
42
7
57
48
11
56
46
9
58
47
8
58
48
8
59
49
7
59
48
5
57
47
4
60
50
4
65
55
7
70
59
13
81
64
26
71
57
18
71
59
20
68
59
20
59
54
11
56
54
11
65
63
18
67
63
18
66
59
13
69
59
12
71
57
8
87
70
21
96
77
28
91
71
22
88
73
20
86
75
20
85
79
23
86
86
28
95
100
40
77
85
25
96
98
40
102
100
42
92
89
30
101
95
32
120
112
46
129
121
51
135
126
54
138
129
55
148
140
66
152
145
71
141
135
61
124
118
43
136
127
53
130
118
40
131
113
31
140
117
30
161
132
38
175
137
34
178
134
28
188
140
30
197
147
34
193
139
23
191
137
20
189
136
17
189
136
15
189
136
14
190
138
14
190
138
14
188
137
12
186
136
11
182
134
9
183
137
15
183
139
19
181
138
21
175
134
18
161
121
11
153
115
8
149
114
9
148
114
12
149
116
17
150
116
18
146
112
20
145
111
22
146
112
23
149
116
30
141
111
25
128
99
16
117
89
8
111
86
6
112
89
13
108
86
14
100
80
11
92
73
7
85
66
5
81
60
4
79
58
5
77
56
6
76
53
7
71
47
5
69
44
4
69
44
4
68
43
4
64
39
0
64
38
1
64
38
1
63
38
1
63
37
2
63
36
2
63
35
3
62
34
3
62
34
3
62
34
4
59
31
1
61
33
2
62
34
3
61
33
2
59
32
0
60
33
0
62
36
1
64
38
1
65
39
2
63
38
0
71
39
0
72
39
0
70
40
1
67
41
1
62
43
2
60
44
2
58
45
3
58
46
4
62
48
5
65
50
5
69
51
3
73
53
1
78
57
1
83
61
1
88
67
5
92
71
11
93
74
16
82
67
12
70
55
8
63
50
6
60
46
5
58
39
4
68
49
16
60
42
10
51
34
5
44
29
1
46
33
8
39
27
3
32
20
1
31
18
1
38
26
5
29
23
1
29
23
1
30
24
1
31
25
2
33
28
3
36
31
6
39
34
8
42
37
10
44
40
12
47
43
14
47
43
14
47
43
14
47
44
13
45
43
10
42
40
6
43
41
6
45
43
8
49
47
12
50
48
13
48
46
11
44
42
11
41
37
10
39
35
8
37
32
7
36
31
6
35
30
6
35
29
6
35
28
7
33
26
6
33
24
5
34
23
5
35
25
7
35
25
9
35
25
10
36
24
10
37
23
10
35
21
9
33
19
7
32
18
6
31
17
5
30
16
5
31
16
0
31
16
0
31
16
0
30
15
0
29
13
0
28
12
0
27
11
0
27
10
0
26
9
0
25
7
0
25
8
0
26
8
0
27
10
1
29
12
2
29
12
1
29
12
0
29
13
0
30
15
0
33
18
1
35
21
4
37
23
5
39
25
6
42
28
10
44
30
12
43
29
12
43
28
11
42
28
11
42
27
11
37
22
7
33
17
4
35
19
6
43
27
14
34
18
5
32
15
4
33
17
6
36
20
9
37
20
10
32
15
6
31
13
5
31
14
6
33
17
8
28
19
2
29
19
2
30
20
3
31
21
3
32
21
3
35
24
6
36
25
6
37
26
6
39
28
5
40
28
5
43
31
7
44
32
7
44
33
6
45
33
5
46
34
6
47
36
6
48
37
7
48
37
7
48
37
5
49
38
6
49
40
4
49
42
3
51
44
5
51
43
4
49
41
3
49
40
3
50
41
4
52
44
7
53
44
7
52
41
6
51
40
4
51
41
3
61
49
11
69
58
17
72
61
19
71
61
17
66
56
10
61
50
4
65
54
6
71
60
10
81
69
19
102
84
44
99
83
42
92
79
37
81
71
28
65
57
13
66
61
15
71
67
19
70
64
16
68
60
12
82
69
20
85
69
19
99
80
29
105
84
32
99
79
25
93
77
21
92
80
23
93
86
27
96
95
34
102
105
43
85
90
29
100
99
39
104
98
39
96
89
29
110
101
37
134
124
56
144
134
62
147
136
62
144
132
57
143
134
58
145
136
61
138
129
54
124
115
40
111
100
24
118
104
26
140
121
39
162
137
49
177
145
51
173
132
30
180
134
26
193
143
31
204
153
37
194
140
23
192
138
20
191
138
18
190
137
17
190
137
16
191
139
14
191
139
14
190
139
13
188
138
12
186
136
10
185
138
13
184
138
17
181
137
18
176
133
17
164
122
10
157
117
9
155
117
11
156
119
16
160
123
24
165
127
29
164
128
35
153
118
29
138
104
14
135
103
15
144
113
27
138
110
24
127
100
17
111
86
7
108
85
9
111
88
16
109
88
19
103
84
18
93
74
13
84
63
7
79
58
5
75
54
4
73
50
4
69
44
3
68
43
3
69
44
4
69
44
5
66
41
1
66
40
3
66
40
3
65
39
2
64
38
3
64
37
3
63
36
2
62
35
3
62
34
3
62
34
3
58
30
0
59
31
1
60
33
1
60
32
1
57
30
0
59
32
0
62
36
0
64
38
1
66
40
3
64
39
0
69
40
0
70
40
0
69
40
0
66
42
0
61
42
1
59
44
2
59
45
3
59
45
5
62
47
5
65
47
3
71
51
3
76
53
3
77
52
0
87
61
0
95
70
6
99
75
10
100
78
13
100
80
21
92
73
19
78
61
10
65
48
2
58
36
1
68
49
14
64
45
12
56
39
8
48
32
3
48
35
7
44
31
5
39
26
3
37
25
2
41
28
6
31
23
0
31
23
1
32
25
1
33
26
1
34
28
3
37
31
4
40
33
6
43
36
9
45
39
10
47
41
12
43
38
8
45
40
10
49
45
13
52
48
15
50
46
12
49
45
10
48
44
9
48
44
9
47
44
6
43
41
3
42
39
7
42
38
10
41
37
9
39
34
7
38
34
6
37
33
7
37
32
7
36
31
6
33
27
4
32
24
4
33
24
4
36
26
8
35
25
7
36
24
8
36
24
8
36
23
7
35
22
8
33
20
6
32
19
6
31
17
5
31
17
4
31
16
0
31
16
0
31
15
1
30
15
2
30
14
2
29
12
2
27
11
1
27
9
1
26
8
1
25
7
0
25
7
0
25
7
0
26
9
1
28
11
2
28
11
2
27
11
1
27
11
0
28
13
0
31
16
0
33
19
3
35
21
3
37
23
4
38
24
6
40
26
7
40
26
7
41
27
8
41
27
9
41
27
9
38
24
6
35
21
4
36
21
5
40
25
9
37
22
6
37
21
7
37
21
8
37
21
9
37
21
8
34
18
6
32
15
4
31
14
3
30
15
3
31
21
3
31
21
3
31
21
3
32
22
4
35
24
5
37
25
6
37
26
5
38
27
5
39
28
6
42
30
6
42
31
5
42
31
4
43
31
4
44
32
4
45
34
4
46
35
5
46
36
5
47
36
4
50
37
5
50
38
6
50
40
4
50
41
3
50
41
3
50
41
4
52
42
5
55
43
7
57
46
10
60
48
12
59
47
11
58
46
9
58
45
8
60
47
9
66
54
13
79
67
23
89
76
32
95
83
37
96
85
35
87
74
23
79
67
15
75
63
9
74
62
8
90
69
25
103
84
39
103
87
41
94
82
34
77
68
20
85
78
29
88
81
29
85
77
24
85
75
22
112
97
42
111
92
38
108
87
32
106
83
27
108
84
27
125
106
46
130
115
53
126
116
53
121
117
52
123
124
59
130
133
66
128
124
61
116
106
45
96
86
23
97
85
17
120
107
36
133
120
46
140
127
51
140
127
50
138
126
48
137
124
48
131
118
42
121
108
33
112
99
22
133
115
35
154
131
47
168
140
50
169
137
40
182
140
35
194
146
36
196
145
31
194
140
23
195
142
22
194
141
21
193
140
19
193
140
18
193
140
17
194
141
16
194
141
15
193
141
15
191
140
14
190
139
13
189
139
14
186
137
14
182
134
14
178
131
13
170
124
12
167
122
14
166
123
17
167
125
21
170
126
26
170
128
29
156
118
23
150
114
22
152
118
26
159
126
36
154
121
34
138
107
23
122
93
11
111
84
4
106
82
6
100
77
5
100
78
9
101
80
14
91
71
10
82
61
5
78
56
4
75
52
3
72
49
4
70
46
2
70
46
4
72
47
6
72
47
7
69
44
4
69
43
4
68
42
4
67
41
4
66
39
4
65
38
3
63
37
2
62
35
2
62
34
3
62
34
3
60
32
1
62
33
3
62
34
2
61
34
1
59
32
0
60
34
0
64
38
2
67
42
4
70
45
5
69
44
4
70
44
1
70
43
0
68
43
0
65
43
1
63
45
3
62
47
4
63
48
7
65
48
9
65
47
8
69
47
5
78
53
7
87
57
8
83
51
0
101
69
5
113
82
13
119
89
18
118
91
18
126
101
32
121
97
32
101
79
16
79
56
2
60
37
0
68
46
10
65
45
10
59
40
7
52
34
4
49
33
4
48
34
6
45
32
5
42
29
4
41
27
4
34
27
2
35
27
3
35
28
3
36
29
4
38
31
4
40
33
6
42
35
8
43
37
9
45
39
10
46
41
10
43
38
7
47
42
10
54
49
16
60
55
22
55
51
16
49
45
10
45
41
5
43
40
2
44
41
3
44
41
3
44
41
7
44
40
11
43
39
10
42
38
9
41
37
9
41
37
9
41
37
9
40
35
10
39
32
7
37
29
6
35
27
5
34
25
5
36
25
5
35
23
5
35
22
5
35
22
6
34
21
5
34
21
5
34
21
6
34
20
7
36
20
7
33
17
4
33
17
4
33
17
4
33
17
5
32
16
4
31
14
5
29
12
4
28
10
4
28
9
4
27
8
3
26
7
2
27
8
3
28
9
4
29
11
4
29
12
3
28
12
1
28
12
0
29
13
1
32
16
3
34
17
5
36
22
4
37
25
3
37
24
2
37
24
2
38
25
3
38
25
4
39
25
6
42
28
9
45
31
12
48
34
16
43
30
12
32
18
0
43
29
11
47
33
15
45
31
14
41
26
10
38
23
7
42
27
11
42
27
11
39
24
8
35
20
4
33
23
5
33
24
4
34
24
4
36
25
5
37
26
6
38
27
5
39
27
6
40
29
6
42
30
6
42
30
6
41
30
3
42
30
3
43
31
3
44
32
4
45
34
4
45
35
5
47
36
5
50
37
5
51
38
6
51
38
6
51
39
4
51
39
3
52
40
4
54
42
6
58
45
9
61
47
11
62
48
12
61
47
11
61
45
8
60
44
7
60
45
7
61
47
7
69
53
10
81
66
20
92
78
30
101
87
37
104
92
38
96
83
27
87
75
17
80
68
10
77
64
7
87
64
14
91
70
19
85
66
16
76
60
8
66
52
1
95
84
27
102
91
34
96
84
27
88
75
17
105
87
28
100
79
19
105
82
20
117
92
29
136
109
46
156
134
69
162
144
78
158
145
77
146
139
69
129
127
56
122
123
51
120
111
45
109
93
29
89
74
7
82
67
0
96
80
6
106
89
12
113
96
18
120
103
24
127
112
33
130
114
36
135
121
43
135
122
45
86
71
1
100
80
1
138
114
28
171
141
49
186
148
51
185
139
32
191
139
27
191
136
19
190
133
14
194
142
22
196
143
22
196
143
22
195
143
21
195
143
19
197
143
18
196
143
16
196
143
16
196
143
16
197
144
17
195
144
18
190
139
14
185
133
11
181
129
9
179
129
15
180
131
20
180
131
23
177
129
24
173
125
23
168
120
18
154
112
16
154
117
23
167
131
37
176
143
50
157
124
35
134
104
17
118
90
6
114
87
6
111
87
11
99
75
3
96
73
4
96
75
10
89
68
7
82
61
5
81
58
7
80
57
8
77
55
9
74
51
6
73
49
7
73
49
8
73
48
8
70
46
4
70
45
5
69
44
4
68
43
4
67
41
4
66
40
4
64
37
3
63
36
2
63
36
2
63
35
4
62
34
3
63
36
3
63
36
3
63
36
2
61
35
0
62
36
0
66
41
2
70
45
5
72
47
7
71
47
5
70
46
1
69
45
0
66
44
0
63
44
0
62
46
3
64
48
7
66
49
10
68
49
11
71
48
10
74
46
5
86
53
9
97
61
11
93
56
0
116
77
9
132
93
21
139
102
25
137
102
23
139
109
30
134
104
27
112
85
12
88
63
2
72
47
7
67
44
6
64
41
5
59
38
3
54
35
3
49
31
0
49
33
3
48
33
4
45
31
3
39
26
0
39
31
6
39
31
6
39
32
6
40
33
6
42
34
7
42
35
8
43
36
7
43
37
7
44
38
7
45
39
8
45
39
6
48
43
10
53
48
14
55
51
15
49
45
8
44
41
4
42
38
2
42
38
2
44
41
1
45
42
3
46
44
8
47
44
12
45
42
10
43
40
8
43
39
9
43
39
9
44
39
10
45
39
11
44
37
10
43
36
10
40
33
8
35
27
3
35
25
2
35
24
3
35
24
3
34
23
3
34
22
4
36
23
4
37
22
5
37
22
5
37
22
6
35
19
6
35
19
6
35
19
6
35
18
7
34
17
8
33
15
8
32
13
7
30
12
6
29
11
6
29
10
5
28
9
4
28
9
5
29
10
5
30
12
5
30
12
5
29
12
3
29
13
2
30
14
2
32
16
3
33
17
5
37
23
4
39
27
3
39
26
4
40
28
5
40
28
5
40
27
4
39
27
4
42
30
7
54
41
19
64
51
28
59
46
25
37
23
5
39
26
6
41
27
7
41
27
7
39
26
6
39
26
6
42
28
8
42
28
9
42
28
9
40
27
7
36
25
5
37
26
6
37
26
5
38
27
4
38
27
5
40
28
6
41
30
6
42
31
6
43
31
6
43
32
5
43
31
3
43
31
3
43
32
3
45
33
3
48
34
5
49
35
4
50
37
5
51
38
6
52
39
7
53
39
7
55
41
6
57
42
6
57
42
6
61
46
9
64
47
12
63
47
11
61
45
9
58
42
6
60
43
6
64
46
8
64
47
7
62
46
3
68
51
5
75
60
11
80
65
14
83
69
15
82
69
12
82
68
8
87
74
12
94
80
18
100
85
23
97
72
15
94
70
13
89
68
10
83
65
7
75
59
3
92
78
17
104
91
28
107
92
29
107
90
26
122
101
35
120
96
29
113
86
19
116
87
20
133
104
35
153
128
57
153
131
58
140
124
49
121
110
35
101
94
18
113
111
32
119
107
34
121
104
33
121
102
30
130
109
34
134
113
36
132
111
31
131
110
29
136
115
34
150
131
50
153
136
55
152
135
56
143
127
48
104
87
7
120
99
15
153
127
39
180
148
55
188
149
49
181
133
25
190
136
22
197
139
20
199
141
20
195
144
22
196
145
23
198
146
22
199
147
22
200
147
21
199
145
18
199
145
16
200
145
16
201
146
17
203
148
18
203
147
20
196
141
15
191
136
12
189
133
12
190
135
18
192
137
23
189
134
24
184
130
22
178
124
18
173
120
15
170
126
26
162
123
25
152
114
17
147
110
16
141
107
16
132
100
12
124
94
8
119
90
8
115
88
12
107
82
10
105
80
12
103
80
15
95
73
13
90
69
12
88
66
13
86
63
14
84
60
13
77
52
7
72
48
5
71
47
4
71
47
4
71
46
3
71
46
4
70
45
4
70
43
4
69
42
5
68
41
4
68
40
4
67
39
4
66
38
4
66
38
4
63
35
1
65
37
3
66
39
4
66
38
3
64
37
1
66
39
1
68
42
3
71
45
4
72
47
5
70
45
2
70
48
1
69
48
0
66
47
0
62
46
0
64
48
4
67
50
8
70
52
11
74
52
14
76
48
10
79
45
4
86
47
1
94
51
1
99
52
0
122
75
3
142
96
16
155
109
23
158
114
24
152
112
22
145
108
18
135
101
11
121
89
11
98
73
31
72
47
6
63
39
1
59
37
1
58
37
3
52
33
0
48
32
0
47
33
2
46
32
3
42
28
0
42
34
6
42
34
6
43
34
6
43
35
7
44
36
7
44
36
7
44
36
6
43
35
5
43
35
4
43
36
3
47
40
6
51
44
10
55
49
13
60
54
17
61
55
18
62
57
18
62
57
17
60
55
16
53
48
9
46
42
2
46
43
6
47
46
10
46
43
8
43
41
6
43
39
5
44
39
6
45
40
8
46
41
9
47
41
11
47
41
12
45
37
9
39
30
2
38
28
3
37
26
3
36
25
2
35
23
1
35
22
2
35
21
2
35
22
2
36
22
2
36
22
3
33
18
4
33
18
5
33
18
6
33
17
6
33
16
7
32
14
7
31
12
7
30
11
6
28
9
4
27
9
6
27
8
5
28
9
5
29
10
5
29
10
6
29
11
4
29
11
3
29
12
2
29
13
1
32
15
3
33
17
4
35
21
2
37
25
1
38
26
2
42
30
6
42
30
6
40
28
4
37
25
1
39
27
3
54
42
18
67
55
31
73
61
37
69
56
33
46
33
11
38
25
2
40
27
4
46
33
10
49
37
14
40
27
4
37
25
2
39
27
4
44
31
9
38
27
4
38
28
5
39
28
4
40
30
4
40
30
4
42
30
5
43
31
5
43
32
5
44
32
5
45
33
5
44
32
3
44
32
3
46
33
3
47
33
4
49
35
5
50
37
5
52
38
6
53
39
7
54
40
8
56
41
9
58
41
7
59
42
6
60
43
7
64
47
11
66
48
13
66
47
11
64
45
9
63
44
7
71
52
15
80
61
23
84
66
25
84
66
22
78
60
14
76
58
8
77
61
8
81
66
9
86
71
12
91
76
13
95
80
17
100
85
20
104
89
23
115
87
25
103
77
15
100
77
15
98
78
14
92
75
10
98
83
16
111
96
28
114
97
29
111
92
24
114
91
22
128
102
31
125
96
24
127
97
23
140
110
36
142
115
40
140
116
39
135
116
38
126
114
34
113
105
23
128
124
41
129
115
38
130
110
35
133
112
35
140
117
39
138
115
35
135
113
31
135
114
30
141
121
38
143
125
42
133
116
34
128
111
31
126
110
29
119
100
19
138
117
32
159
133
44
174
143
48
180
141
39
186
137
26
196
142
25
201
143
21
201
143
19
196
145
22
198
147
22
199
148
23
201
149
22
202
149
21
201
147
17
201
146
15
203
147
15
205
149
17
207
151
19
206
148
18
202
145
16
200
142
16
198
140
17
199
141
20
195
137
20
190
133
19
186
129
18
184
127
18
187
130
22
175
129
26
162
121
21
149
110
10
143
104
7
141
105
11
136
102
11
130
98
11
126
95
12
122
93
16
113
86
13
109
83
14
107
82
17
98
74
14
91
68
12
88
66
12
85
63
12
82
59
11
76
51
6
72
48
2
71
46
2
71
46
2
71
46
2
71
46
3
70
45
3
70
45
3
70
44
4
69
43
4
69
42
6
69
41
6
69
41
6
69
41
6
65
37
3
68
40
5
70
42
7
71
43
7
70
43
5
71
45
5
72
47
6
73
48
6
73
48
5
69
44
0
73
52
3
72
54
2
70
53
1
67
52
2
70
54
7
74
56
12
78
58
16
82
58
18
85
52
13
88
50
7
96
52
4
106
56
4
115
62
2
134
81
4
155
102
16
168
117
25
173
123
26
157
112
13
151
108
9
154
112
14
149
112
27
124
97
53
78
53
11
65
41
3
62
39
3
64
43
6
56
37
1
49
32
0
49
33
1
48
34
2
45
31
1
44
36
7
44
36
7
45
37
8
47
39
10
49
41
11
47
39
9
44
36
5
42
35
3
41
34
1
44
38
4
47
41
6
54
48
12
62
56
19
69
64
26
72
67
28
75
71
31
78
74
34
78
74
34
64
60
19
47
43
4
45
42
3
46
44
5
42
40
3
44
40
4
46
42
6
46
42
6
45
41
5
46
41
7
49
43
10
48
41
10
47
39
8
46
38
9
42
31
4
39
28
2
38
26
1
37
25
0
36
24
0
34
21
0
33
21
0
34
22
0
36
22
0
35
18
6
35
19
6
35
19
6
34
18
7
32
15
6
29
12
4
28
10
3
28
9
3
28
9
4
29
10
6
27
8
4
28
9
4
29
10
5
30
11
5
28
10
3
28
11
3
29
13
2
30
14
2
33
17
4
32
16
3
34
20
1
35
23
0
35
23
0
40
28
4
43
31
6
42
31
5
39
27
2
35
23
0
48
37
11
63
52
26
81
70
44
101
89
64
56
45
19
37
26
5
39
28
5
50
38
13
59
48
21
46
34
8
40
29
3
41
30
4
48
36
10
42
32
6
42
32
5
42
31
5
43
32
4
43
32
5
43
32
5
44
32
5
45
33
5
46
34
5
46
34
5
47
35
5
48
35
6
49
35
6
50
37
6
52
38
6
53
39
7
54
40
8
56
41
9
56
42
9
57
42
9
60
43
9
62
43
8
60
41
6
63
44
9
68
48
13
70
50
15
69
49
14
67
48
11
73
54
16
82
63
23
88
69
27
90
71
28
84
65
18
81
63
13
83
65
12
87
70
13
92
76
17
97
81
18
99
83
18
100
85
18
103
87
20
124
94
30
110
82
18
100
75
10
98
76
10
110
91
23
107
91
22
116
100
30
118
101
29
112
93
21
96
71
0
116
88
14
128
98
23
137
106
30
143
112
35
136
107
29
128
104
23
132
113
31
135
121
37
117
108
22
122
117
31
137
123
42
139
119
40
130
108
28
134
112
31
144
123
39
144
124
38
140
120
34
135
117
31
128
112
27
116
102
19
112
98
17
114
101
20
127
113
32
127
109
23
147
124
33
167
138
42
179
143
39
190
144
30
195
144
24
201
146
21
205
148
22
200
150
25
200
150
24
200
149
23
201
150
21
203
150
20
205
151
18
206
151
17
207
151
17
207
151
16
208
151
16
208
150
16
208
149
17
207
147
18
205
145
18
199
139
16
195
135
16
193
133
17
192
132
18
192
132
20
194
134
23
178
131
24
167
126
21
162
120
17
157
117
17
156
119
22
154
119
26
152
118
30
149
115
32
140
110
33
131
103
30
125
99
30
118
93
27
98
73
13
87
64
7
87
64
10
86
63
12
81
57
10
72
49
2
71
47
1
71
47
2
72
48
3
71
47
2
71
47
2
71
46
2
71
46
3
71
46
4
71
45
5
71
45
6
71
44
7
71
43
7
71
43
7
67
40
4
71
43
7
74
47
10
77
50
11
77
51
11
76
51
9
75
50
8
74
50
6
74
50
4
72
48
2
77
56
5
76
58
4
73
55
2
74
56
4
80
61
12
85
65
18
91
68
23
99
72
28
103
67
25
101
58
12
106
57
6
117
62
5
135
77
9
153
94
12
169
109
20
179
121
26
182
128
28
164
114
11
156
108
6
163
117
15
159
119
31
121
95
49
82
57
13
67
43
4
62
40
2
64
43
6
62
43
6
54
37
2
50
35
1
48
34
1
47
34
2
43
33
4
42
33
3
43
34
4
46
37
7
52
42
12
52
43
12
52
43
10
52
43
10
54
46
12
60
52
16
57
49
12
63
56
18
72
65
27
79
73
34
79
73
33
83
77
36
87
81
40
89
84
41
76
70
28
56
51
9
47
44
3
43
41
1
40
38
0
48
45
5
55
52
13
57
54
15
56
52
13
54
49
12
53
47
11
49
42
7
47
40
7
51
43
11
47
37
5
44
34
4
44
34
5
45
34
7
44
33
6
39
26
1
35
23
0
34
21
0
34
21
0
32
17
2
33
17
4
33
17
4
33
17
4
30
14
3
27
10
2
26
9
1
27
9
2
29
10
4
32
13
8
29
10
5
29
11
5
31
12
6
31
13
5
29
11
3
29
13
2
31
15
3
33
18
5
34
19
5
33
18
3
34
21
1
35
23
0
33
21
0
39
27
3
46
34
10
47
36
10
43
32
5
35
24
0
42
31
4
53
42
15
70
59
31
90
79
51
69
58
30
51
40
15
42
31
6
40
29
3
45
34
6
51
40
12
51
41
12
49
39
10
47
36
7
48
38
8
48
38
8
47
37
7
47
36
7
47
36
7
47
36
7
48
37
7
49
37
8
49
38
7
50
38
6
51
38
6
51
38
7
52
39
7
53
39
7
56
40
9
56
41
9
57
42
9
57
42
10
57
43
10
59
43
10
64
46
12
65
46
11
61
42
7
62
43
8
69
49
14
72
51
16
71
51
16
67
48
11
70
49
13
76
55
17
79
59
19
79
60
17
79
59
12
79
60
10
83
65
11
89
72
15
97
80
22
108
90
28
111
94
31
114
97
33
117
99
33
133
104
37
110
83
16
108
83
16
112
90
22
120
102
32
134
119
47
109
94
22
109
92
19
116
97
23
95
71
0
131
104
28
144
113
37
148
117
40
148
117
38
148
119
38
134
111
28
134
116
31
135
121
35
116
108
20
129
125
37
145
132
48
146
127
45
133
114
31
134
116
31
145
126
39
142
124
36
133
117
29
121
107
19
117
107
20
116
106
22
112
103
21
110
102
22
138
129
46
126
113
27
143
125
34
163
139
41
175
143
38
191
149
33
197
149
27
205
153
27
212
158
30
207
158
31
205
154
27
202
152
24
201
150
21
202
150
19
205
153
18
208
154
18
209
155
17
210
154
16
210
153
15
208
150
14
209
151
16
209
150
17
207
147
16
199
140
13
197
137
14
198
137
17
198
138
20
198
137
22
193
134
19
180
132
20
171
128
19
167
124
17
163
123
18
168
129
30
172
134
40
173
137
47
170
134
50
157
126
48
151
121
48
140
112
43
125
98
33
97
71
11
84
60
3
86
62
8
86
62
11
80
57
8
71
48
1
72
49
1
73
50
3
75
51
4
74
49
2
74
49
3
74
48
3
74
48
3
74
48
4
74
46
6
74
46
7
74
46
7
74
46
8
74
46
9
70
42
4
73
45
7
77
49
10
81
53
14
82
55
14
79
53
10
77
51
7
76
50
5
75
50
4
76
51
4
80
58
5
81
61
5
82
63
7
96
77
22
117
96
44
126
103
52
131
105
56
135
103
55
128
89
42
120
73
22
126
73
18
142
84
22
165
104
29
175
113
27
176
114
22
176
116
19
177
119
19
172
119
17
167
117
16
169
120
20
154
111
24
96
70
24
77
52
8
67
43
2
62
39
1
60
40
2
60
41
4
54
37
1
50
34
0
48
34
1
49
36
4
44
34
5
42
32
2
41
31
1
42
33
1
47
38
6
54
45
12
58
49
16
63
54
20
68
60
23
74
66
29
71
64
25
75
68
29
81
74
35
85
79
39
84
78
35
86
80
37
88
82
39
88
83
39
77
72
27
61
56
12
53
50
6
48
47
4
47
46
3
53
52
8
62
59
17
67
63
22
67
63
22
62
57
18
57
51
13
54
47
9
52
44
9
54
46
11
51
41
8
49
40
7
50
40
8
51
40
9
49
39
9
44
33
3
40
28
1
38
26
0
37
25
0
33
18
2
33
18
2
32
17
2
31
16
1
30
14
1
28
12
0
28
11
1
28
11
3
30
13
4
32
14
7
31
13
6
32
14
6
33
15
7
33
15
7
31
15
3
31
15
2
32
17
3
35
20
4
36
21
5
34
19
3
34
21
1
34
22
0
32
20
0
40
28
4
48
36
12
50
38
14
47
35
10
37
26
0
36
25
0
41
30
4
48
37
10
55
44
16
73
62
34
70
59
31
56
45
17
40
30
2
34
24
0
50
40
10
56
46
16
54
44
14
47
37
7
51
41
9
51
41
9
51
41
9
51
40
8
51
40
8
51
40
8
51
40
8
51
40
8
52
40
8
53
40
8
52
39
7
53
39
7
54
39
7
55
40
7
56
41
8
57
42
9
59
43
10
60
44
11
61
45
11
62
45
12
66
48
14
67
48
13
64
45
10
64
45
10
69
49
14
70
51
16
70
50
15
67
47
12
68
49
12
74
54
16
78
58
18
80
60
19
74
54
9
73
53
5
77
58
8
86
68
15
100
83
27
114
98
39
116
101
40
116
100
38
116
98
35
128
101
34
109
82
15
116
93
25
122
102
33
114
96
25
146
131
59
112
97
25
113
97
23
126
109
33
107
84
9
129
103
26
135
106
30
139
109
31
143
112
33
144
117
36
132
110
26
130
113
28
130
118
31
121
112
24
136
132
43
138
128
41
141
127
41
145
132
46
144
130
42
136
124
35
131
120
30
127
117
27
123
115
26
121
116
30
123
121
36
117
116
33
110
110
29
136
134
53
132
126
40
143
132
40
156
139
40
166
141
35
187
151
34
196
154
31
205
158
31
211
162
32
213
162
35
210
160
30
207
156
25
205
153
21
204
151
17
206
152
15
208
154
15
210
155
15
211
157
16
213
157
16
207
149
11
208
150
14
209
151
16
209
151
17
204
146
16
203
144
18
202
144
19
201
143
20
198
140
20
194
136
17
181
132
18
173
129
17
170
126
15
168
126
20
175
135
32
178
139
42
177
140
48
170
135
50
156
123
44
147
117
43
136
107
38
120
92
28
94
67
6
83
57
1
85
60
7
85
61
10
81
58
8
74
51
3
75
52
4
76
53
6
77
53
6
75
49
2
75
49
2
75
49
2
75
49
3
75
48
4
75
48
4
75
47
6
75
46
7
75
46
7
75
46
7
73
44
6
77
48
9
80
51
12
83
55
14
83
56
12
80
53
9
78
52
7
77
51
5
77
51
4
78
52
5
70
46
2
84
60
11
109
85
29
132
110
54
130
106
50
131
105
49
139
110
56
156
122
69
154
114
57
130
82
22
136
81
17
155
95
25
177
114
34
189
126
37
182
119
26
175
113
17
171
113
13
181
126
28
175
123
28
160
110
16
130
87
5
74
49
4
71
47
2
67
44
2
63
42
2
58
39
2
53
36
0
49
33
0
47
34
0
48
35
2
50
37
5
54
45
12
51
42
9
48
39
6
46
37
4
48
40
6
54
46
12
60
51
15
64
56
19
67
59
22
68
61
22
74
67
28
76
69
29
76
70
29
74
68
25
70
64
21
69
63
20
69
63
19
68
63
18
61
56
10
52
47
2
57
55
9
63
62
16
62
59
14
58
55
9
60
57
12
64
61
16
66
63
20
60
56
15
55
51
10
59
53
13
62
55
16
60
53
15
55
47
10
51
42
7
48
38
4
46
36
2
45
35
2
45
35
2
46
35
4
46
35
5
47
35
5
43
29
9
42
28
9
40
26
8
38
24
6
35
21
4
34
18
4
32
16
4
31
15
3
31
15
3
32
15
6
31
14
5
33
16
5
34
18
5
33
17
5
31
15
2
32
16
1
33
18
2
35
21
3
36
22
4
34
20
1
35
22
1
35
22
1
32
19
0
36
23
2
42
30
7
45
33
9
45
32
9
38
26
2
36
24
0
39
28
2
40
29
2
39
28
1
52
41
13
61
50
22
62
52
23
59
49
19
51
41
11
45
35
6
47
37
5
49
40
7
52
43
10
52
42
8
52
42
8
52
42
8
52
42
8
51
41
7
50
40
6
51
39
5
50
38
4
50
38
4
49
37
3
53
39
5
54
39
6
54
39
6
55
40
7
56
41
8
59
42
9
60
43
10
61
44
11
62
45
12
62
45
12
65
47
13
66
47
12
63
45
10
64
45
10
67
49
14
69
50
15
69
50
15
67
48
13
70
51
14
73
54
17
76
57
20
78
59
20
75
56
13
71
52
8
73
55
8
79
61
12
91
73
20
103
86
31
104
87
31
102
85
28
98
81
23
102
76
11
124
99
34
123
102
35
116
98
30
107
91
22
111
97
26
141
127
55
153
138
66
148
132
59
125
105
30
121
98
22
124
98
22
133
104
27
146
117
37
139
115
34
132
110
28
132
117
33
134
125
39
131
125
38
132
130
43
111
105
18
114
106
18
141
134
44
151
144
53
140
133
43
137
132
41
137
133
43
135
134
46
126
130
44
127
133
49
125
132
51
123
131
50
138
145
64
143
147
61
147
144
53
150
141
44
155
140
34
176
148
33
187
155
31
195
157
29
201
159
28
214
163
34
213
161
30
211
159
27
209
158
23
209
157
20
209
155
17
209
155
15
209
155
13
209
155
12
210
155
11
206
151
8
208
152
10
209
154
14
209
154
17
209
154
20
208
152
21
205
150
21
202
147
21
197
143
19
194
141
16
185
136
17
179
133
17
176
131
17
175
132
23
179
138
33
179
139
39
175
135
42
164
127
41
147
111
33
137
104
31
129
97
29
117
87
23
92
64
4
82
56
0
83
58
5
84
59
8
81
56
6
74
51
1
75
52
2
76
52
3
76
52
2
76
51
1
76
50
2
76
50
3
76
50
3
76
50
4
76
49
5
76
48
6
76
48
7
76
48
7
76
47
8
77
48
9
80
51
11
82
54
13
84
56
14
83
56
11
80
54
8
78
52
6
77
51
4
78
52
5
80
55
5
90
61
6
92
63
6
93
64
6
106
78
18
115
87
26
109
80
18
103
72
9
103
67
4
129
86
22
151
101
34
148
94
22
143
84
6
163
99
15
185
121
30
186
124
30
182
121
26
175
116
22
181
127
37
169
117
31
142
92
14
109
66
1
72
50
5
74
52
10
71
50
9
64
46
6
56
40
2
50
34
0
48
33
0
48
34
2
47
35
3
45
34
2
56
46
13
54
45
12
53
44
10
52
43
9
53
44
10
58
49
14
63
54
18
66
58
21
68
61
22
67
60
21
64
58
17
61
55
14
58
52
10
54
48
6
53
47
4
54
48
4
55
49
4
56
51
5
57
52
4
57
52
4
61
58
10
66
64
16
68
66
17
62
60
12
63
61
14
68
65
19
71
69
23
62
58
14
57
52
8
66
60
18
71
64
23
64
58
18
63
54
16
60
51
14
57
48
11
54
45
10
52
42
7
50
40
6
48
37
5
46
34
3
45
32
2
46
33
11
44
30
10
42
28
8
40
26
6
37
23
5
36
22
5
36
20
5
35
19
5
35
19
5
34
18
6
33
17
4
33
17
4
34
18
4
33
18
4
31
16
0
31
17
0
33
19
1
35
21
1
35
21
2
34
21
0
36
23
3
36
22
4
32
19
0
32
18
0
35
22
2
37
25
3
38
26
3
37
25
1
40
28
4
44
33
7
47
36
9
46
35
7
44
33
5
47
36
8
51
41
12
54
44
14
54
44
14
48
38
8
48
39
7
50
41
8
53
44
10
55
45
10
55
45
10
55
45
10
55
45
10
54
45
10
55
43
9
54
42
7
52
40
5
51
39
4
50
38
3
55
41
7
56
41
7
56
41
8
57
41
8
58
41
8
59
42
9
59
42
9
60
43
10
61
44
11
61
44
11
61
45
10
61
46
9
60
45
8
62
46
10
64
48
12
66
49
14
69
50
15
69
52
16
72
53
18
74
55
19
74
55
19
71
53
16
74
56
16
76
57
15
75
57
13
76
58
13
81
64
16
89
72
22
91
75
24
91
75
22
89
73
17
98
74
11
126
104
39
123
105
39
116
101
34
113
101
33
113
103
34
155
145
74
161
150
77
145
131
58
128
111
38
110
88
15
111
86
12
122
97
21
142
117
40
132
110
30
129
110
29
132
119
36
137
129
45
135
132
47
121
121
35
105
104
17
111
109
21
137
135
45
150
149
57
141
141
50
139
140
49
138
141
51
134
142
52
125
136
50
122
136
53
123
140
58
128
145
64
129
145
63
144
156
70
145
151
60
147
146
48
153
145
38
169
150
33
182
157
34
190
160
33
197
161
31
212
161
30
213
161
30
214
162
29
214
163
27
214
162
25
213
160
19
211
157
16
209
156
13
208
155
10
207
154
9
209
156
11
208
156
12
209
156
14
210
157
17
210
158
22
209
157
22
205
154
21
201
150
20
197
146
19
196
145
19
189
141
20
183
137
19
180
134
18
178
133
22
179
135
29
177
134
34
170
129
35
158
121
32
142
106
28
134
99
27
126
94
26
115
85
21
93
65
5
84
57
0
84
58
4
84
58
6
79
55
3
73
50
0
73
50
1
73
50
0
73
49
0
76
51
1
76
51
1
76
50
2
76
50
3
76
50
3
76
49
4
76
49
4
76
48
5
76
48
6
76
48
7
78
50
9
80
52
10
82
54
11
83
56
11
82
55
9
80
53
7
79
52
5
79
53
5
80
54
5
83
58
8
94
61
9
97
62
7
96
62
5
102
70
9
106
73
11
108
75
10
114
80
13
126
88
19
145
101
28
148
99
24
146
92
14
145
88
5
159
96
7
181
119
26
189
127
33
186
126
34
176
119
30
168
115
33
152
101
25
130
81
11
104
62
3
75
54
11
71
52
10
65
47
6
58
42
3
51
36
0
48
35
1
48
35
3
47
36
5
46
35
5
44
33
4
52
42
8
54
44
10
55
45
11
55
45
11
55
45
10
58
49
12
63
54
17
67
58
20
70
61
23
70
62
22
59
51
11
53
45
4
49
42
0
48
41
0
51
45
2
54
47
3
55
49
3
57
51
4
61
55
8
66
60
12
62
59
11
61
60
10
69
68
18
65
63
14
67
66
17
72
70
22
77
75
27
64
59
13
58
53
8
72
66
23
79
73
31
69
63
22
73
65
26
74
65
27
73
64
26
71
62
24
67
59
22
63
52
17
57
45
11
50
38
5
43
31
1
44
32
8
42
29
6
39
26
4
37
24
2
35
22
2
36
22
4
37
22
5
36
22
5
35
20
4
34
19
5
33
18
4
34
19
4
35
20
4
35
20
3
32
18
0
32
18
0
34
20
0
35
22
0
36
24
1
35
23
0
36
22
2
36
22
3
33
19
1
33
19
1
34
20
1
35
22
1
36
23
1
36
23
1
42
30
6
47
35
10
49
38
12
49
38
11
48
37
9
45
34
6
42
31
3
41
31
1
45
35
5
52
42
12
54
44
13
53
44
11
51
42
9
56
47
10
57
48
11
58
49
12
59
49
12
60
50
13
61
49
13
61
49
13
60
48
12
59
46
10
59
45
9
60
46
10
60
46
11
61
45
11
62
45
12
61
44
11
61
44
11
61
44
11
61
44
11
62
43
10
62
43
10
61
45
9
60
47
9
60
47
9
61
47
9
63
48
11
65
49
13
67
51
15
69
52
18
71
53
19
73
54
20
72
54
19
71
52
16
78
60
23
80
61
22
77
59
18
74
57
14
72
56
11
77
60
14
77
60
13
75
58
10
75
57
7
98
76
14
102
83
19
108
91
26
114
100
35
120
110
43
139
131
63
148
140
71
140
131
61
126
114
43
132
117
45
110
89
17
100
78
5
109
85
11
134
111
35
135
114
36
137
122
42
141
130
49
145
139
57
149
148
64
130
134
48
125
129
40
127
131
40
134
138
47
140
145
52
138
144
51
135
142
50
132
142
51
129
142
53
124
141
56
120
139
57
122
144
63
128
150
71
113
134
53
138
156
71
143
154
64
146
151
53
155
152
47
167
155
38
182
163
39
191
168
39
200
169
37
214
162
31
216
164
31
218
166
31
219
167
30
218
166
29
216
163
22
213
160
17
212
159
15
211
158
13
211
158
13
215
163
17
213
161
16
211
160
16
209
159
17
210
160
22
207
158
21
203
155
20
200
152
19
197
149
19
199
151
22
194
147
24
189
142
22
183
136
18
174
129
15
169
125
18
163
119
19
153
112
18
141
102
14
128
90
11
120
85
13
118
85
17
114
83
19
93
63
4
84
57
0
84
57
4
82
56
5
77
53
1
73
50
0
73
50
0
71
48
0
71
47
0
77
50
0
77
50
0
77
49
1
77
49
1
77
49
2
77
48
3
77
48
4
77
48
4
77
48
4
77
47
6
78
48
7
80
51
8
82
53
9
83
54
10
81
52
7
80
52
5
80
52
4
81
53
4
83
56
6
88
61
10
92
55
5
97
58
4
104
66
8
113
77
16
118
83
18
128
93
25
143
107
36
161
122
49
159
115
36
136
87
9
132
79
0
141
83
1
161
99
7
182
120
26
187
127
34
185
126
37
175
119
36
153
101
26
131
81
14
114
66
5
95
55
2
69
50
8
61
43
3
56
40
1
53
38
1
51
38
2
49
38
4
46
35
4
45
35
5
45
35
6
46
35
7
53
43
9
56
45
12
57
47
12
55
46
11
50
41
5
50
41
4
53
44
6
57
48
10
61
52
14
62
54
14
63
55
15
60
53
11
57
50
6
55
49
5
60
54
9
61
55
9
59
53
6
56
50
3
57
51
4
62
55
8
61
58
9
63
62
11
72
71
21
63
63
12
62
61
11
65
63
14
69
66
18
55
51
4
54
49
3
74
69
25
87
81
38
79
72
30
83
75
35
84
75
36
82
73
35
79
70
32
78
69
32
77
66
30
72
60
25
66
54
19
59
47
12
47
35
10
44
32
7
40
28
5
38
25
2
35
22
1
36
22
3
36
22
4
35
21
3
33
19
2
32
17
1
34
20
3
36
22
4
37
23
5
36
22
4
34
20
1
33
20
0
35
22
0
37
24
1
38
25
1
36
24
0
34
21
1
34
20
1
35
21
3
37
23
5
38
24
6
38
24
5
37
23
3
36
23
1
40
27
4
44
32
8
46
35
9
45
35
7
43
32
5
44
33
5
46
35
6
48
38
8
49
39
9
47
37
7
47
38
6
48
40
7
51
42
8
52
44
6
55
46
8
57
48
10
59
49
12
63
51
15
65
53
17
65
54
17
66
54
17
65
53
17
66
52
16
65
51
15
66
51
15
66
50
14
66
49
15
65
48
15
64
47
14
64
46
13
64
45
12
64
44
12
64
44
12
62
47
11
62
49
10
62
49
11
61
48
10
62
48
12
63
48
13
65
50
14
68
51
18
69
52
19
70
52
19
69
51
17
68
49
14
76
58
22
80
61
24
79
60
22
77
59
19
78
60
18
83
67
23
82
66
20
78
62
16
75
59
11
93
73
11
90
72
10
95
79
16
104
91
27
120
110
45
131
123
56
131
123
55
116
107
38
103
92
22
131
116
46
127
109
37
106
85
14
104
82
10
131
108
33
144
124
47
149
134
56
146
136
57
143
138
57
150
149
67
139
143
60
140
145
57
135
141
50
124
130
39
128
136
43
138
147
54
137
148
56
134
147
56
130
148
59
130
152
66
125
148
66
126
152
71
128
155
75
101
126
47
133
154
69
140
156
66
146
155
58
159
159
54
166
157
40
180
164
41
190
170
42
199
173
41
218
166
35
221
168
35
221
169
34
221
169
32
221
167
29
217
164
23
216
162
19
216
163
18
217
164
18
218
166
19
221
169
23
216
166
20
212
163
17
209
160
16
208
160
20
205
158
21
201
155
19
197
152
18
196
151
19
200
155
24
196
149
24
189
142
21
181
134
14
168
123
8
160
116
8
152
109
8
143
101
7
134
93
6
123
86
6
118
83
10
115
82
15
111
80
16
91
61
2
83
56
0
83
56
3
81
55
4
77
53
1
73
51
0
74
51
0
72
49
0
71
48
0
76
49
0
76
49
0
76
49
0
76
49
0
76
48
1
76
47
2
76
47
3
76
47
3
76
47
4
76
47
4
77
48
5
79
49
6
80
51
7
81
52
7
80
51
6
79
50
4
79
51
2
81
53
3
84
58
7
90
62
12
100
61
8
105
62
7
108
67
9
119
81
19
129
93
25
132
95
24
134
97
23
138
99
22
142
98
15
137
89
4
144
91
5
159
103
15
184
125
30
190
129
35
180
120
28
168
111
24
157
102
22
135
83
13
114
65
4
104
57
2
92
52
2
63
46
5
56
40
0
54
38
1
55
41
4
57
45
9
54
43
10
45
35
4
42
32
3
43
34
5
48
39
10
49
43
11
49
43
11
51
44
12
53
47
13
55
49
14
52
46
8
49
43
4
49
44
3
53
48
6
62
58
14
63
58
13
61
56
10
57
53
6
55
51
3
56
52
5
56
51
5
56
49
4
55
49
3
60
54
8
66
60
15
64
58
15
63
58
15
69
65
22
63
62
16
57
59
11
55
58
8
55
58
7
49
52
0
56
56
1
73
71
15
90
84
28
98
88
33
94
82
28
89
76
22
92
77
25
96
82
31
89
77
28
85
75
27
90
83
35
86
82
35
71
69
22
53
42
13
49
38
9
44
32
5
39
27
1
36
24
0
35
23
1
36
23
1
36
22
2
35
21
2
32
20
1
33
22
2
34
23
3
35
23
4
33
23
3
33
23
3
33
24
2
34
25
1
35
26
2
33
27
2
34
27
2
33
26
1
34
26
0
34
26
1
35
27
2
36
28
2
36
28
2
36
28
1
38
29
2
40
31
4
42
33
6
44
34
7
45
34
7
43
32
4
45
35
6
50
39
9
53
42
12
52
42
12
47
36
6
46
35
5
48
37
7
52
41
10
54
38
5
56
41
6
57
42
8
59
44
10
62
47
11
65
50
14
67
52
15
68
53
16
68
54
17
69
55
16
71
56
19
73
57
21
73
57
21
70
54
18
62
45
12
61
44
12
64
46
15
68
50
20
69
51
21
64
45
16
60
46
13
60
47
11
61
47
10
64
48
9
66
49
8
68
50
8
70
51
7
72
52
9
70
54
11
69
53
14
66
52
16
62
50
16
62
54
22
66
58
26
70
62
30
74
65
31
77
68
32
83
71
31
84
71
27
85
70
24
84
69
21
82
71
16
87
77
21
92
81
23
93
83
23
92
83
19
120
112
45
118
112
41
99
93
23
85
80
10
132
128
50
116
112
33
92
90
12
86
86
8
104
107
27
110
116
38
119
130
52
123
138
61
125
142
67
128
149
74
116
139
63
126
144
64
126
142
60
114
131
49
103
121
36
123
143
57
133
153
65
133
155
65
124
147
58
133
157
65
132
156
63
132
154
61
129
150
56
104
122
26
136
148
49
151
159
58
161
163
61
167
164
60
165
154
46
176
163
53
179
163
51
184
162
46
218
170
39
216
167
34
214
164
30
213
164
27
214
164
26
219
166
26
222
168
25
224
169
24
226
170
24
227
170
24
227
170
24
223
168
22
218
164
20
213
160
17
208
157
17
208
157
20
206
158
22
204
157
23
201
155
23
197
151
20
191
147
18
185
141
16
179
136
14
181
138
26
174
132
29
155
113
19
135
95
9
119
82
3
118
82
11
114
81
14
108
78
13
101
73
9
92
66
3
87
61
1
85
59
1
83
56
1
80
54
0
80
51
0
79
50
0
78
48
0
77
48
0
79
53
0
80
53
0
80
53
0
80
52
0
80
52
0
81
51
1
81
50
1
80
49
1
80
48
1
80
47
1
81
48
2
82
49
4
83
50
6
85
52
8
85
51
7
85
53
7
86
54
9
89
57
12
93
61
16
99
67
21
91
59
13
99
67
18
113
79
26
111
74
14
118
79
7
131
89
8
141
94
6
145
94
3
157
102
3
168
111
1
182
124
9
193
135
20
195
139
26
195
141
34
164
115
16
140
96
5
125
86
4
106
72
2
93
63
1
85
58
1
78
54
3
66
49
11
64
46
9
62
45
8
61
44
7
60
42
7
56
39
5
52
35
1
51
34
1
52
36
2
55
38
5
49
44
13
48
43
12
50
44
13
52
48
14
57
53
18
54
49
11
49
44
4
46
43
1
49
47
3
60
57
12
57
53
6
55
51
3
54
50
2
51
47
0
50
46
0
50
45
0
53
47
2
56
50
5
62
56
11
65
58
15
68
61
20
71
65
26
78
73
32
77
76
32
76
77
30
75
79
28
73
79
26
66
71
15
67
70
11
78
77
16
85
80
19
83
73
13
91
75
16
89
72
12
89
71
13
87
71
14
73
60
7
75
66
13
87
82
30
87
86
34
69
70
19
55
44
14
50
39
9
45
34
5
41
29
1
38
25
0
37
25
1
37
24
1
37
23
2
37
23
4
34
23
3
34
23
3
35
24
4
34
24
4
33
24
4
33
25
2
33
25
2
33
26
2
34
27
2
34
27
2
32
27
2
34
28
1
35
29
1
35
29
0
34
28
0
34
28
0
34
28
0
35
28
0
37
29
0
38
30
1
39
31
2
41
32
4
45
34
6
46
35
6
49
39
9
53
42
12
55
44
14
53
42
12
46
36
6
45
34
4
46
35
5
50
38
8
63
46
13
62
45
12
62
45
12
61
45
11
61
45
9
61
45
9
62
46
9
63
47
10
64
48
10
64
49
10
65
50
11
65
50
12
65
48
12
62
46
10
57
40
7
59
41
10
63
45
14
67
49
18
68
50
21
66
48
19
62
48
16
61
49
14
63
49
12
67
51
9
70
51
7
72
53
7
74
54
7
75
55
8
74
55
10
71
55
13
70
57
18
70
61
25
71
64
32
70
65
34
69
64
33
70
64
32
76
67
33
86
76
36
87
74
30
84
69
22
79
64
16
77
69
16
78
71
16
84
76
20
91
82
24
97
90
27
125
117
50
109
102
31
93
88
13
92
89
12
153
152
72
121
123
41
99
103
21
93
101
19
105
117
35
100
116
35
107
126
47
111
133
57
115
140
65
119
146
73
110
140
65
121
144
66
122
142
62
111
133
51
96
119
35
118
141
57
132
155
69
136
161
72
127
152
60
137
161
67
137
161
64
140
162
64
140
159
60
110
124
22
133
142
38
146
152
47
155
157
52
162
158
53
162
153
49
176
164
59
178
165
59
181
162
52
219
174
43
216
171
38
214
168
34
214
166
31
217
167
29
222
170
29
224
171
28
226
171
27
228
171
25
226
169
23
221
162
16
217
159
14
213
156
12
208
152
10
204
149
10
205
152
15
208
156
21
209
159
25
208
159
27
203
154
24
203
159
29
201
158
32
196
154
32
185
143
30
161
119
18
140
98
8
124
84
2
119
81
5
118
83
14
108
77
11
104
74
10
102
74
10
96
70
6
90
64
2
86
61
1
84
58
0
83
56
0
83
52
1
82
49
2
82
48
3
81
48
2
81
54
0
81
54
0
81
54
0
82
53
0
84
53
0
84
53
0
84
53
1
84
52
2
85
52
3
84
51
3
85
52
5
87
53
7
88
54
8
89
55
10
89
55
10
90
56
11
92
58
12
95
61
16
99
65
20
104
70
25
95
66
19
100
71
22
110
79
25
108
72
9
127
86
11
148
102
16
161
111
14
165
110
5
181
122
7
194
134
12
198
138
14
196
137
14
190
134
15
191
140
29
158
112
11
131
91
0
116
81
0
98
70
0
87
64
1
80
60
1
74
55
3
68
49
12
67
48
11
65
47
9
63
44
7
60
41
5
57
37
2
56
36
1
56
36
1
57
37
2
59
39
4
44
39
8
45
40
9
48
42
10
52
46
13
57
51
17
55
50
11
50
46
6
49
45
3
51
48
4
61
56
11
57
52
5
57
53
5
58
54
6
56
51
3
50
44
0
51
45
0
54
48
3
60
54
9
61
55
10
57
50
7
65
57
16
75
67
28
81
75
33
78
77
33
78
79
32
78
82
32
78
84
31
71
77
20
71
73
14
79
79
18
86
81
20
86
75
16
83
67
8
88
71
12
96
78
20
98
82
25
79
65
12
64
56
3
69
64
12
71
68
17
65
64
14
55
44
13
51
40
10
48
36
7
45
32
4
41
28
2
39
26
2
38
25
2
38
25
3
38
25
3
38
24
5
37
25
5
37
25
5
36
25
5
36
25
5
34
26
3
34
26
3
34
26
2
33
26
1
33
26
1
33
26
0
34
27
0
35
28
1
35
29
0
35
29
0
36
30
1
38
31
2
39
31
2
41
33
4
42
34
5
44
34
6
45
34
5
44
34
4
46
36
6
49
38
8
50
39
9
50
39
9
48
37
7
46
35
5
50
39
8
54
43
13
60
48
18
65
49
16
65
48
15
64
47
13
62
46
10
61
45
9
59
43
6
59
44
5
59
44
5
59
44
5
59
44
5
60
45
5
57
42
3
55
40
1
56
40
2
65
46
11
67
48
14
66
47
15
65
45
14
64
44
13
67
47
18
64
51
17
63
53
16
64
53
15
70
54
12
72
54
10
75
55
8
76
56
8
77
57
9
76
58
11
75
58
14
75
60
20
75
64
27
75
68
35
71
65
34
67
60
28
66
58
24
73
63
26
88
76
36
89
74
30
85
68
22
78
61
13
75
69
16
83
77
22
90
83
27
98
91
32
109
102
40
109
102
35
93
86
15
93
88
13
111
108
30
160
158
79
125
126
44
110
114
31
109
116
33
121
131
48
104
119
36
106
124
42
107
129
48
111
136
55
122
148
69
125
153
76
129
151
71
125
145
63
114
135
51
101
124
40
121
144
59
135
159
72
141
166
77
137
162
70
138
164
70
138
162
66
144
166
67
147
166
67
109
125
24
131
143
40
143
150
45
151
153
49
158
156
52
162
156
51
172
163
59
175
163
58
179
162
52
212
171
38
214
171
38
215
171
37
217
171
35
219
172
34
224
174
32
226
174
31
227
174
29
227
172
27
227
170
24
219
162
16
217
160
14
214
157
13
209
153
10
204
150
9
205
152
15
209
157
21
212
161
27
212
163
31
209
161
29
204
160
28
202
161
31
202
161
36
192
148
35
171
128
27
156
114
21
141
101
16
125
86
11
113
77
10
118
84
19
114
83
19
105
77
13
99
71
10
93
65
4
90
61
1
87
58
0
85
55
0
86
52
2
86
51
4
86
50
5
86
50
4
84
54
1
84
54
0
84
54
0
84
53
0
84
52
0
85
52
0
85
52
1
85
52
2
86
52
2
87
52
2
85
50
0
86
51
1
88
53
2
89
54
3
91
55
5
93
59
7
97
62
10
101
67
13
105
71
17
110
76
21
102
72
16
104
74
15
111
79
15
118
82
10
145
103
20
160
114
21
171
120
17
177
122
10
199
139
18
204
143
18
202
142
16
198
139
14
194
137
16
192
140
30
158
112
11
132
91
0
116
80
0
97
68
0
88
63
2
80
58
1
73
52
2
67
45
8
67
45
8
66
44
8
65
43
7
63
41
5
60
38
2
59
37
2
60
38
3
62
40
5
63
41
6
39
33
2
41
34
4
45
37
6
49
42
9
55
49
14
54
50
11
53
49
9
53
49
7
56
52
8
64
59
14
62
58
10
64
60
12
68
63
15
65
59
12
55
49
2
54
48
2
57
51
6
64
57
12
63
57
12
54
47
4
60
52
11
69
61
21
73
67
26
70
68
23
68
69
21
67
71
20
68
73
19
66
71
14
72
75
15
87
85
24
102
95
34
114
103
43
79
62
3
84
66
8
101
82
26
116
98
43
101
86
33
68
58
7
58
52
1
55
52
2
56
55
6
55
42
10
53
40
10
50
38
8
47
35
6
44
32
4
42
29
3
41
27
3
40
26
4
40
26
4
39
25
6
40
26
7
39
27
7
38
27
7
37
26
6
37
26
4
36
26
3
35
26
3
35
27
2
34
26
0
33
26
0
34
27
0
34
27
0
35
28
1
38
31
3
40
33
4
43
35
6
45
36
7
47
39
10
48
40
11
50
41
11
50
40
10
47
37
6
49
39
9
50
39
9
49
39
8
48
37
6
46
35
3
49
38
6
56
44
12
63
50
18
67
54
22
57
42
8
59
43
8
60
45
8
60
45
8
61
46
8
62
47
8
61
47
7
61
47
6
61
47
4
60
46
3
63
49
6
61
45
4
59
43
3
62
45
5
76
58
21
78
59
23
74
55
20
67
47
14
62
43
10
67
47
15
65
52
17
64
56
17
66
56
15
70
57
12
74
57
10
76
58
8
78
58
7
80
59
8
79
59
10
77
60
14
75
60
17
73
61
21
68
58
23
66
58
24
67
58
25
69
59
25
73
61
24
79
64
23
85
67
23
90
70
24
92
73
26
85
81
29
101
96
43
106
100
45
106
101
42
104
99
38
88
82
15
85
79
9
101
95
21
127
123
44
153
149
70
127
126
43
121
124
39
126
131
46
137
146
60
111
125
40
110
127
42
109
129
45
111
134
51
123
148
64
135
160
79
136
159
75
130
151
65
117
138
52
109
132
46
124
148
60
136
161
71
143
170
78
142
169
76
137
164
69
138
163
66
141
165
66
140
162
62
106
122
21
139
152
50
151
160
57
157
161
57
160
160
56
162
159
54
165
159
54
167
158
53
172
157
49
200
163
29
208
168
34
212
172
36
216
174
36
219
174
36
223
176
33
228
177
33
229
177
33
230
177
31
230
174
28
231
174
28
231
174
28
228
171
27
223
167
24
216
162
21
216
162
24
216
163
26
215
163
28
214
162
30
208
158
26
200
154
23
198
154
25
201
157
33
202
158
44
204
160
57
193
150
57
169
127
44
130
90
15
103
66
0
119
83
18
117
83
20
106
74
12
100
70
9
94
64
3
90
60
1
88
57
0
87
54
0
89
53
3
89
52
6
90
50
7
90
52
7
90
58
3
89
58
3
89
58
3
89
57
2
89
57
2
91
56
3
91
56
3
91
56
3
91
57
3
92
57
3
89
52
0
89
53
0
91
55
1
93
57
1
97
62
4
102
67
6
106
71
10
110
75
13
113
79
16
116
81
18
108
77
10
115
84
12
129
96
20
143
106
22
161
119
24
168
121
18
175
124
12
185
131
11
210
150
23
204
144
13
205
144
14
206
146
19
200
143
21
197
145
34
163
116
14
135
93
2
118
81
1
99
67
1
87
61
2
79
55
1
72
50
2
65
43
5
66
43
6
66
43
6
65
42
6
64
41
5
63
40
4
63
40
4
64
41
5
65
42
6
66
43
8
41
33
3
42
35
5
45
38
6
48
41
8
52
46
10
53
47
8
53
48
7
54
49
7
57
51
8
61
56
11
61
56
9
64
59
12
68
62
15
67
61
14
59
53
6
57
51
6
60
54
9
66
58
14
67
60
15
62
54
10
63
54
12
66
58
17
72
66
23
74
70
26
75
74
26
76
79
27
78
83
28
78
81
24
85
86
27
99
97
36
113
106
45
122
109
50
81
63
4
82
62
4
90
70
14
100
81
26
95
79
27
83
72
21
70
63
14
59
55
6
52
49
1
54
40
8
53
39
8
52
38
8
51
37
8
48
34
6
45
31
4
43
28
4
41
27
4
41
27
5
40
26
6
41
27
7
41
27
8
40
27
7
39
27
5
39
27
5
38
27
4
37
28
3
37
28
2
37
28
1
36
28
1
36
28
1
37
29
2
38
30
3
40
31
4
42
34
5
44
36
7
45
36
8
47
38
9
48
38
9
49
38
9
49
39
9
52
41
11
58
47
16
60
49
18
61
50
18
61
49
17
58
46
13
57
45
12
57
44
11
56
44
11
55
43
9
54
40
4
56
42
5
58
45
7
60
47
9
63
48
10
64
50
9
64
50
8
63
49
6
62
49
5
61
47
2
65
49
5
62
47
3
61
45
2
65
49
6
80
63
23
83
65
26
79
60
22
71
51
15
67
46
10
71
49
15
66
54
16
64
57
16
65
57
13
70
57
10
74
58
9
78
59
8
81
60
7
82
62
8
82
63
10
81
63
13
80
63
18
79
64
22
68
56
18
69
58
22
75
64
29
80
68
32
79
65
27
72
53
12
80
59
16
94
71
26
107
87
39
105
101
50
106
102
50
107
103
48
107
103
44
105
100
39
90
84
18
90
85
15
107
102
29
134
130
53
166
163
82
145
144
60
146
147
62
152
156
70
160
167
79
124
135
47
119
134
46
113
131
44
110
130
43
115
137
50
130
153
67
134
157
69
129
151
62
116
138
49
115
140
49
124
149
58
134
160
67
142
169
76
146
173
79
138
166
70
141
168
71
142
167
69
136
159
60
101
121
19
144
158
57
154
165
61
154
162
57
153
157
52
158
156
52
159
155
50
163
157
52
173
161
52
197
164
29
209
174
37
216
179
42
219
181
42
220
180
39
222
178
35
227
179
35
230
180
34
232
180
33
230
178
29
235
180
32
237
181
34
237
180
35
233
178
34
227
172
31
223
169
30
222
168
31
219
166
31
215
163
29
209
157
26
203
156
24
201
157
27
203
158
34
200
155
40
199
154
51
194
149
56
178
135
52
150
109
34
116
77
11
114
77
12
110
75
11
105
71
9
99
67
6
94
62
1
92
59
1
91
57
2
91
55
2
92
53
5
93
51
7
93
51
8
93
52
7
93
58
2
92
57
2
92
57
2
92
56
2
92
56
2
93
57
2
95
58
3
96
59
4
97
60
5
97
61
5
96
60
2
98
61
2
100
64
2
103
67
4
108
73
6
113
78
8
117
81
9
119
83
10
119
85
10
120
85
10
119
87
5
133
102
15
155
121
30
170
132
35
180
137
31
184
137
22
191
138
17
200
144
16
219
159
26
210
149
14
208
147
13
207
147
17
201
144
19
199
146
35
165
116
15
136
93
4
119
82
4
100
68
4
89
61
5
80
55
5
73
49
4
67
41
3
68
42
5
69
43
6
69
43
6
69
42
5
68
41
5
67
41
4
68
41
5
69
42
7
70
43
8
44
36
6
45
37
7
46
38
7
48
40
7
49
41
6
51
43
5
52
46
5
54
48
6
57
51
7
60
54
9
60
54
7
62
56
9
65
59
12
66
60
13
64
57
10
61
54
8
62
54
9
66
57
13
71
62
18
72
63
20
69
59
17
67
57
15
73
65
21
77
73
26
83
81
33
90
91
39
96
100
45
97
99
40
97
97
37
105
101
41
111
102
42
111
97
38
84
64
6
86
65
8
85
63
8
81
60
8
80
61
10
93
80
31
84
75
27
69
63
15
52
48
0
53
38
6
53
39
6
53
39
8
53
38
9
51
36
7
46
31
5
44
28
4
42
27
4
41
26
4
41
27
5
41
27
6
41
27
6
41
27
6
40
27
5
40
28
5
40
28
5
40
29
4
40
29
3
40
29
3
40
29
2
40
30
3
40
31
4
40
31
5
42
32
5
42
34
6
44
35
6
45
35
7
45
34
6
44
34
5
44
34
4
46
35
5
50
39
8
58
47
15
65
53
20
69
57
24
71
59
26
72
60
26
70
58
23
64
52
17
58
46
11
53
40
5
57
43
6
57
44
6
58
46
7
60
47
8
62
48
7
64
50
7
64
51
6
64
51
6
65
51
5
65
51
4
68
54
6
66
51
4
65
49
3
67
50
5
76
57
14
78
59
17
76
57
16
73
53
13
71
50
11
75
53
14
68
56
15
64
58
14
65
58
12
71
60
10
76
61
8
80
62
7
84
64
7
87
66
9
89
67
12
88
67
15
89
69
20
89
72
27
78
63
22
79
64
27
85
70
34
89
73
36
85
69
31
75
54
13
83
60
16
97
73
27
112
89
41
109
106
55
100
97
44
103
100
44
104
101
42
100
95
34
92
86
21
93
87
17
103
97
24
124
118
42
170
166
86
155
153
69
159
159
74
166
168
81
170
174
86
128
137
47
126
138
48
120
135
45
114
132
42
115
135
45
131
152
61
135
158
67
130
153
62
118
140
49
120
146
54
123
149
56
129
156
62
136
163
70
144
171
77
135
163
67
141
168
72
143
168
72
136
158
60
95
116
15
141
157
55
148
161
57
147
155
51
146
151
46
154
155
50
153
152
45
159
156
49
171
163
51
196
167
30
210
179
42
218
185
47
222
187
47
220
183
41
220
179
35
226
182
35
230
183
36
233
183
35
232
181
31
234
181
31
236
181
34
237
181
35
235
180
35
230
174
32
225
170
31
224
169
32
222
167
32
219
166
32
214
161
28
206
158
26
202
157
27
200
154
30
192
147
32
183
137
34
176
130
37
168
124
41
161
119
44
137
96
29
117
79
14
107
71
7
102
68
5
100
64
4
96
62
2
96
60
3
96
59
5
97
58
6
97
56
9
98
54
10
98
53
11
98
54
10
99
61
4
98
60
3
97
59
2
96
58
2
94
57
2
94
57
1
95
58
1
96
59
1
97
60
2
98
61
2
101
65
2
104
67
2
108
71
3
113
76
6
120
84
9
126
90
11
129
92
12
130
94
10
128
93
7
127
90
3
137
103
7
154
121
20
174
138
34
181
142
31
195
152
32
206
158
33
212
159
28
210
155
19
217
157
17
216
155
14
213
152
14
209
149
15
203
145
20
200
147
35
165
116
17
137
93
6
120
82
7
102
68
7
90
61
9
82
55
8
75
49
6
69
41
2
71
42
4
72
44
6
72
44
6
72
43
5
71
42
5
70
42
5
70
42
5
71
42
6
71
43
7
45
35
5
45
36
6
46
37
5
46
37
4
46
37
3
48
41
2
51
45
5
56
49
8
60
53
10
62
56
11
63
57
11
64
58
11
66
60
13
70
62
15
70
62
15
66
57
12
63
54
10
62
53
9
70
61
17
79
70
27
77
67
24
74
63
20
74
65
21
74
68
21
82
79
30
94
94
41
107
108
52
108
110
51
105
102
43
108
101
42
109
98
38
101
86
27
77
57
1
88
66
10
90
67
13
85
62
11
76
56
7
83
68
20
72
60
13
58
50
5
46
40
0
53
36
3
54
37
6
55
38
7
54
39
8
53
37
8
48
31
4
45
28
3
43
26
2
42
26
3
42
26
5
42
25
4
41
26
4
41
27
5
41
27
5
42
28
5
42
29
4
42
30
4
42
31
3
42
31
3
42
31
3
40
31
3
40
31
4
41
32
5
44
34
7
46
35
7
47
36
8
47
36
8
47
36
8
48
37
7
47
36
5
46
35
3
44
33
1
51
40
6
57
45
11
62
50
15
67
55
19
75
63
27
85
71
35
84
71
34
81
68
30
74
61
24
58
46
6
57
45
5
57
45
4
57
45
3
57
46
2
61
48
3
64
52
5
68
55
7
72
58
9
74
60
11
78
64
15
76
61
12
73
57
9
71
54
6
70
52
5
72
52
6
72
52
7
72
51
8
73
51
9
74
52
11
69
57
13
65
60
14
67
60
12
74
62
9
79
64
8
84
66
7
89
68
7
93
70
9
96
72
13
94
73
16
93
73
20
92
73
23
85
69
24
85
69
27
88
71
31
89
72
33
87
69
29
85
63
21
91
67
23
99
74
28
106
83
35
95
93
40
98
95
42
108
104
48
105
101
43
81
76
15
73
67
4
85
79
11
90
84
12
100
93
18
145
138
59
139
135
52
147
145
61
156
156
69
159
162
73
121
128
38
128
138
47
128
142
50
128
144
52
131
149
57
149
168
75
146
169
75
137
161
67
124
148
55
128
154
60
125
151
57
126
152
58
130
157
62
137
164
70
126
153
58
135
162
66
138
163
67
130
153
55
88
108
9
135
153
51
144
158
54
145
154
50
148
153
48
157
160
52
150
150
40
151
149
40
162
155
41
189
162
24
205
178
38
214
185
45
219
187
46
218
183
40
217
179
33
224
183
36
230
186
37
234
188
37
236
186
36
235
183
33
237
184
35
237
183
36
235
180
35
228
174
30
223
170
29
223
169
31
222
169
32
221
169
34
219
166
32
212
164
32
205
160
32
202
156
32
205
159
46
199
153
50
178
133
40
155
111
28
137
95
20
126
84
17
113
74
9
105
68
5
102
65
3
100
64
4
98
63
3
100
63
4
101
63
7
102
62
9
104
61
12
104
58
13
103
56
13
106
60
15
120
81
22
118
78
19
114
75
17
110
72
14
107
69
12
104
66
9
102
64
7
101
64
5
101
64
4
101
65
2
107
70
3
111
75
4
116
81
7
124
88
11
136
99
17
146
109
21
150
112
21
151
113
19
149
112
16
147
108
11
164
128
19
179
143
28
189
152
33
186
145
21
210
166
34
230
181
45
234
181
40
219
163
18
210
150
4
219
159
13
219
159
17
214
156
20
207
151
25
203
152
40
168
120
21
139
96
10
122
84
10
101
69
9
90
61
11
81
55
10
75
49
7
71
42
2
73
44
4
73
45
5
74
45
5
74
45
5
72
43
4
71
42
3
71
42
3
71
42
4
72
43
6
45
35
5
48
38
8
50
40
9
52
42
9
52
43
9
52
43
5
52
44
5
54
46
6
56
50
7
59
53
8
66
59
12
69
61
14
70
62
15
73
65
18
74
66
19
75
65
20
74
64
19
74
63
19
79
68
24
85
73
31
84
71
28
84
71
27
90
80
34
82
77
28
79
76
25
88
86
33
103
104
47
105
105
45
96
93
32
94
88
27
95
83
24
96
80
21
89
67
11
92
68
13
94
69
16
92
69
17
82
60
12
73
57
10
66
53
8
58
48
4
50
42
0
56
40
7
57
40
7
58
41
9
60
42
11
60
42
13
56
37
10
49
31
5
45
27
2
43
25
2
46
28
5
44
27
6
44
27
5
44
28
5
45
29
6
43
29
6
43
29
4
42
30
3
42
30
2
41
29
1
41
29
1
42
31
4
43
33
6
44
33
6
45
34
7
46
35
7
48
37
9
49
38
10
50
40
10
50
39
9
49
38
7
49
38
5
49
37
4
51
39
5
53
41
6
57
44
8
61
48
11
67
54
16
75
62
25
81
68
30
86
73
35
87
76
36
69
60
17
62
51
9
60
48
5
61
50
6
69
59
13
78
66
18
76
65
15
76
64
14
79
66
14
85
71
19
98
83
31
91
75
23
78
62
11
65
47
1
72
54
3
75
54
6
78
56
8
79
57
10
78
56
10
82
60
14
67
55
8
62
55
7
73
63
13
75
62
6
81
64
5
91
71
9
100
78
13
99
74
8
96
69
5
102
77
16
105
82
26
103
82
30
88
70
23
83
66
22
86
68
27
92
73
32
97
77
36
96
75
30
98
75
30
103
78
32
107
84
36
95
91
38
107
103
49
102
99
42
96
91
32
92
84
25
88
79
16
77
68
5
80
71
4
94
85
12
122
114
37
142
135
55
155
150
68
156
154
69
143
144
57
127
133
44
132
142
51
133
145
53
133
147
55
138
156
63
150
168
75
143
165
71
137
161
67
134
159
65
128
154
60
124
151
57
124
151
57
128
155
61
133
160
66
136
163
69
139
166
70
139
164
67
132
155
57
94
114
15
127
142
40
142
153
49
148
157
51
148
152
46
155
156
46
146
145
33
151
149
36
166
158
42
181
156
17
204
178
38
214
187
46
219
189
47
218
187
42
224
187
41
229
190
41
232
190
40
235
189
38
238
190
39
235
185
33
234
183
33
235
183
34
237
184
38
235
182
38
227
174
33
225
172
33
223
171
35
221
171
35
210
159
25
202
156
25
201
157
30
206
161
40
214
169
58
164
119
18
150
105
14
144
99
18
136
94
19
120
78
11
109
69
5
106
68
5
107
71
8
106
71
8
106
70
10
105
67
9
104
64
7
103
62
7
104
59
8
107
61
13
110
62
17
115
67
20
125
84
22
125
86
25
124
84
24
120
81
22
113
76
16
105
68
8
104
66
7
105
68
7
108
71
8
111
76
10
107
71
2
106
70
1
111
75
1
123
86
3
146
111
22
166
129
34
173
135
36
176
138
35
176
137
32
177
140
31
185
148
27
190
153
25
194
155
26
200
159
24
215
169
29
227
177
33
233
180
32
232
177
26
223
165
13
217
157
8
213
153
9
212
154
17
219
164
37
205
154
42
165
119
21
141
99
14
134
97
25
104
73
16
90
63
15
79
54
11
73
47
7
76
47
5
75
45
4
76
46
5
77
47
6
77
47
7
75
45
4
72
42
2
73
42
3
75
44
5
79
48
10
49
39
9
50
40
10
51
40
9
52
41
9
52
42
8
52
43
6
53
44
5
53
45
4
55
47
4
57
48
4
54
46
1
56
48
2
62
54
7
70
62
15
80
70
23
85
74
29
87
76
32
88
77
33
83
72
28
79
67
24
75
62
18
74
62
16
80
69
22
84
77
28
90
86
34
95
93
38
96
95
38
79
78
18
79
75
14
96
88
27
106
93
34
99
80
22
91
66
9
93
66
12
98
71
19
102
76
27
98
74
28
89
69
24
77
61
17
63
51
9
49
39
0
52
33
0
52
33
0
53
34
2
56
36
5
58
38
7
55
35
7
50
30
4
47
27
1
46
26
1
47
28
6
46
27
4
45
27
4
44
27
4
43
27
4
43
27
2
43
28
2
44
29
2
44
30
2
43
30
2
43
31
1
43
31
3
43
32
5
43
32
5
44
32
6
45
33
6
46
34
7
48
36
7
49
38
8
49
38
7
50
38
7
51
38
5
50
38
4
55
42
6
58
45
9
59
46
9
58
46
7
56
44
4
59
46
6
64
51
11
69
56
16
75
61
21
80
71
28
92
83
39
101
91
46
105
95
48
102
92
44
104
93
43
109
98
46
112
101
48
112
100
46
106
93
38
92
77
22
89
74
17
90
74
18
95
77
21
84
63
11
82
61
9
86
64
12
91
68
17
84
60
10
82
59
8
79
65
14
79
70
19
83
72
19
82
67
8
86
66
5
94
70
5
100
73
5
100
71
1
107
79
11
126
98
34
132
105
46
123
100
44
106
84
33
95
76
29
92
74
29
92
74
31
92
73
30
86
65
20
86
63
17
88
64
17
90
67
19
78
71
18
91
85
31
92
85
29
93
85
27
102
91
33
101
90
28
86
74
10
88
75
8
101
89
19
126
114
41
112
103
27
138
132
53
154
150
69
147
145
61
141
144
58
148
155
67
148
158
68
147
159
69
151
166
74
135
153
60
137
159
66
138
163
69
136
162
68
131
157
63
125
152
58
124
151
58
127
154
61
134
161
68
139
165
72
140
164
70
138
160
65
132
151
54
104
121
21
135
148
46
151
160
55
159
165
56
159
161
51
168
166
53
160
155
40
162
155
39
171
160
40
182
157
17
203
177
37
212
186
45
217
188
46
217
186
41
223
188
39
226
187
38
226
185
35
227
183
32
231
185
32
236
187
35
235
186
35
236
186
37
239
189
42
238
188
42
230
181
38
228
179
39
227
179
41
225
177
41
213
165
29
209
164
36
205
161
39
201
158
41
206
163
55
158
114
16
137
94
5
127
84
4
122
81
8
121
81
16
114
75
12
110
73
10
108
72
10
109
74
11
108
73
10
107
71
10
106
68
8
105
65
7
104
60
6
105
59
9
106
58
10
108
61
11
112
72
8
110
69
6
106
67
5
104
65
3
103
64
2
103
66
4
104
69
6
105
70
7
106
71
7
107
72
6
110
77
5
117
82
6
124
89
8
133
98
10
146
110
15
164
126
24
177
139
33
187
149
39
193
156
41
193
154
37
196
158
26
200
161
23
204
164
24
213
169
25
220
173
24
223
173
21
224
172
17
225
169
14
222
166
10
220
163
11
215
159
13
212
157
18
213
161
34
197
150
38
163
121
22
141
103
18
131
97
26
100
70
15
87
61
15
78
54
14
75
50
11
78
49
5
76
47
3
76
47
3
76
47
4
77
48
5
74
45
3
72
42
1
72
43
2
75
46
4
79
50
9
51
40
10
50
39
9
49
38
7
49
38
6
51
41
7
55
45
8
57
48
9
59
50
9
60
51
8
60
51
7
56
48
4
60
51
6
68
58
11
75
65
18
80
70
23
85
74
30
89
78
34
92
80
36
84
73
29
75
61
19
69
54
10
67
52
6
72
59
11
70
62
12
77
72
19
82
79
23
84
82
24
86
84
24
91
85
25
105
96
36
112
98
39
102
82
24
89
63
7
88
60
6
92
63
12
97
70
20
97
72
26
91
70
27
80
63
21
66
52
11
52
40
1
56
36
2
54
35
2
55
35
2
56
36
4
58
38
7
56
35
7
52
31
3
49
28
1
47
26
1
48
27
4
47
26
4
46
26
3
44
25
3
43
26
2
43
25
0
42
27
0
43
28
1
45
30
2
46
32
3
47
33
4
45
31
5
43
30
6
44
32
5
44
31
5
45
32
6
45
33
6
46
34
6
49
36
7
51
38
6
52
40
7
53
40
7
52
39
4
58
44
7
61
48
10
61
49
10
60
47
7
55
43
2
55
42
1
59
45
3
63
49
6
66
53
10
62
54
9
70
61
16
76
67
21
79
70
23
78
68
20
75
64
13
76
66
15
80
70
17
85
74
17
89
78
19
94
80
22
100
85
27
110
93
35
123
104
47
83
63
6
79
59
4
89
66
12
100
76
22
93
69
16
88
64
11
78
61
8
72
59
6
77
61
7
90
71
11
109
85
21
121
94
25
126
96
25
120
89
17
126
95
23
141
111
43
138
111
46
118
93
33
101
80
27
92
74
23
88
72
24
87
71
25
87
69
24
85
66
19
86
66
18
89
67
19
90
70
20
77
68
13
87
77
22
90
79
23
97
85
28
112
99
41
112
98
37
96
81
19
95
79
15
105
91
23
123
110
41
103
91
19
129
119
45
144
137
60
138
135
55
156
159
75
165
171
86
156
166
79
145
158
70
151
167
78
139
156
66
133
155
63
128
154
60
124
150
56
127
152
60
132
158
66
129
156
64
122
149
57
113
140
48
123
147
56
141
163
70
146
166
71
138
156
58
117
131
30
143
151
47
155
161
53
161
163
53
161
159
46
173
167
51
170
161
42
171
160
39
175
162
37
187
162
22
207
181
40
216
188
46
220
191
47
221
190
44
226
192
43
228
190
40
228
187
35
227
185
32
230
186
33
238
192
38
238
190
38
238
191
40
240
193
44
240
192
46
233
186
43
231
185
43
230
185
45
227
183
44
213
169
32
205
162
36
193
150
33
181
138
26
182
141
36
155
112
18
135
92
7
123
81
4
123
82
11
129
90
25
118
81
18
110
74
12
106
71
8
108
74
10
110
76
11
111
77
12
112
75
12
111
72
11
109
67
9
108
65
9
108
63
10
109
64
9
112
73
7
105
66
1
101
63
0
100
62
0
101
65
2
106
71
8
109
75
11
110
75
11
109
76
10
108
75
6
109
76
3
118
85
7
127
94
10
135
100
10
140
105
8
154
119
13
172
135
24
188
150
35
200
161
43
202
163
42
204
164
27
208
167
22
213
172
24
220
176
26
223
175
22
220
171
15
219
167
8
219
164
5
221
165
8
223
167
14
218
164
17
211
158
20
204
155
28
186
141
31
160
119
23
139
103
20
123
91
22
94
67
12
82
60
13
78
57
16
77
55
16
79
53
7
76
49
4
75
48
3
75
48
3
75
48
3
73
46
2
71
44
0
71
44
1
73
46
4
77
49
7
50
39
9
49
38
8
48
37
6
48
37
5
52
41
7
58
48
10
63
53
14
66
56
15
67
58
15
66
57
13
69
59
13
74
64
17
81
71
24
86
76
29
84
73
26
84
72
27
84
72
28
85
72
28
79
66
22
70
56
14
74
58
14
79
64
17
82
68
19
68
60
8
75
69
15
79
75
19
84
82
24
110
106
47
110
103
43
111
100
40
108
92
34
101
80
22
88
61
5
86
56
4
87
56
7
88
59
11
85
59
14
81
58
16
74
55
14
65
49
9
55
42
2
62
42
7
60
40
5
59
39
5
59
38
7
61
40
9
59
37
9
55
33
6
52
30
3
49
28
2
50
29
4
49
27
3
47
26
3
46
26
2
44
26
0
43
25
0
43
26
0
45
28
0
47
31
2
49
33
4
51
36
5
48
33
7
45
31
8
46
32
8
46
33
7
46
32
7
46
33
6
47
34
6
50
36
7
54
41
9
57
44
11
57
44
10
55
41
5
57
44
6
59
46
7
60
48
8
61
48
7
62
48
6
62
48
5
62
49
6
63
50
6
64
51
7
64
56
9
57
49
2
55
48
0
57
50
1
64
55
4
67
56
4
66
56
5
72
61
7
82
70
12
98
86
26
116
102
41
121
105
44
125
108
48
133
115
55
79
58
0
81
59
2
92
69
12
104
80
24
102
78
21
93
67
10
89
69
14
86
69
15
83
66
9
102
79
16
130
103
37
148
118
47
155
123
49
149
115
40
147
114
40
154
121
50
142
112
45
113
86
24
100
79
21
92
73
20
88
70
21
85
70
22
85
69
23
85
68
21
89
70
22
92
73
24
94
76
24
88
76
21
90
77
21
91
77
21
98
83
27
115
100
42
116
99
40
104
86
26
104
86
24
113
95
31
121
104
38
109
95
27
126
114
44
134
125
52
126
121
45
154
156
78
163
169
89
148
158
76
132
145
61
140
156
71
142
159
74
136
159
70
129
155
64
123
149
58
127
153
62
137
163
73
133
159
70
122
148
59
105
129
40
111
134
43
132
151
60
144
161
68
146
161
64
131
141
41
151
157
52
163
165
57
170
168
56
171
164
48
183
172
52
185
172
49
185
170
46
186
169
41
194
168
28
212
185
44
220
191
49
224
194
49
226
195
47
234
198
50
234
196
45
234
193
41
234
192
38
238
194
39
242
197
42
240
194
41
239
194
42
240
196
46
239
195
48
233
190
44
231
189
45
228
187
46
224
184
45
207
168
30
191
151
27
171
130
17
152
110
3
144
103
4
141
100
9
132
92
8
128
88
13
136
96
28
141
104
40
121
86
23
109
75
12
104
71
7
105
74
8
108
77
10
112
79
12
114
80
13
114
79
14
113
74
13
112
71
11
111
68
10
111
68
9
113
75
4
106
70
1
104
68
1
104
68
3
106
71
6
107
74
9
106
74
9
106
75
10
108
77
11
110
80
11
109
79
5
116
85
6
125
93
8
134
101
9
144
110
11
155
119
12
166
130
17
179
141
24
193
154
34
206
167
42
209
168
27
212
171
22
216
174
23
222
177
23
224
176
19
223
174
14
222
171
10
223
169
8
223
168
9
222
168
15
218
165
19
210
159
21
194
148
21
172
130
20
154
117
20
135
102
19
115
86
17
91
68
13
80
61
16
77
59
19
77
59
19
82
57
10
77
52
6
75
50
4
74
49
3
74
49
3
74
48
3
71
45
0
71
45
1
73
47
3
76
50
6
52
41
11
51
40
10
51
39
8
52
39
7
54
43
9
60
48
11
63
53
14
66
57
16
68
59
16
70
60
16
71
61
15
76
66
19
83
73
26
89
79
32
90
78
32
87
74
29
82
69
25
77
64
20
71
58
14
67
53
11
70
55
10
73
58
10
70
56
7
65
55
3
86
79
25
91
87
31
88
84
26
105
100
40
101
93
33
105
93
33
104
87
29
94
72
14
86
59
3
89
59
6
92
60
11
92
61
15
83
56
12
76
52
10
69
49
9
62
45
6
55
39
1
62
40
5
59
38
2
57
36
2
57
35
3
59
38
6
60
38
8
57
36
7
55
33
6
53
31
5
54
32
7
52
30
5
50
29
4
49
28
3
47
27
2
47
28
1
47
28
2
48
30
2
49
32
3
50
34
5
51
36
4
49
34
7
47
33
10
47
34
11
47
34
9
46
33
7
46
33
6
48
34
5
50
36
7
56
43
11
61
47
14
62
48
14
58
44
8
56
43
6
57
43
4
58
44
4
60
47
4
64
50
7
65
52
8
64
50
6
63
48
3
60
47
2
58
51
5
59
51
3
59
52
3
61
54
4
66
58
5
79
69
15
91
81
24
101
90
32
107
96
36
110
97
36
130
115
53
130
114
51
127
110
47
129
111
49
95
74
13
106
84
23
109
86
25
107
82
23
108
83
24
89
63
5
92
70
15
91
71
17
81
60
4
98
72
8
130
100
31
151
119
46
163
128
52
163
126
49
156
120
44
149
116
42
136
105
36
118
90
26
108
86
26
100
81
27
94
78
27
90
75
27
88
73
26
87
72
24
89
73
24
90
75
25
92
77
25
99
84
28
96
80
23
96
79
23
104
86
29
122
103
46
126
107
49
124
104
45
128
108
47
133
114
52
126
108
45
108
92
26
124
111
44
135
125
57
131
124
54
135
136
62
142
147
72
138
148
70
131
144
65
132
148
68
131
148
66
133
155
69
133
158
69
130
155
67
126
151
62
127
152
65
131
156
69
135
160
73
140
164
76
137
157
69
131
150
60
131
147
54
134
146
49
126
132
32
147
150
44
168
166
56
182
176
61
186
175
56
190
176
52
193
177
50
193
174
46
192
171
40
201
174
33
213
186
45
220
190
48
225
193
49
228
194
47
236
200
51
237
198
47
237
196
44
238
196
42
243
201
45
244
200
45
240
197
43
239
196
44
240
197
46
238
197
49
232
192
45
229
190
46
225
188
46
219
183
43
202
166
27
207
169
48
196
157
46
172
132
27
141
102
4
142
102
14
136
97
17
136
97
24
147
108
42
146
111
47
122
88
25
110
78
14
107
77
11
106
77
10
108
78
8
110
79
9
111
79
9
112
78
9
110
74
7
108
70
5
106
66
4
106
65
2
108
72
0
107
71
0
108
73
3
110
76
7
113
79
12
109
77
12
105
75
9
106
77
12
111
82
16
120
91
22
125
96
22
127
98
19
133
103
18
144
113
21
159
126
26
167
131
25
171
134
21
177
140
21
190
151
28
210
170
44
214
172
28
216
173
22
218
174
21
221
175
20
225
177
20
227
179
19
229
179
17
230
177
16
226
173
13
221
169
16
217
167
20
209
161
23
187
143
17
160
121
12
148
113
17
130
100
17
107
82
13
96
76
21
86
68
23
79
64
24
78
62
23
86
63
15
80
56
9
76
53
6
75
51
4
75
50
4
74
50
4
72
48
2
72
48
2
73
49
3
75
51
6
51
38
9
52
38
9
52
39
9
53
40
8
54
42
8
57
46
9
60
50
11
65
54
13
69
58
15
73
62
18
69
59
13
68
58
11
70
60
13
76
64
18
83
70
25
83
70
25
79
66
22
72
59
15
68
55
11
70
56
14
72
57
11
72
56
7
68
54
5
69
58
6
100
92
38
104
98
42
90
86
26
104
99
38
99
90
30
107
93
34
107
89
30
90
68
10
87
57
2
91
59
7
94
61
13
95
63
17
85
57
13
77
52
12
71
50
11
65
47
9
57
41
4
61
39
3
57
35
1
56
34
0
56
33
1
59
36
4
59
38
7
58
36
7
56
34
6
55
32
6
55
33
8
53
31
6
52
31
5
52
30
5
50
30
5
50
31
4
50
32
4
51
32
4
51
33
4
51
34
3
52
34
3
49
33
7
46
32
9
47
33
10
47
34
8
47
33
7
46
32
5
46
32
4
48
34
5
56
43
11
63
49
16
66
51
17
64
50
14
62
49
11
63
49
10
64
49
9
65
51
9
68
55
11
69
56
10
70
55
10
69
54
8
67
53
7
61
55
7
69
62
13
73
66
16
75
68
18
78
70
17
92
83
27
106
95
38
113
102
43
114
103
41
107
94
31
128
113
50
125
109
45
119
102
37
117
100
35
123
103
39
145
122
60
133
109
47
109
84
23
116
91
29
91
65
4
98
76
17
99
78
21
86
62
5
100
73
8
130
99
28
151
116
42
165
126
50
170
131
52
161
124
46
145
109
34
128
96
25
115
86
20
108
85
25
102
84
28
97
81
28
93
79
28
92
78
29
93
79
30
94
80
31
95
81
31
96
82
30
105
87
30
102
83
26
103
84
27
111
91
34
128
108
51
138
116
59
143
121
63
146
125
66
143
122
63
116
97
36
100
83
19
113
99
35
125
115
49
126
120
53
103
104
33
110
115
43
120
129
54
125
138
62
116
132
55
119
137
59
119
143
58
119
146
58
119
145
59
113
140
53
112
138
51
121
146
60
135
159
73
153
174
89
152
171
84
143
159
69
138
152
59
138
149
52
131
135
34
152
152
45
180
176
64
201
193
76
207
194
72
206
188
61
213
193
64
215
193
63
213
189
56
208
180
39
218
189
48
222
191
48
224
192
47
227
193
46
237
200
50
236
198
46
236
196
43
238
196
42
244
203
47
242
201
45
239
197
43
238
196
43
239
198
46
236
199
49
231
194
47
228
192
48
224
190
47
217
184
44
200
166
26
194
158
38
188
150
42
176
138
35
134
96
1
134
96
10
129
92
13
131
94
22
144
108
43
145
112
49
130
97
34
119
89
25
112
84
19
110
84
14
108
80
9
108
79
7
108
78
5
109
77
4
108
74
4
107
70
2
105
67
1
105
67
1
110
75
2
109
75
2
112
79
8
116
84
14
119
88
19
116
87
20
111
82
17
113
85
20
120
92
26
130
104
34
136
109
35
142
113
34
149
119
34
157
127
35
168
137
37
176
141
34
181
145
32
188
152
32
199
161
37
213
174
46
218
176
32
220
177
25
221
177
23
222
177
21
227
179
21
230
181
21
231
181
20
232
180
20
229
176
19
223
172
19
219
170
24
210
164
26
185
144
18
154
117
7
143
111
15
127
98
16
104
80
11
108
90
34
96
81
35
84
71
31
79
65
26
90
68
20
82
60
12
78
55
7
76
53
5
76
53
6
76
52
7
74
51
5
74
50
4
74
51
5
76
53
7
44
30
1
46
33
3
49
35
5
51
38
6
53
41
7
55
44
6
59
48
9
64
53
13
71
59
17
78
67
23
75
65
19
67
57
10
59
48
2
57
44
1
67
54
8
71
58
13
70
58
14
67
54
10
69
56
12
77
63
21
80
65
19
81
64
15
78
63
14
65
54
2
81
73
19
76
70
17
62
57
5
94
89
28
85
76
15
79
66
7
81
63
6
95
73
14
86
56
1
86
53
2
87
54
5
87
55
9
80
51
7
77
52
11
75
53
15
72
53
15
67
49
12
66
44
7
61
39
4
58
36
1
57
35
1
60
37
5
61
37
7
58
35
6
55
33
5
53
30
4
53
29
5
54
31
6
54
32
7
54
32
7
55
33
8
53
34
7
53
34
6
52
34
5
52
34
5
51
33
2
51
33
2
48
32
5
45
31
8
46
32
9
46
33
7
45
31
5
44
30
3
44
30
1
47
33
4
55
42
10
62
48
15
67
52
18
69
55
19
72
56
19
74
59
21
75
61
20
75
62
19
75
62
18
79
64
18
82
67
21
84
69
23
87
73
26
88
83
34
82
75
26
80
73
23
83
76
24
91
84
29
97
87
31
94
84
26
93
82
23
94
83
21
101
89
25
124
110
45
119
104
38
111
94
28
106
88
23
142
122
57
168
147
82
146
123
59
108
83
21
125
100
38
103
76
14
120
96
38
124
100
42
101
75
15
94
64
1
105
72
2
114
77
3
123
84
6
137
96
17
140
101
22
125
89
13
113
81
8
108
79
11
105
82
20
100
82
25
95
80
26
92
79
27
90
79
29
93
82
32
95
82
32
95
82
32
96
82
29
101
82
25
99
80
23
101
81
24
110
89
32
126
103
47
136
111
55
142
117
61
140
116
60
127
105
47
85
63
5
91
73
12
91
77
14
93
83
18
96
90
23
68
69
2
77
82
11
89
99
26
97
111
37
88
103
28
116
134
57
117
141
58
113
140
53
106
134
48
106
133
47
113
138
53
112
136
52
109
132
48
105
126
41
120
137
50
137
153
63
145
158
65
145
152
56
130
132
32
144
142
35
173
166
54
195
184
68
202
187
65
201
179
53
215
193
62
223
200
67
225
199
64
217
187
46
224
194
53
226
194
51
228
194
49
228
194
47
237
200
50
236
197
46
236
196
42
238
197
41
245
204
48
241
200
44
238
197
41
237
196
41
238
197
45
237
200
50
230
196
48
229
195
49
226
193
49
219
186
46
199
168
28
190
154
35
192
154
49
197
159
57
155
117
23
149
111
27
138
100
23
131
94
24
136
100
36
133
100
37
123
91
28
119
89
25
117
89
23
113
87
17
108
83
11
107
81
8
108
80
6
112
80
7
113
79
10
114
78
9
113
76
9
113
75
8
114
79
5
110
78
3
113
81
9
117
86
16
122
91
22
120
91
24
114
86
21
115
88
23
121
95
28
131
105
35
134
107
33
145
117
38
155
126
42
162
132
42
165
133
34
175
140
33
188
152
38
201
164
44
212
174
50
217
178
50
222
180
35
225
181
29
226
182
28
227
182
25
228
181
23
229
181
20
230
180
19
231
179
18
228
177
20
225
176
23
221
174
27
212
167
29
187
146
20
152
116
7
141
111
15
124
99
16
103
81
12
117
100
44
105
91
44
89
77
37
81
67
28
93
71
23
84
62
14
79
57
9
77
55
7
77
55
7
77
55
7
75
52
6
75
52
6
75
52
6
77
54
8
49
34
1
50
35
2
51
36
2
51
37
1
53
40
2
55
43
3
56
46
4
58
50
5
62
54
7
65
58
9
68
61
12
64
59
9
58
54
4
55
51
3
59
54
5
60
55
6
58
53
5
55
51
2
57
52
5
63
59
11
67
60
6
69
59
0
67
56
0
83
69
10
91
75
18
88
70
14
80
60
6
99
75
21
93
67
13
92
64
12
92
63
13
92
62
13
82
52
3
82
52
4
86
57
9
90
62
15
89
63
16
79
55
7
76
53
6
78
55
8
83
60
14
66
47
12
60
41
6
56
37
2
54
35
1
57
38
5
60
41
8
60
41
8
57
39
6
55
35
3
53
33
2
53
33
2
53
33
2
53
33
2
53
33
2
53
32
4
53
32
4
53
32
4
54
33
5
56
35
7
56
35
7
55
33
7
55
33
7
55
33
8
55
34
7
54
33
6
53
32
5
53
32
4
55
35
4
60
41
8
63
45
10
68
51
13
75
58
19
79
63
21
82
66
23
84
68
24
85
70
23
84
70
23
85
71
22
87
73
24
89
75
26
90
76
28
91
79
39
92
79
37
92
80
36
93
80
35
93
80
32
93
81
28
94
81
24
95
80
21
97
80
17
99
80
14
119
98
27
111
87
14
102
74
1
102
70
0
199
162
83
180
139
60
165
121
41
151
104
24
134
86
6
127
77
1
111
74
7
105
77
16
116
85
22
103
68
4
102
62
7
118
74
11
136
90
14
143
96
16
132
87
6
133
94
10
131
96
12
123
92
10
116
93
14
121
101
26
114
97
27
106
90
26
102
86
28
109
90
41
105
83
38
104
80
38
105
82
40
102
90
35
98
87
30
98
87
30
103
92
32
111
100
38
123
114
47
127
119
50
129
122
52
129
124
52
127
124
50
111
110
35
97
97
24
92
94
22
97
101
30
77
83
16
80
88
22
78
87
24
76
87
25
83
94
34
96
108
49
97
110
43
99
113
41
104
118
46
110
125
51
116
129
53
121
134
56
126
139
58
133
143
59
132
139
50
130
133
40
136
135
38
147
142
41
159
150
42
139
122
9
173
151
34
207
179
58
219
185
61
238
199
70
233
191
59
236
191
58
242
197
60
234
204
49
233
202
48
232
202
47
232
201
47
232
202
47
232
202
47
232
201
46
232
201
47
232
200
47
234
202
49
234
200
47
234
198
45
235
198
46
238
201
49
242
202
53
243
201
52
244
201
52
241
198
49
230
187
38
204
160
12
200
154
44
199
153
61
196
151
60
168
122
34
159
114
29
151
105
24
141
95
18
126
82
8
135
91
20
132
90
20
130
88
20
129
86
19
127
84
19
125
82
15
123
80
12
122
79
9
122
78
7
124
79
6
124
79
5
124
79
5
124
78
8
126
73
21
126
76
22
127
78
22
127
80
22
126
80
21
124
81
17
125
83
16
128
89
17
133
96
19
139
103
23
156
123
36
164
131
39
170
138
41
174
143
41
178
147
41
188
158
47
200
169
55
211
179
63
217
184
66
214
182
62
231
185
45
237
185
37
235
183
35
233
181
34
232
180
33
231
180
33
230
179
33
227
177
33
221
175
34
217
172
37
213
170
42
204
164
43
178
141
29
153
122
20
134
108
15
113
91
8
93
74
2
111
95
27
89
77
15
83
72
13
85
71
16
90
69
18
98
77
26
88
67
16
80
59
8
76
55
4
79
57
9
77
55
7
77
55
8
77
54
8
76
53
7
50
35
2
51
36
3
51
37
2
52
38
2
54
40
2
55
43
3
56
46
3
58
49
4
60
52
5
62
55
6
72
66
16
77
71
21
77
73
22
74
70
19
62
58
8
56
52
2
54
49
1
56
51
2
61
56
8
63
58
10
68
60
7
73
63
3
75
64
4
87
73
15
98
82
25
100
82
26
96
76
20
105
81
27
87
61
10
88
60
9
91
62
11
89
59
10
93
62
13
93
62
13
91
62
13
89
60
12
85
58
10
85
59
10
85
60
11
85
61
12
84
60
12
64
44
10
61
42
7
57
38
3
55
36
1
55
36
3
60
41
8
64
44
11
63
44
11
60
40
8
52
32
1
54
34
2
54
33
3
53
33
2
53
33
2
53
32
3
54
33
4
54
33
5
54
33
5
55
34
6
56
35
7
53
31
5
51
29
4
54
32
6
57
36
9
58
37
9
57
37
8
56
36
6
55
35
4
55
36
3
55
37
2
58
40
3
63
46
7
75
59
17
85
69
27
90
74
30
90
75
29
85
71
23
81
67
19
84
70
21
87
73
24
91
77
29
89
77
34
93
80
35
95
82
37
97
85
37
98
87
37
98
86
33
96
83
27
94
79
21
91
76
15
90
72
8
103
80
15
101
76
8
98
71
1
100
68
0
177
141
70
176
136
64
180
136
64
181
135
62
161
112
40
132
82
17
107
72
11
96
70
11
103
74
15
112
78
16
137
98
32
159
117
48
172
127
55
160
115
39
151
108
29
168
129
48
174
139
57
163
134
53
140
117
40
127
107
34
111
94
25
99
83
19
99
81
24
114
94
43
114
91
44
115
91
48
117
94
51
110
99
42
105
93
36
102
92
33
104
94
33
111
100
37
124
114
47
132
125
55
141
135
63
150
145
71
157
154
78
142
142
65
119
120
44
104
107
32
103
108
35
88
93
23
90
99
31
90
99
34
93
103
39
109
120
57
131
143
82
114
128
59
102
116
44
99
114
41
104
118
44
117
131
54
127
140
61
134
146
64
135
147
60
135
142
51
136
141
45
142
143
42
151
148
42
163
154
41
152
137
18
185
166
41
217
191
63
225
195
62
240
204
66
234
195
54
236
195
52
241
200
55
236
205
50
236
205
50
235
204
49
234
203
48
234
203
48
233
202
47
233
203
47
234
202
48
235
202
49
236
202
49
235
201
48
234
198
46
234
197
46
236
199
49
238
198
50
237
196
48
238
196
49
237
193
47
228
184
38
203
159
13
202
156
46
191
145
52
172
127
36
156
110
22
150
104
20
143
98
16
136
92
12
131
86
11
132
89
17
129
86
16
129
86
18
131
88
21
129
87
20
128
85
18
126
83
15
124
82
12
124
80
9
124
79
6
124
79
5
123
78
4
123
77
6
124
73
15
124
75
14
125
77
14
127
81
16
131
86
20
137
96
24
140
101
25
141
104
24
141
105
22
141
106
18
160
126
33
167
136
36
174
143
39
180
150
41
185
155
42
196
165
48
207
176
56
217
185
63
222
191
67
221
188
62
233
187
44
237
186
36
235
185
34
233
183
32
233
182
32
233
182
33
232
181
34
229
180
35
224
178
37
219
175
40
213
171
43
203
163
42
177
141
28
160
129
27
136
110
17
114
92
8
98
79
3
102
86
19
93
80
19
90
78
20
88
75
19
87
65
13
88
66
14
83
62
10
81
59
8
81
59
9
82
60
11
79
56
8
78
56
8
79
57
9
83
60
13
50
35
2
50
36
2
51
36
1
52
38
1
53
40
1
55
42
1
56
45
2
57
47
2
56
48
1
57
50
1
60
53
5
69
62
13
77
71
21
80
75
24
70
65
14
64
58
9
62
57
8
64
59
10
67
62
14
65
59
12
71
62
10
80
69
11
90
77
20
98
84
27
104
88
31
102
83
28
94
74
20
92
68
16
75
49
2
88
60
11
98
68
17
91
61
10
97
66
16
96
66
16
93
62
12
88
58
8
84
56
6
89
61
10
89
62
11
87
61
11
84
58
8
64
45
10
64
46
10
61
42
7
56
37
3
51
32
0
58
39
5
66
47
14
70
50
17
67
47
15
54
36
3
54
35
3
54
34
3
54
34
3
54
34
3
53
33
2
54
33
3
54
34
5
55
34
6
55
34
6
56
35
7
57
35
9
58
36
10
58
38
11
58
38
10
58
37
9
57
36
7
56
36
5
55
36
3
56
37
3
57
39
3
59
41
4
61
44
5
67
51
9
74
58
15
81
65
21
87
72
26
92
77
30
94
80
32
94
80
32
94
80
31
93
79
31
90
78
32
91
78
31
91
79
31
91
80
30
90
79
29
89
76
24
87
74
20
86
71
16
85
69
13
85
67
9
89
68
9
94
70
10
102
75
15
115
84
25
174
139
78
168
129
68
168
126
66
171
127
67
166
120
60
162
114
54
128
95
40
107
83
31
109
83
29
107
76
19
123
87
28
144
105
42
163
121
54
168
124
54
165
124
50
173
135
59
177
143
66
173
144
67
143
121
47
126
106
36
110
93
26
101
84
21
105
86
29
121
100
49
120
97
48
120
96
50
121
97
52
106
95
38
106
95
37
109
99
39
115
106
43
124
115
49
130
121
52
130
123
51
132
127
51
136
131
54
141
139
59
142
141
62
118
120
40
105
109
29
111
116
38
103
110
35
100
110
36
95
106
34
96
107
38
116
129
62
144
158
91
151
164
93
147
161
86
136
150
74
125
138
61
125
139
60
130
143
61
135
147
62
141
152
62
150
159
64
160
166
65
171
173
67
181
180
67
183
176
56
177
165
38
203
186
53
224
203
64
227
201
56
239
207
56
236
202
48
239
203
47
244
208
50
238
205
51
238
206
51
238
205
51
237
204
50
235
202
48
235
202
48
236
204
49
237
204
50
237
203
50
236
202
49
238
203
50
236
200
49
236
199
49
237
199
51
238
197
51
236
194
49
237
195
51
237
193
51
229
186
44
207
164
23
212
167
57
192
147
53
159
115
22
155
110
20
151
106
20
142
97
13
136
91
10
137
93
16
130
87
14
128
86
15
127
85
16
127
85
17
127
85
17
127
85
17
127
85
16
127
85
14
128
84
12
129
84
11
128
84
9
128
83
8
128
83
9
131
82
14
132
84
13
133
86
13
133
88
13
134
92
13
138
100
17
142
104
18
142
107
16
141
108
13
139
108
7
148
117
11
157
128
17
166
137
22
175
146
26
182
152
28
194
164
36
206
176
45
216
186
53
221
191
57
221
190
54
233
189
41
237
188
35
236
187
34
234
185
32
234
185
33
234
185
34
233
185
36
231
184
37
227
182
40
221
179
43
215
175
45
204
165
43
174
140
27
163
132
30
133
107
14
113
90
6
104
85
9
93
77
10
99
85
24
97
84
27
96
81
26
102
81
27
84
63
9
81
59
7
81
59
8
84
61
11
84
61
11
82
59
10
81
58
9
83
60
12
89
66
18
52
37
4
51
37
2
52
38
1
53
40
2
55
43
3
57
45
3
58
47
4
59
48
3
57
48
1
55
48
0
54
47
0
59
52
3
66
59
9
74
67
17
76
69
19
75
68
19
74
68
18
73
67
18
73
67
17
73
66
18
79
70
18
88
76
21
98
85
31
101
86
31
104
87
33
101
82
29
95
74
22
93
70
19
76
50
3
92
64
15
104
75
24
99
68
17
95
64
13
92
62
11
92
61
10
92
61
10
92
62
10
91
61
9
90
60
7
89
59
7
88
58
7
71
51
17
70
51
16
65
46
11
58
39
5
48
30
0
54
35
1
65
46
11
71
52
18
71
52
19
62
42
9
57
37
5
56
36
4
55
35
4
55
35
4
54
34
3
54
34
3
54
34
4
55
35
5
55
35
5
56
35
7
60
39
12
63
42
15
61
40
13
58
37
9
57
36
8
56
36
6
56
37
5
57
38
5
59
40
5
60
42
6
62
44
6
64
47
7
62
45
3
63
47
4
68
52
9
76
60
16
87
72
27
97
83
35
100
86
38
100
86
37
98
84
36
95
84
33
93
82
31
91
80
29
88
78
26
85
74
24
81
70
19
80
68
17
79
65
15
78
63
13
80
63
12
80
60
10
91
68
19
109
83
34
134
104
56
171
137
90
156
119
72
145
106
60
138
96
50
132
88
42
142
97
53
113
83
40
97
76
33
106
83
38
104
76
28
107
74
22
123
87
32
147
108
49
171
131
69
170
131
65
158
122
53
151
119
48
148
121
50
128
106
37
122
103
36
114
97
32
109
91
30
111
92
35
121
99
47
117
94
43
118
92
44
121
95
47
108
98
39
107
97
36
109
100
37
115
105
41
123
114
46
128
121
49
129
123
47
134
129
50
141
138
57
153
151
67
153
153
69
123
125
41
105
109
25
109
116
32
104
111
31
102
112
33
100
112
34
103
116
40
121
134
60
134
147
75
149
163
85
157
172
91
160
174
92
156
171
87
150
165
79
149
163
76
152
166
75
161
173
78
169
180
80
173
180
75
186
190
79
202
203
85
191
188
61
195
185
51
213
200
59
227
210
62
227
204
50
237
210
48
237
208
43
242
211
43
246
214
47
238
204
51
240
206
52
240
206
52
238
205
50
236
203
47
235
202
46
238
204
49
239
205
49
239
205
49
237
203
47
240
204
51
238
201
49
237
200
50
238
201
52
238
199
53
236
195
52
238
197
56
239
197
58
235
192
54
215
172
35
216
172
62
193
148
53
157
113
19
162
117
25
157
113
24
145
101
15
136
92
11
138
95
17
130
88
13
129
87
15
127
85
15
125
83
13
126
84
15
127
85
15
128
86
15
129
87
15
131
88
15
134
89
15
134
89
13
133
90
12
134
90
11
135
89
8
144
97
16
147
103
19
148
106
19
147
106
16
145
108
13
153
117
19
161
128
25
168
137
30
174
145
33
174
145
28
182
154
31
189
162
34
195
167
36
196
168
32
201
173
33
207
179
36
213
184
39
216
186
40
212
182
36
231
190
36
238
192
36
237
191
34
236
190
33
236
189
34
235
189
36
234
189
38
232
189
40
228
185
42
223
183
45
218
180
48
205
170
46
173
139
25
158
128
26
128
101
9
112
89
5
112
91
14
91
72
5
106
90
28
102
88
29
104
89
32
133
113
56
91
71
14
84
63
8
82
61
7
83
61
7
82
60
8
85
63
11
83
61
10
84
61
12
91
68
18
55
41
6
55
41
5
55
41
4
56
43
5
59
47
7
63
51
9
64
53
9
64
54
7
62
52
4
58
49
0
64
55
6
65
57
6
66
58
5
68
60
7
69
61
11
69
60
11
68
59
9
66
57
8
69
59
11
73
64
16
79
68
18
84
71
19
83
69
17
82
65
14
91
73
22
99
79
28
105
84
33
115
92
42
88
63
13
87
59
10
94
64
14
105
74
23
97
66
15
95
64
12
97
65
13
101
69
16
102
70
17
95
64
10
92
61
6
91
60
6
92
62
8
75
57
21
74
56
19
68
50
14
60
41
7
50
31
0
51
32
0
59
41
6
66
47
12
69
50
16
66
47
14
58
40
7
57
38
5
56
37
5
56
36
5
55
35
4
55
35
4
55
35
4
55
35
4
55
35
4
56
36
5
55
35
6
55
34
6
56
35
7
57
36
8
59
39
9
61
41
10
62
42
11
61
42
9
59
40
5
56
38
2
57
39
2
60
43
4
63
47
5
66
50
8
67
51
9
68
52
8
68
53
8
75
60
14
84
69
22
92
78
30
99
85
37
103
93
40
104
94
41
105
94
41
104
93
42
102
91
41
97
86
37
92
80
33
87
74
28
82
69
24
80
64
21
90
72
31
91
70
31
90
66
29
89
62
26
78
47
16
79
45
13
90
54
22
105
65
35
105
64
36
110
68
41
81
55
23
66
49
14
79
59
22
89
65
26
93
64
22
102
69
24
116
80
31
137
98
45
147
109
52
142
108
48
137
107
44
132
106
41
120
100
34
122
104
40
118
100
37
111
93
33
108
90
31
113
90
36
112
86
35
117
89
39
125
97
47
115
104
42
109
99
35
108
98
33
112
102
35
120
112
42
131
123
47
137
130
51
148
143
61
162
160
75
181
180
90
207
207
118
167
168
79
132
135
46
117
125
35
102
111
22
113
123
36
127
138
54
142
155
72
154
167
87
136
150
69
137
153
65
147
165
73
165
182
90
180
196
103
173
189
96
170
185
91
171
185
89
179
192
92
181
192
88
177
184
77
184
188
75
194
195
75
175
171
45
193
185
50
212
201
59
225
210
61
228
207
52
237
213
51
238
212
45
241
213
44
243
214
45
237
205
52
243
209
55
243
209
55
240
206
52
236
203
46
236
203
45
241
207
48
243
209
49
242
208
49
239
205
45
239
204
47
238
202
46
238
202
47
239
202
50
238
200
52
235
195
51
236
197
56
237
198
59
234
195
57
216
176
39
204
161
50
182
138
41
158
114
18
158
114
21
156
112
22
146
102
16
138
95
12
136
93
13
131
89
13
130
89
15
130
88
16
129
87
16
129
87
17
130
87
17
130
88
16
131
89
16
133
91
16
136
92
15
136
92
14
136
93
14
138
95
14
146
101
11
159
115
25
166
123
30
168
127
31
165
126
28
165
128
25
177
143
35
191
159
46
204
174
56
214
186
64
216
188
59
222
195
62
226
200
63
228
201
61
222
195
51
220
191
43
222
192
41
223
193
40
223
193
39
218
187
33
235
194
36
240
196
37
239
194
36
237
194
36
236
192
36
235
193
37
234
193
39
233
191
43
228
187
45
224
185
47
218
181
49
205
171
46
173
141
26
154
124
22
128
101
8
117
93
8
119
98
20
92
73
5
110
93
29
103
87
27
108
91
32
153
132
74
97
75
17
91
69
12
87
65
9
84
61
5
80
57
3
91
67
15
89
65
13
87
63
12
91
66
16
53
41
5
52
40
4
54
41
4
57
44
5
61
49
9
66
55
11
67
57
11
67
56
9
64
54
6
59
50
0
66
58
6
72
64
12
76
68
15
76
68
15
66
58
5
61
52
2
59
50
1
62
52
2
70
59
9
71
60
11
76
63
14
78
63
13
69
54
5
70
53
4
80
61
13
88
67
19
96
74
25
120
97
47
97
72
22
82
56
8
80
52
4
95
66
15
104
73
22
107
75
23
107
75
21
104
73
18
98
67
12
97
63
9
96
63
8
96
63
7
95
63
8
76
58
21
73
55
18
69
51
14
63
45
8
57
39
2
52
33
0
53
34
0
56
37
2
61
42
7
66
47
12
59
40
7
57
38
5
57
38
5
56
37
4
55
36
3
55
35
4
55
35
4
55
35
4
55
35
4
55
35
4
53
32
3
51
30
2
52
31
3
56
36
5
59
40
8
62
43
11
65
46
13
65
46
13
61
42
7
58
40
4
57
40
2
58
41
2
66
49
10
70
54
13
70
54
11
66
50
7
59
43
0
59
44
0
66
51
5
74
59
13
82
68
21
92
83
26
95
85
30
97
86
34
98
88
36
98
89
39
97
87
40
94
82
38
90
77
36
85
72
34
82
67
33
85
68
38
82
63
34
78
56
30
76
52
29
57
27
8
70
37
20
86
53
37
101
66
51
98
61
46
104
65
51
82
58
37
69
55
28
74
57
30
83
62
31
86
60
26
89
59
22
96
62
22
113
77
33
135
99
51
140
107
56
137
108
54
127
102
46
118
98
40
123
105
45
119
101
41
112
93
34
105
85
27
110
85
29
112
85
30
121
92
39
132
103
49
117
107
43
110
101
34
112
101
34
118
108
39
131
121
49
142
134
56
146
140
57
155
150
64
167
163
74
183
181
87
204
205
110
170
172
76
140
142
47
127
132
36
98
106
11
109
118
25
132
143
50
156
167
76
165
177
87
123
135
47
142
158
59
162
180
73
174
192
86
185
202
97
182
198
94
179
196
92
178
194
92
182
196
94
185
196
92
184
191
85
188
193
83
192
193
79
164
160
41
190
182
55
208
197
64
220
205
66
223
204
59
235
212
60
236
211
55
237
211
51
239
210
51
238
207
56
244
212
59
244
213
58
242
211
55
237
206
49
238
206
46
243
212
50
246
215
51
246
214
49
241
209
44
241
208
45
240
206
45
240
205
47
241
206
50
237
203
50
233
197
48
233
197
52
233
197
55
229
193
53
211
174
36
189
148
35
174
131
31
165
122
24
151
107
12
153
109
17
152
108
19
147
105
19
140
98
15
139
98
19
131
91
15
129
89
15
131
90
17
130
89
16
130
89
16
130
90
15
131
90
15
133
91
14
137
94
15
139
96
16
140
97
16
146
102
19
165
121
28
175
131
37
181
138
42
184
143
44
186
147
43
194
156
48
206
171
59
215
182
64
221
190
66
222
193
64
225
196
61
231
203
64
235
208
65
236
209
63
232
203
52
229
199
46
231
200
45
233
202
45
236
203
46
232
200
42
240
201
40
242
200
39
240
198
38
237
197
38
236
195
38
235
195
38
234
194
40
233
193
44
226
189
45
222
186
47
213
178
47
198
165
43
176
145
30
155
126
24
138
112
18
130
105
19
127
104
25
95
75
4
110
92
26
102
84
22
104
85
24
143
119
60
91
67
7
95
72
13
95
71
13
89
65
8
81
56
0
97
72
17
96
70
16
92
66
13
93
66
15
50
38
2
50
38
1
50
40
1
53
43
2
57
48
5
63
52
8
65
55
9
65
55
7
62
52
4
59
50
1
65
56
4
79
69
16
94
83
31
99
89
36
81
70
18
71
60
8
70
58
7
76
64
14
81
69
20
77
65
15
79
65
17
81
65
18
78
62
15
82
65
16
82
65
16
80
62
13
81
61
13
108
86
38
99
77
27
90
66
16
84
59
9
85
58
7
103
76
22
114
85
31
115
85
31
110
79
24
98
68
12
97
65
9
97
65
8
96
64
7
93
61
5
72
55
17
71
53
15
69
51
13
65
47
10
61
43
6
53
35
0
50
31
0
50
31
0
54
35
1
62
43
8
58
39
4
57
38
4
58
39
5
57
38
5
56
37
4
56
37
3
55
36
3
55
36
3
54
35
3
54
35
3
56
36
5
57
37
6
56
36
4
54
34
3
56
37
4
59
40
7
62
43
10
66
47
12
68
49
14
69
50
14
67
50
12
64
47
8
64
47
8
66
50
8
67
51
9
68
52
10
68
52
9
65
49
6
64
49
4
64
48
3
64
49
3
68
59
4
66
55
2
67
57
4
68
58
7
66
55
8
70
60
18
75
64
26
76
64
30
74
61
31
72
58
33
74
58
37
76
58
40
83
62
47
95
71
61
83
57
48
83
55
48
82
52
48
82
50
46
83
49
46
107
71
69
78
57
45
60
48
29
67
52
32
78
58
37
81
56
32
85
56
30
94
62
33
116
81
48
129
94
56
120
89
47
117
88
43
120
95
46
119
99
46
125
107
52
121
103
46
114
95
38
111
91
33
114
90
31
113
85
28
123
93
35
137
108
50
126
113
49
117
103
37
115
101
33
119
107
36
132
120
46
151
139
59
159
149
64
169
160
72
181
173
82
194
190
94
197
194
94
179
177
77
170
170
69
177
179
77
151
156
54
152
159
58
167
175
74
184
193
95
193
204
106
148
159
62
153
171
57
162
183
61
170
190
69
179
198
81
183
200
88
188
205
96
191
206
100
186
198
97
184
195
95
189
196
97
200
204
105
209
209
110
177
173
70
200
190
84
209
196
85
214
199
82
221
201
80
228
206
77
231
206
74
232
206
72
233
206
70
235
207
62
243
214
67
243
215
66
241
212
61
237
207
53
238
209
49
245
216
53
248
219
53
248
219
51
244
213
44
244
213
45
242
211
44
242
211
47
244
213
52
240
208
50
232
200
47
232
199
50
232
198
52
224
191
48
203
169
28
186
146
31
180
137
36
179
137
36
152
109
11
153
110
16
159
117
26
161
119
30
150
110
24
145
105
23
133
94
15
129
90
13
130
90
14
129
90
14
127
87
11
128
89
12
132
92
14
138
97
17
140
97
16
140
98
15
143
102
18
152
110
25
175
130
38
181
137
43
184
141
45
191
149
50
200
161
57
220
182
73
234
198
83
239
205
85
237
205
80
228
198
68
224
196
58
231
203
62
235
207
62
237
208
60
233
201
51
229
196
44
230
197
43
234
199
43
237
201
45
236
200
43
240
202
41
241
202
41
241
202
41
240
200
42
237
199
41
236
198
42
233
196
44
229
192
43
222
187
45
221
186
50
209
175
46
192
161
38
175
145
32
158
130
28
150
124
29
143
119
31
135
112
32
97
75
2
110
89
21
105
84
19
103
81
19
121
98
35
82
58
1
94
70
10
98
74
13
93
69
9
83
59
1
101
75
19
98
72
16
94
68
12
95
69
14
50
39
1
51
40
2
52
41
3
54
44
3
56
47
4
59
49
4
61
50
3
61
52
3
62
53
3
66
55
3
71
60
7
84
73
20
98
88
34
103
93
39
85
73
20
75
62
9
72
59
7
77
64
12
80
67
16
75
61
11
79
63
15
86
68
20
90
73
25
82
66
17
79
62
13
85
66
18
97
77
28
108
87
38
102
82
31
99
77
27
97
74
23
97
75
23
91
66
13
103
77
24
117
90
36
128
100
45
123
94
39
108
80
23
101
72
15
97
67
10
93
63
7
70
53
14
72
55
16
71
54
15
68
50
12
61
43
5
54
36
0
53
36
0
55
37
1
57
39
2
57
38
3
55
36
1
56
37
2
57
38
3
59
40
5
59
40
6
58
39
6
56
37
4
54
35
2
53
34
1
53
34
1
54
35
3
55
36
4
55
36
3
56
37
4
57
38
5
58
40
6
61
42
8
65
46
11
68
50
14
71
52
16
70
52
15
67
49
11
64
47
8
64
48
7
65
49
8
67
51
9
67
51
9
64
48
6
64
49
6
66
50
7
68
53
9
74
64
10
73
63
11
74
64
14
74
64
17
70
59
17
72
62
25
92
81
48
89
76
48
68
55
31
54
39
21
60
44
30
70
51
41
78
58
50
82
60
56
77
52
50
76
50
49
81
52
53
89
58
60
94
63
65
92
60
62
76
58
51
71
60
47
83
68
54
106
87
71
114
89
72
111
81
63
105
73
51
104
70
44
109
76
46
107
77
42
105
77
38
105
80
38
127
106
60
139
120
69
125
106
52
113
94
37
124
103
45
120
95
35
111
82
22
119
87
27
136
104
43
119
102
39
118
100
35
122
105
37
130
113
43
143
127
54
159
145
65
166
153
68
171
160
70
175
166
72
179
172
72
187
180
78
175
169
65
169
166
60
176
175
68
167
169
63
170
173
66
175
179
74
183
188
84
193
199
96
158
165
62
165
181
60
172
192
63
176
195
69
189
207
86
184
202
88
190
206
98
192
206
104
179
190
95
178
186
98
178
182
98
176
177
96
171
169
89
151
145
64
155
144
69
162
147
66
173
155
66
191
170
75
210
187
87
210
185
82
216
190
85
226
199
88
236
210
78
234
209
75
234
208
70
234
208
66
235
209
63
237
209
57
238
211
54
240
213
51
241
214
48
243
214
47
243
215
46
238
209
40
238
209
42
244
215
50
240
210
51
234
203
47
237
206
54
238
206
58
226
195
50
196
164
21
189
150
33
191
150
45
195
154
50
163
121
22
152
110
13
161
120
26
168
127
36
163
123
35
146
106
23
138
99
18
133
95
15
132
93
14
137
98
19
130
91
13
130
91
12
136
97
16
146
106
23
140
99
15
135
94
9
141
101
15
153
112
25
167
121
32
174
129
38
174
130
37
182
140
43
199
158
57
219
181
74
229
193
79
239
205
85
243
211
86
237
207
77
236
207
70
242
212
72
246
215
72
247
216
69
243
210
62
239
205
54
239
203
51
240
202
51
241
203
50
240
202
49
236
197
40
238
200
41
243
205
47
243
205
48
239
201
47
236
199
47
230
194
45
222
186
41
217
182
43
222
189
56
216
184
57
201
170
50
173
144
32
147
119
17
145
119
24
143
117
29
136
111
30
108
85
10
119
95
25
116
93
26
110
88
21
106
82
15
88
64
1
94
70
5
96
72
7
94
70
6
90
65
3
106
80
20
103
77
18
100
73
16
102
75
19
53
42
3
51
41
2
52
42
2
54
45
3
59
50
6
61
51
4
60
50
3
61
51
3
65
55
5
72
61
9
76
65
11
86
74
20
97
84
30
100
86
33
83
70
17
77
63
10
77
62
10
83
67
16
85
70
18
79
64
13
85
68
18
94
75
26
100
82
32
92
74
24
83
66
16
81
64
14
86
68
18
94
76
25
98
80
29
102
84
33
103
84
33
98
80
27
79
59
6
82
61
7
93
71
16
108
84
29
116
91
36
109
85
29
102
76
20
93
66
10
82
56
1
68
51
12
74
57
18
75
58
19
72
55
16
62
45
6
56
39
0
57
39
1
58
40
3
58
40
3
55
37
0
55
37
1
56
38
2
58
39
4
60
41
6
60
41
6
59
40
6
57
38
4
56
37
3
55
37
3
55
37
3
56
37
4
56
38
4
56
38
3
57
38
4
58
39
5
60
41
6
62
43
8
65
46
11
68
50
13
70
52
15
74
56
19
78
60
23
72
55
16
68
51
12
67
51
11
67
51
10
67
51
9
66
50
8
69
53
11
73
57
15
76
60
17
66
55
6
77
67
18
70
60
14
67
57
15
86
75
37
74
63
31
94
82
55
88
76
52
63
49
30
43
28
15
55
38
29
54
35
30
54
34
31
60
38
37
78
56
55
83
58
59
81
55
56
78
51
52
82
53
55
94
65
66
90
71
67
90
78
68
100
85
75
128
107
97
139
114
102
137
107
93
127
93
78
113
77
58
101
67
43
91
60
31
87
59
26
90
64
27
110
90
46
140
122
73
129
110
58
116
95
41
128
106
48
117
90
30
118
88
26
119
87
24
119
86
23
110
89
28
122
100
37
134
113
47
145
123
55
151
131
59
149
129
49
145
128
43
147
131
41
153
138
43
162
149
48
175
163
59
166
157
51
165
158
49
178
171
62
196
193
83
186
184
74
180
180
71
180
180
72
186
187
79
180
183
75
181
191
70
175
189
64
166
180
59
195
209
94
204
217
110
201
212
114
187
196
107
159
165
85
134
137
67
101
102
41
84
81
26
78
73
20
68
59
6
57
44
1
77
61
9
94
76
14
92
72
7
148
126
53
144
119
45
159
134
57
189
163
80
233
209
97
228
206
91
229
206
87
231
207
83
234
209
79
234
208
69
231
206
60
232
206
54
236
208
52
242
215
53
243
215
51
239
210
46
237
208
45
238
209
48
236
206
49
231
200
47
233
202
52
235
203
57
229
197
54
204
173
32
191
152
35
195
154
47
206
167
60
182
140
38
163
121
23
163
123
26
166
126
33
163
123
34
150
111
27
139
101
18
130
92
10
126
87
6
139
101
20
140
101
21
137
99
17
137
99
15
141
101
17
140
100
13
143
103
15
152
112
24
160
119
31
158
112
27
166
121
34
168
124
34
177
135
41
194
155
56
216
179
72
226
191
78
237
204
85
244
212
88
242
210
82
246
216
82
250
220
81
251
221
78
250
219
74
246
212
65
243
207
59
242
206
56
243
205
55
243
203
53
241
200
50
238
200
45
239
202
47
241
204
50
239
202
49
232
195
45
230
194
47
228
193
48
226
192
51
221
189
52
218
186
55
213
182
57
200
170
52
162
134
24
139
111
9
138
111
16
132
105
17
123
97
14
148
123
47
142
117
45
119
94
28
98
74
11
99
76
6
88
64
0
99
74
8
104
79
12
103
78
11
94
68
3
106
80
16
113
86
24
114
87
27
108
81
22
55
46
7
54
45
5
56
47
5
59
50
7
65
56
12
68
58
11
68
58
10
70
60
10
77
66
15
88
77
24
90
78
24
93
81
26
95
82
27
91
77
22
76
61
8
72
56
3
74
57
5
82
64
11
87
68
18
84
65
14
88
69
17
95
75
24
103
83
31
94
75
23
82
65
13
76
60
7
75
59
6
77
62
10
81
66
14
88
74
21
91
77
24
88
74
21
72
57
4
75
59
5
83
66
12
92
75
20
95
76
21
92
72
16
90
69
14
87
65
10
82
60
6
70
54
13
77
60
21
78
61
22
75
58
19
64
47
8
57
39
0
58
41
2
59
42
3
58
41
3
53
35
0
56
38
1
57
40
3
59
41
5
61
42
7
61
43
8
60
41
6
59
40
5
58
39
4
58
39
5
59
40
6
58
39
4
57
38
4
57
39
4
58
39
4
59
40
5
60
41
6
62
43
8
64
46
9
66
48
11
68
50
13
72
54
17
79
61
23
76
59
20
76
59
20
78
61
22
80
63
24
79
62
22
75
58
18
74
57
17
74
58
17
75
60
18
74
62
18
75
64
22
71
59
20
73
62
26
98
86
53
94
82
55
79
66
43
69
56
37
65
51
37
59
45
35
54
37
31
55
37
33
59
40
37
64
44
42
73
52
50
78
56
54
82
58
56
84
58
55
83
56
52
80
54
49
76
56
50
73
57
50
73
55
48
87
65
57
104
77
68
116
84
74
125
90
78
130
93
78
117
81
62
98
65
42
84
56
27
80
55
22
92
72
33
127
108
63
130
110
60
125
103
50
126
104
46
118
90
30
126
96
32
126
93
28
120
86
22
120
93
35
126
99
39
133
106
44
139
113
47
144
119
48
145
120
43
146
122
38
148
125
36
151
129
36
155
136
37
167
150
46
165
150
43
166
153
43
174
163
51
202
193
81
187
180
68
186
180
68
189
185
73
190
187
75
197
195
83
196
199
88
199
206
96
204
211
104
182
188
90
126
130
47
106
109
36
100
101
36
98
98
38
104
102
53
95
90
50
83
76
42
70
61
30
55
43
14
56
44
14
64
50
15
72
55
16
76
57
15
88
68
19
79
58
9
84
62
11
100
77
20
132
109
31
160
138
51
185
161
69
202
178
79
212
187
80
222
195
78
230
204
77
236
209
74
238
210
68
235
207
58
235
206
53
235
205
50
232
202
47
229
199
46
233
201
50
233
201
54
235
202
59
237
204
65
240
205
70
225
193
58
190
152
35
183
142
34
193
154
46
174
133
28
158
118
16
155
115
17
154
114
19
150
110
19
144
106
19
134
97
12
135
98
14
140
102
19
135
98
15
133
95
12
137
100
16
143
106
20
149
111
23
145
105
16
147
107
17
155
115
24
165
124
34
172
128
44
179
136
49
181
138
48
189
149
54
205
166
67
220
186
77
223
192
77
232
202
81
239
209
83
237
209
78
243
215
77
245
217
75
245
217
72
245
214
67
241
209
60
242
207
58
244
208
58
245
207
58
245
205
56
243
201
52
243
204
54
243
205
55
243
205
56
239
202
55
232
196
51
230
195
52
231
197
57
233
201
65
226
194
62
210
178
52
200
170
50
184
155
41
137
109
5
134
105
5
132
104
10
125
98
10
119
93
9
178
151
72
169
143
68
135
110
39
116
91
22
148
123
49
94
69
2
106
81
11
112
87
16
111
84
16
102
75
9
106
78
13
109
81
17
114
86
23
120
91
31
54
46
6
54
46
7
57
48
7
61
52
8
64
55
11
68
58
10
70
60
11
74
64
14
81
70
18
90
79
24
89
78
22
89
77
21
88
75
19
83
68
12
74
59
3
73
56
2
76
58
5
81
63
10
85
66
15
85
65
14
88
68
15
94
73
18
99
79
24
91
74
19
85
69
13
82
67
13
82
68
14
79
66
13
75
63
9
75
64
10
76
66
11
76
65
11
67
56
2
71
60
6
77
65
11
82
69
15
78
64
10
76
61
8
80
64
11
84
68
14
86
69
16
74
58
16
78
62
21
79
63
21
75
59
18
66
49
10
58
41
2
57
40
1
57
40
1
57
40
1
53
35
0
56
38
2
58
40
3
59
41
5
61
43
6
62
43
8
61
42
7
60
41
6
60
41
6
60
42
7
62
43
8
60
41
6
58
39
4
58
39
4
58
39
4
59
40
4
60
42
5
61
43
6
62
44
7
63
45
8
64
46
9
65
47
10
67
49
12
68
51
12
74
57
18
80
63
24
85
68
29
86
69
30
81
64
25
78
61
22
76
59
20
76
60
21
76
64
27
84
72
37
88
75
42
95
82
51
112
99
72
102
89
66
70
56
38
58
43
29
60
45
36
59
44
36
48
32
26
56
38
34
65
45
42
68
48
43
59
40
34
63
43
36
72
50
42
80
58
47
76
52
41
57
33
22
49
28
20
45
27
20
46
27
20
58
32
26
70
40
34
88
54
46
109
72
63
132
94
82
124
88
72
99
65
46
85
55
31
85
58
30
84
62
26
102
82
39
123
103
55
133
112
59
116
94
36
118
90
27
124
93
28
129
96
29
131
96
30
129
96
41
129
96
40
131
98
39
134
101
38
137
107
38
146
116
41
151
122
41
153
125
39
153
127
35
152
128
30
153
131
27
169
149
41
183
165
55
190
174
62
200
186
73
186
175
61
195
185
71
209
199
85
207
198
84
201
194
79
201
196
98
201
197
110
198
193
110
151
146
72
89
82
19
74
67
14
76
68
24
77
69
33
83
75
51
85
76
58
89
79
65
90
79
68
61
50
39
71
59
45
58
45
28
54
41
19
75
61
34
61
47
14
64
50
13
65
50
10
63
47
5
63
40
0
78
55
5
105
81
20
136
111
41
168
144
63
198
172
78
208
180
76
217
188
74
227
197
74
239
208
76
243
211
75
246
213
74
242
208
67
232
198
56
239
204
65
240
203
68
229
193
61
216
180
51
208
171
45
186
150
26
179
140
25
176
137
26
173
134
25
155
115
9
153
113
11
152
113
13
148
109
13
139
101
7
139
102
13
136
99
13
143
106
21
151
114
30
141
104
20
138
101
16
142
105
20
148
111
25
154
116
28
157
117
28
158
119
28
160
121
29
164
125
33
175
135
47
183
144
53
186
147
54
196
158
60
211
176
73
222
189
79
219
189
72
224
196
72
229
203
72
229
203
67
233
206
66
234
208
63
236
209
60
236
208
59
236
205
55
240
206
54
243
208
56
246
209
57
247
207
56
243
204
52
236
197
52
234
196
53
237
199
57
242
206
65
236
200
61
230
194
58
228
193
60
232
198
68
228
196
68
208
178
55
207
177
60
199
169
57
144
116
9
152
123
23
138
110
17
126
99
10
123
96
10
161
134
54
170
142
65
150
123
47
145
119
44
193
169
93
120
96
20
142
118
44
141
116
43
120
95
23
108
82
13
113
85
19
107
79
14
111
83
18
133
105
41
49
41
1
53
46
4
55
48
5
56
48
5
55
46
2
58
51
3
66
58
8
73
63
12
77
66
14
75
63
9
72
61
5
72
61
4
75
62
6
79
64
8
83
67
11
86
68
14
88
69
16
91
70
18
90
69
17
87
66
15
88
67
13
90
70
13
93
73
16
89
70
13
88
72
16
91
77
21
96
83
27
92
81
24
77
67
13
71
63
8
68
62
7
70
64
11
56
50
0
57
52
0
63
56
3
70
61
8
73
62
10
77
66
14
82
69
17
83
70
18
81
67
16
75
59
17
76
60
18
76
60
18
76
61
18
75
59
17
67
51
11
61
44
5
57
40
1
55
38
0
57
40
1
57
39
2
58
40
3
59
41
4
60
42
5
61
43
6
60
42
6
60
41
6
61
42
7
63
44
9
65
46
11
62
43
7
59
41
4
59
41
4
60
42
5
61
43
6
61
43
6
61
43
6
62
44
7
62
44
7
63
45
7
64
46
9
65
47
10
65
47
10
69
51
14
75
58
20
81
64
25
85
68
29
86
69
30
87
70
31
89
72
33
91
75
36
86
73
41
97
83
54
79
66
38
64
51
25
76
61
39
71
56
38
97
83
69
96
81
71
72
56
49
37
21
15
44
28
23
49
31
26
52
33
27
54
35
28
56
35
27
60
38
27
63
40
27
64
41
25
60
38
20
54
31
11
46
25
13
45
24
17
53
29
23
62
33
28
60
28
22
64
28
22
73
35
29
97
58
49
111
74
60
102
68
51
92
61
40
83
57
30
77
55
20
75
55
14
106
86
39
127
106
53
103
81
23
108
80
16
112
80
15
120
85
18
127
92
26
124
87
35
134
96
42
140
103
46
144
109
47
146
111
45
145
110
36
146
113
32
148
116
30
150
119
27
151
122
24
163
136
33
177
153
46
190
168
58
200
180
68
211
193
78
205
190
74
209
194
78
216
202
86
222
209
93
234
221
105
209
193
113
155
137
77
82
65
9
63
48
1
98
83
44
112
96
66
103
87
66
63
47
35
65
50
47
75
61
64
72
58
65
59
46
54
58
46
52
72
60
61
57
46
41
40
31
20
34
27
8
31
24
0
33
27
0
38
31
0
46
36
3
64
40
18
56
32
5
56
31
1
65
39
1
83
56
4
119
90
23
143
113
31
159
128
36
171
138
36
180
146
33
188
153
33
216
179
55
233
195
68
239
200
72
252
212
86
237
197
74
207
167
47
182
141
24
177
135
22
174
131
20
183
142
30
179
140
28
164
126
15
147
108
0
155
116
12
156
117
15
150
111
14
138
100
6
142
105
15
141
105
16
141
105
18
143
106
21
149
112
27
155
118
33
150
114
27
146
109
21
144
107
17
162
123
31
170
132
38
166
128
34
159
121
28
160
123
31
173
137
43
182
147
49
196
163
61
216
184
76
226
197
82
220
194
71
223
200
69
228
206
69
228
206
64
226
204
55
230
207
56
234
210
56
236
210
55
238
209
51
239
208
51
242
209
52
245
209
53
246
208
52
243
205
49
243
204
61
231
193
54
214
177
39
209
171
35
216
179
45
220
185
53
227
194
65
238
205
79
229
198
75
198
168
49
197
168
53
199
171
61
176
148
42
197
169
71
190
163
69
181
155
65
173
146
60
149
120
39
138
111
31
119
92
14
119
92
16
166
143
65
145
122
44
182
158
82
168
143
68
118
93
19
104
79
7
117
90
22
112
85
19
112
84
20
127
99
35
49
41
1
58
51
9
63
56
13
62
56
11
57
49
2
65
58
9
81
73
23
91
82
31
93
82
30
78
66
12
75
62
6
74
60
4
76
62
6
80
65
9
88
72
16
93
73
20
95
75
22
96
75
23
98
77
25
101
79
27
100
79
23
99
77
19
98
78
20
91
72
15
93
75
18
97
82
24
102
90
32
94
85
28
78
71
15
69
64
9
66
62
7
67
63
10
57
54
1
59
55
3
62
58
7
65
61
10
63
57
7
68
60
10
71
62
13
71
63
13
69
60
10
69
53
11
67
51
9
72
56
14
80
64
22
92
76
34
87
71
29
72
56
15
61
44
5
56
39
1
62
45
6
57
40
1
57
39
1
58
40
3
59
41
4
60
41
5
60
41
5
60
42
5
61
42
7
63
44
9
65
46
11
64
45
9
63
45
8
63
45
9
64
46
9
64
46
9
64
46
9
64
46
9
64
46
9
63
45
9
63
45
8
64
46
9
66
48
11
65
47
9
66
48
11
70
52
15
74
56
19
77
59
22
77
60
22
80
63
24
83
65
27
86
69
31
89
75
47
104
90
64
99
86
62
88
74
52
76
62
43
82
66
53
124
109
98
124
109
101
88
72
66
38
22
16
45
26
21
45
26
20
44
26
18
45
26
17
49
30
16
52
32
15
53
32
13
53
32
9
53
32
6
55
33
6
52
30
15
50
27
20
50
25
19
62
33
25
67
33
27
67
29
23
65
25
20
72
30
23
88
49
37
93
58
42
89
59
38
79
52
26
80
57
25
76
56
16
103
82
36
127
106
53
125
101
43
121
93
29
127
95
29
130
96
28
133
98
30
137
96
47
143
102
50
146
106
51
147
108
49
147
108
44
149
111
39
155
119
41
162
126
43
167
133
43
168
136
39
173
143
40
193
166
59
212
186
77
223
199
86
204
182
67
217
197
82
223
204
89
220
202
87
202
187
71
164
148
40
122
100
36
98
72
35
97
71
37
124
99
72
133
108
90
130
107
98
120
97
97
98
76
84
104
85
100
106
88
107
102
87
107
95
81
101
86
73
90
78
67
77
53
45
47
35
30
24
38
33
19
59
56
31
53
52
21
45
45
10
38
34
4
41
15
16
50
23
20
56
29
17
61
34
13
67
38
7
89
58
14
115
82
24
134
99
28
148
111
27
153
116
20
177
138
32
210
170
59
227
187
72
229
188
72
242
199
85
226
182
70
192
148
38
164
121
14
168
122
18
176
130
29
177
135
25
172
133
20
163
125
14
153
114
6
160
121
16
159
120
18
154
115
18
148
110
14
158
121
29
152
116
26
159
123
36
168
131
45
146
109
24
150
113
27
160
124
37
167
130
42
165
128
38
165
126
34
168
130
37
167
130
35
166
128
32
167
133
35
182
148
49
193
161
58
209
180
72
229
202
89
235
210
89
222
200
71
221
200
64
222
202
60
221
201
54
219
198
46
225
204
49
232
210
52
237
214
53
239
213
52
240
211
50
242
211
50
244
211
51
245
211
52
246
209
51
251
214
73
234
196
62
207
168
35
193
155
24
197
160
31
198
163
34
205
170
44
217
185
61
222
191
70
200
170
54
189
160
49
190
161
53
204
176
72
193
166
67
197
170
77
200
172
83
196
168
81
160
131
47
139
110
29
133
103
24
130
101
22
126
101
22
154
128
50
167
141
64
145
119
43
106
79
5
118
90
18
114
85
16
119
91
23
121
92
25
114
83
18
54
49
2
68
63
13
75
69
18
77
70
17
74
65
10
86
76
21
100
89
32
108
96
39
108
93
36
96
80
21
92
75
16
87
70
11
83
66
8
82
65
8
88
71
14
89
72
17
89
71
18
87
70
18
91
75
24
99
83
33
101
84
32
101
83
29
98
82
27
93
79
21
95
83
24
98
89
28
101
96
33
94
93
30
80
81
19
72
74
14
66
67
10
59
60
7
63
62
11
63
60
13
62
57
12
60
53
9
57
49
6
57
46
2
59
47
3
63
50
7
68
55
11
64
51
9
66
52
10
70
57
14
77
64
22
89
74
32
89
74
33
77
62
21
65
50
10
57
42
2
60
45
5
56
40
1
56
40
1
56
40
1
58
41
2
58
42
3
59
42
3
60
42
3
60
43
4
62
44
6
63
45
7
63
45
7
64
46
9
68
49
12
70
51
14
67
49
12
65
47
10
64
46
9
65
47
10
65
47
10
62
45
8
61
44
7
61
43
7
62
45
9
65
49
12
68
52
15
69
54
17
68
53
16
66
50
14
67
52
15
69
55
18
72
58
22
69
55
29
99
85
62
119
105
83
123
108
90
100
85
71
106
90
81
115
100
93
104
89
84
77
62
56
39
24
17
34
19
10
39
24
13
44
29
15
45
30
12
47
30
10
46
28
6
47
28
5
50
30
5
52
32
7
50
28
4
50
33
8
49
35
10
47
31
7
57
38
18
73
50
33
74
48
34
68
39
29
63
32
22
69
38
26
71
42
28
72
45
25
72
47
21
85
63
28
90
68
26
105
84
33
128
105
49
158
133
71
139
111
43
138
107
36
141
108
36
146
111
40
147
108
48
144
105
43
142
105
37
143
107
34
146
112
33
154
123
33
163
134
38
175
146
45
186
159
53
196
171
61
202
179
68
195
173
63
196
175
68
211
190
87
223
202
105
229
208
118
201
180
95
159
139
59
125
105
30
103
82
25
123
101
71
139
117
103
147
124
113
153
130
124
146
123
124
144
122
128
139
118
130
126
106
123
114
95
117
95
77
100
80
64
87
72
59
79
82
69
85
95
83
94
71
62
65
49
41
37
45
38
25
64
58
37
68
63
36
59
55
24
46
41
11
50
34
29
43
26
18
45
27
14
47
27
8
48
26
0
58
33
1
69
41
0
96
66
9
130
99
24
160
128
41
173
138
40
187
152
47
188
151
41
177
139
26
198
157
43
204
162
51
188
146
38
173
130
25
173
128
26
178
132
32
171
126
27
167
123
24
165
122
23
162
120
21
165
122
25
163
120
25
160
118
25
158
118
25
169
130
38
166
128
37
177
139
48
186
149
58
157
120
29
155
119
27
177
142
49
192
158
63
192
158
62
162
127
30
162
127
28
169
135
34
177
144
42
179
147
45
189
158
54
197
167
59
211
183
70
231
203
85
234
209
84
219
196
64
216
194
58
216
195
55
215
195
51
215
194
47
222
199
51
229
205
55
235
210
59
239
213
59
240
214
57
241
214
55
241
213
53
241
213
50
238
210
47
243
211
63
234
201
60
221
187
48
215
181
45
193
160
27
184
152
22
183
150
25
187
156
34
198
167
52
202
172
62
191
162
56
184
155
53
205
178
79
206
178
84
201
174
82
197
169
80
191
164
77
167
140
53
137
110
25
127
100
15
124
96
13
122
93
15
141
112
34
136
107
32
122
93
20
107
78
8
123
94
23
114
84
17
120
91
24
122
93
28
111
82
19
71
68
9
86
83
21
95
89
26
98
89
26
94
83
19
102
87
23
107
90
25
109
90
24
106
85
19
104
81
15
104
80
15
98
75
11
90
69
6
87
66
7
90
72
14
87
72
15
82
69
14
76
65
12
76
66
15
83
75
23
89
78
28
93
79
30
92
80
28
93
85
27
96
92
29
99
98
31
100
103
33
97
103
31
91
98
28
86
92
26
80
84
24
71
73
19
73
72
25
65
61
19
60
52
14
58
46
11
62
48
13
59
44
7
59
42
4
62
44
6
70
52
14
60
51
8
65
56
13
66
57
14
68
58
15
73
61
18
82
70
28
79
67
25
71
59
17
61
49
7
58
45
3
56
43
2
56
42
1
57
43
1
57
43
1
59
43
1
60
44
2
60
45
2
60
45
2
60
45
2
60
45
2
62
45
5
66
46
9
69
51
13
73
54
16
71
52
15
69
51
13
67
50
12
67
49
11
65
49
11
63
48
10
63
48
10
64
50
12
69
56
18
71
58
20
70
58
20
68
57
19
68
57
19
71
61
22
72
63
25
72
63
26
73
63
27
82
69
43
82
68
45
86
72
53
95
80
65
110
92
84
134
117
114
150
134
133
139
124
123
103
88
85
29
15
12
25
13
2
35
24
7
44
33
11
46
34
9
44
32
6
41
28
3
48
32
8
58
41
16
62
44
21
46
25
5
49
39
3
51
48
2
47
43
0
44
37
3
49
40
11
50
37
15
49
33
16
49
31
18
60
40
26
59
39
22
62
41
18
69
48
18
83
61
20
82
58
12
106
81
26
142
117
53
186
159
89
142
113
39
140
109
34
141
109
33
143
110
33
141
106
32
136
103
26
137
106
23
142
112
22
149
122
25
151
128
20
153
132
17
162
143
23
177
160
37
197
182
59
195
181
64
202
188
79
205
191
92
201
185
99
157
139
71
133
113
60
107
86
46
87
65
36
89
65
48
102
79
66
104
87
87
113
98
105
126
111
120
121
105
118
111
95
110
101
85
102
92
77
96
86
71
93
93
79
101
86
71
93
85
70
91
85
71
89
59
44
57
76
62
69
97
83
85
119
106
102
139
126
117
104
91
74
83
70
51
72
59
37
63
53
28
44
41
17
45
40
16
46
39
13
45
36
8
44
33
2
67
50
12
66
47
3
85
64
9
116
93
24
154
129
49
196
170
76
207
179
76
206
176
66
197
165
51
194
159
42
197
160
46
189
150
39
179
138
30
174
129
25
172
126
25
170
121
32
168
119
35
167
119
34
166
120
34
166
120
34
164
118
30
162
117
28
161
117
26
167
127
32
175
135
39
182
144
47
190
154
55
199
163
62
193
159
57
197
166
61
199
169
63
196
167
60
174
144
37
175
147
38
180
152
43
185
157
48
187
155
49
188
157
48
189
159
46
199
170
52
216
188
65
222
196
66
211
186
53
213
188
53
218
193
57
222
196
60
217
191
56
221
193
59
225
196
62
229
201
65
235
208
68
239
214
67
240
216
64
238
215
59
234
213
52
230
210
45
234
210
52
237
210
58
238
211
61
234
207
63
188
160
21
185
156
24
188
159
33
188
159
39
178
149
38
184
154
49
173
143
42
161
130
34
166
136
44
190
162
72
181
153
64
175
148
59
177
150
61
182
156
66
156
129
40
138
113
22
127
100
12
123
89
13
125
90
16
121
88
14
116
83
12
111
78
10
109
76
10
111
81
16
113
84
20
114
86
22
112
84
23
82
74
11
97
88
26
105
95
32
106
94
31
101
86
21
105
87
20
107
88
21
108
86
19
106
81
15
105
79
12
108
82
15
107
81
16
105
80
15
102
78
15
98
77
16
94
76
15
91
74
15
87
72
14
83
70
14
82
71
15
87
74
22
92
78
28
96
84
30
102
93
33
104
98
33
105
102
32
105
104
31
106
107
30
109
111
36
112
113
41
112
111
45
106
104
44
86
80
28
76
68
21
72
61
18
71
57
17
67
52
14
63
46
8
63
46
7
65
48
8
67
50
9
60
48
6
62
51
8
61
50
8
62
50
8
68
56
14
83
71
29
83
71
29
78
66
24
70
56
14
65
51
9
62
48
6
61
47
5
61
47
5
61
46
4
61
45
3
61
45
3
61
45
3
62
46
4
62
46
4
63
47
5
68
51
9
70
52
10
66
48
7
68
51
9
75
58
16
78
62
20
78
61
20
72
55
13
69
55
12
72
58
15
71
59
16
67
56
13
69
57
14
68
57
14
67
57
14
67
58
15
70
61
18
76
66
24
76
68
25
75
68
25
76
68
27
101
87
63
61
47
26
50
35
18
69
52
41
131
112
107
159
141
140
164
147
148
147
131
132
115
99
99
80
66
63
86
73
64
63
52
37
43
31
12
37
25
3
51
38
13
49
35
10
48
32
8
49
31
8
55
36
14
48
27
7
45
32
3
44
36
1
44
35
1
53
42
14
46
32
8
48
31
11
50
32
16
46
27
11
59
36
17
55
33
10
64
43
12
84
62
23
81
59
9
84
60
2
137
112
48
189
163
92
199
170
96
149
118
41
154
122
44
149
115
37
136
101
23
136
100
29
134
99
26
137
104
26
143
111
28
150
121
31
150
123
25
146
122
19
149
127
21
157
137
30
171
152
45
176
159
58
206
189
96
211
195
111
180
163
91
101
82
27
80
61
19
76
57
27
81
60
41
84
62
52
101
79
74
86
69
73
92
78
87
117
103
113
96
83
95
82
69
84
87
74
92
93
81
101
90
76
98
93
79
103
107
94
116
114
101
122
107
94
113
62
48
62
59
46
54
97
83
87
157
144
143
234
222
215
155
143
130
96
84
67
67
56
36
58
48
26
46
41
20
66
60
39
55
46
23
42
31
8
38
26
1
67
48
12
65
45
3
76
55
2
108
84
20
185
159
82
212
185
95
217
189
88
222
192
84
226
195
82
202
168
53
206
170
55
200
161
49
193
151
43
193
148
43
185
140
37
178
132
37
173
128
36
172
127
34
171
127
33
170
127
32
167
124
29
164
122
26
164
122
25
170
132
32
178
140
39
188
151
48
200
166
60
221
189
81
207
176
67
194
165
54
188
160
47
191
163
50
198
172
56
201
176
60
195
170
53
187
161
46
191
159
52
191
161
51
190
161
47
198
170
50
213
185
60
217
192
60
207
183
48
209
185
49
215
190
54
218
192
56
214
187
53
217
188
54
220
191
57
224
195
59
229
202
62
235
210
64
238
213
63
239
215
61
238
216
57
236
215
52
236
211
56
239
212
61
243
216
66
247
218
73
209
180
41
204
176
41
202
172
42
194
164
40
180
150
33
178
148
37
169
139
33
162
132
30
168
138
39
156
126
32
162
134
41
167
140
48
169
142
51
182
155
65
159
132
43
138
110
23
127
98
13
139
104
28
134
99
25
127
93
19
118
85
14
110
77
9
106
74
8
109
78
13
111
82
18
113
85
22
113
85
24
84
69
6
98
83
18
105
88
23
105
87
22
100
79
13
108
85
17
114
90
21
119
92
22
120
90
20
119
89
19
121
90
19
123
92
22
125
95
25
124
96
27
117
91
24
113
89
23
111
90
23
110
91
25
105
88
23
99
82
18
95
79
21
94
80
27
100
86
30
107
95
32
109
99
30
110
102
27
110
104
25
113
108
25
122
117
35
129
123
44
133
125
51
131
122
53
92
79
21
82
67
14
80
64
16
81
65
20
72
56
13
66
50
8
68
52
10
69
53
10
67
51
8
61
49
9
63
51
11
62
50
9
61
49
8
64
52
12
77
65
25
78
64
24
74
59
20
66
51
12
63
48
9
65
50
11
65
50
10
65
48
9
64
47
7
62
45
6
61
44
5
62
44
5
63
44
6
65
46
7
66
47
8
68
52
9
69
54
7
65
50
3
67
52
5
74
60
13
80
66
18
83
69
22
79
66
19
78
66
17
80
68
19
81
71
21
81
72
23
77
68
19
81
72
23
87
78
29
91
83
34
90
83
33
84
77
28
89
82
33
99
92
43
113
105
58
131
117
95
95
80
61
71
55
40
73
56
46
126
107
103
123
105
107
121
104
107
120
103
107
126
110
113
180
165
162
197
184
176
125
112
99
53
40
26
21
7
0
43
29
6
53
37
14
53
36
13
49
31
8
56
37
16
58
37
18
52
35
11
47
33
7
47
31
7
56
38
16
48
27
8
48
26
8
52
29
11
53
29
8
63
39
11
77
53
17
83
60
15
84
60
7
96
73
9
133
109
36
185
160
83
216
189
108
188
158
76
161
130
47
145
111
29
137
102
21
136
99
21
135
97
31
134
97
29
138
102
31
143
109
35
149
117
40
150
120
37
147
119
33
148
122
37
153
129
45
163
141
59
176
157
80
160
141
72
131
113
53
95
78
27
107
88
52
115
97
73
120
102
87
121
103
96
112
94
93
144
126
131
129
116
125
120
110
121
120
110
122
98
88
101
98
87
103
106
95
114
114
103
124
114
104
127
108
98
121
94
82
105
82
70
93
76
64
85
88
76
92
100
89
99
134
123
129
180
169
170
236
224
222
159
148
139
107
95
83
85
73
58
78
67
50
53
46
29
75
68
49
62
53
33
49
38
16
45
31
8
53
34
3
56
36
1
69
46
0
105
82
22
203
178
105
221
194
108
208
180
84
207
179
74
220
190
78
195
161
47
205
169
55
194
157
44
185
146
35
195
152
46
203
158
53
190
147
46
184
142
41
182
141
39
181
139
37
179
138
34
175
136
31
173
134
28
172
134
27
178
143
34
185
151
40
195
163
50
208
177
63
225
196
79
214
187
68
208
182
62
206
181
60
209
184
61
207
184
60
210
188
64
207
185
60
201
177
55
195
165
55
199
169
57
200
172
55
209
182
59
223
196
68
226
201
68
214
190
54
213
189
52
215
191
53
214
188
52
214
187
53
217
188
54
219
190
56
223
194
59
228
200
62
233
207
63
236
211
63
238
214
62
238
215
59
237
215
55
244
216
65
241
211
63
234
205
57
241
212
67
234
206
65
233
204
65
220
191
55
193
163
31
181
151
25
186
157
35
172
143
26
162
133
20
188
159
51
168
139
36
174
144
45
175
146
50
171
141
48
172
142
53
169
139
51
147
117
31
135
103
20
157
121
45
147
112
38
137
102
29
127
92
21
117
82
15
111
77
11
109
79
13
110
81
16
111
83
19
111
83
22
101
81
14
111
89
23
113
90
23
109
84
16
102
75
7
112
82
13
122
90
19
127
94
22
126
92
19
125
90
15
127
90
15
130
94
19
134
99
24
135
102
26
131
99
23
130
99
24
130
102
27
132
107
32
131
105
32
124
100
26
117
96
32
113
95
40
115
99
40
121
105
37
124
108
34
126
111
31
128
113
29
134
118
28
139
122
32
143
125
37
145
126
42
147
126
48
107
84
17
98
75
13
95
73
17
95
74
22
85
65
17
75
58
11
74
58
12
73
58
11
70
55
9
59
46
7
64
51
11
64
51
11
62
49
10
63
48
9
68
53
14
66
51
12
63
47
8
60
44
5
66
49
10
67
50
11
67
50
11
66
49
10
64
47
8
63
44
6
63
44
6
63
44
6
63
44
6
65
46
8
66
47
9
67
50
6
68
54
5
72
59
9
74
61
8
74
61
9
77
64
12
83
70
19
91
81
28
94
83
31
91
80
27
86
77
22
80
73
18
85
78
22
87
80
24
87
81
24
88
82
24
92
88
30
102
97
39
106
102
44
109
105
46
109
104
49
110
95
76
75
59
43
59
42
30
65
47
40
107
87
86
97
77
83
130
111
119
150
131
140
155
137
144
151
134
137
138
122
121
94
79
72
62
48
35
66
51
34
50
36
15
51
35
14
54
36
16
60
41
21
73
53
35
65
42
26
62
39
22
57
34
16
47
25
7
46
22
6
49
24
4
56
31
7
65
39
10
73
46
9
59
33
1
78
53
2
88
64
2
94
70
5
165
141
56
186
160
69
207
179
86
210
180
88
174
143
51
166
131
44
145
107
24
138
99
19
143
103
26
136
98
32
134
96
31
135
97
32
137
100
34
140
105
38
141
107
42
140
109
46
144
115
54
151
123
66
160
134
81
150
127
81
118
96
58
92
72
40
81
62
39
117
100
87
113
97
91
121
106
107
135
121
128
148
135
147
161
149
164
133
124
136
124
117
128
135
129
141
125
119
134
116
109
126
108
101
120
99
92
114
87
80
103
91
82
109
89
81
107
87
78
103
86
76
99
92
81
101
79
68
83
113
103
114
152
142
148
177
166
168
160
149
146
123
112
105
96
85
77
81
69
59
77
70
55
65
56
42
61
50
35
63
49
33
69
54
35
55
35
11
60
38
6
64
40
2
80
54
9
133
107
43
188
162
81
194
167
75
201
173
72
211
182
74
186
154
41
204
169
55
196
160
46
189
151
37
199
159
47
197
156
46
193
153
43
190
151
41
189
150
40
188
150
38
186
149
36
183
146
32
179
144
29
176
143
26
184
152
32
190
159
39
197
168
47
208
180
58
232
206
81
232
209
83
234
212
83
232
211
81
226
206
75
206
186
55
203
183
51
199
180
48
197
176
47
197
167
53
202
174
56
201
174
52
206
181
54
218
192
62
221
197
61
210
187
49
211
188
49
213
189
51
212
186
49
212
185
51
215
186
54
219
189
58
223
194
62
230
201
66
236
208
69
239
213
69
241
215
66
240
216
63
239
215
60
245
216
68
242
211
66
236
205
60
242
211
67
245
215
71
246
216
72
235
206
62
211
183
41
209
182
42
203
175
41
183
155
26
173
145
20
208
179
60
191
163
50
177
147
40
170
138
37
168
136
41
159
126
37
178
144
60
157
122
41
137
101
23
150
114
38
142
105
31
132
96
23
123
88
17
116
81
14
111
77
11
109
76
11
107
75
11
105
74
12
104
75
14
102
74
7
114
85
17
118
88
20
116
85
15
109
77
5
117
82
9
125
88
14
130
91
16
130
90
14
130
90
11
130
90
10
133
92
12
135
95
15
136
97
16
134
96
14
134
98
16
135
101
19
138
106
23
140
109
25
138
107
23
135
109
39
134
113
54
137
116
54
144
123
51
148
127
48
150
129
44
152
130
40
154
130
34
154
127
32
153
125
32
150
121
31
142
112
27
122
91
17
113
83
15
106
78
16
101
76
19
93
70
17
78
60
9
71
55
5
67
53
3
67
53
3
62
48
8
67
52
12
67
52
12
65
50
10
62
46
7
66
50
10
65
49
9
64
48
8
63
47
7
71
53
14
68
51
11
67
49
10
67
48
10
67
48
9
66
47
8
66
47
8
67
47
8
67
47
9
69
48
9
69
49
10
68
51
7
69
55
6
74
61
10
75
62
11
74
60
9
76
62
11
81
69
17
93
82
29
100
89
35
99
89
34
97
88
32
98
89
32
111
103
46
108
101
43
100
93
34
94
87
28
103
97
37
129
123
62
130
124
63
120
114
52
107
100
42
152
136
119
109
93
79
72
54
44
54
35
31
79
58
61
94
73
81
98
78
89
104
84
96
117
98
109
171
152
160
138
122
123
81
65
61
44
28
20
51
35
23
48
32
17
61
43
26
57
38
21
48
27
11
57
36
21
79
56
41
84
60
43
86
62
41
86
63
41
100
75
50
77
51
22
74
48
12
79
52
9
78
52
2
80
53
0
111
85
12
132
107
18
146
121
23
232
206
100
205
178
69
207
178
70
207
176
71
182
149
49
164
127
35
162
123
38
160
118
37
154
111
35
139
102
33
137
99
32
135
98
34
135
99
36
136
100
41
135
101
47
135
102
54
138
106
64
142
113
76
148
120
90
134
108
87
114
90
76
105
84
76
114
96
93
130
116
120
112
100
109
110
100
112
117
109
125
131
125
143
123
116
137
124
120
135
136
133
147
154
150
166
122
119
136
99
96
115
95
91
113
94
89
113
84
81
106
100
94
121
126
120
146
120
113
138
96
89
112
117
109
130
90
81
98
99
90
103
104
95
104
90
80
85
105
94
95
111
99
97
110
99
95
109
97
91
116
107
95
69
57
46
60
46
35
58
43
30
57
40
25
52
30
11
60
36
10
60
35
5
61
36
0
78
52
0
131
106
32
182
156
70
209
182
86
210
181
76
182
153
40
200
168
54
199
165
49
195
161
44
201
165
49
178
139
25
185
148
32
189
153
36
188
153
36
189
154
36
188
154
35
185
151
32
181
148
28
178
147
25
184
154
30
189
161
36
186
159
33
187
162
35
228
204
75
237
214
84
232
211
79
224
204
71
215
196
62
202
184
49
198
181
45
189
172
36
183
165
32
195
167
49
197
170
49
192
166
42
193
168
39
200
176
42
203
180
41
199
176
35
204
181
41
210
187
47
212
186
48
212
185
51
215
186
55
219
189
58
223
193
62
230
201
68
236
207
71
240
212
72
242
216
71
243
218
68
242
218
65
241
211
66
244
212
70
249
217
74
251
220
75
240
209
62
240
211
62
240
212
63
238
210
60
243
216
68
209
181
37
198
170
29
203
174
38
223
194
65
202
172
52
180
148
36
168
135
31
166
132
36
159
125
36
180
144
61
164
127
48
144
107
30
143
106
30
133
96
22
126
90
17
121
85
14
118
83
15
116
82
16
111
79
14
108
77
13
106
75
13
104
75
14
104
71
1
123
90
18
134
99
28
136
101
28
128
91
18
129
89
15
131
90
14
133
90
13
135
91
11
138
93
12
142
97
14
143
97
14
142
97
12
140
96
10
140
97
10
140
99
10
141
101
11
142
104
13
145
108
17
147
111
19
139
108
32
133
107
44
140
113
48
150
123
48
154
127
45
156
127
38
154
125
30
151
119
20
148
114
15
146
110
14
142
105
12
133
96
9
134
98
21
126
92
20
117
85
19
109
79
18
104
78
21
87
65
11
74
57
4
68
54
1
70
58
3
74
59
17
75
60
18
72
57
15
67
51
10
64
48
6
71
54
12
70
54
12
69
52
10
67
50
8
72
54
13
69
51
10
69
50
9
69
50
9
70
51
10
71
51
10
72
51
10
72
52
10
73
52
11
73
52
11
73
52
11
70
53
9
68
53
7
68
52
7
69
54
6
71
57
9
74
60
12
78
65
14
84
71
20
95
82
30
102
90
37
105
94
40
105
95
39
114
104
46
116
106
48
112
103
44
107
98
39
103
94
34
105
97
35
107
99
36
107
99
36
108
99
40
132
116
98
152
135
120
132
115
105
99
80
76
64
43
46
91
70
80
120
99
112
141
120
134
157
137
150
183
164
175
141
123
129
114
96
97
104
86
83
117
100
91
52
35
23
52
33
20
50
30
17
51
29
16
62
40
29
77
52
42
77
54
32
86
64
34
111
89
58
175
151
112
125
101
56
127
102
48
143
117
55
133
107
41
154
129
40
182
157
54
196
172
59
200
177
55
239
215
88
218
191
65
216
186
65
210
178
64
184
148
44
161
121
30
157
114
31
157
111
35
155
110
38
134
99
25
134
98
27
134
99
31
134
99
37
135
100
45
132
98
52
130
97
59
129
98
68
129
99
79
129
102
90
126
101
98
114
93
95
110
93
99
119
104
115
124
113
129
126
120
137
120
116
135
113
112
132
119
119
139
115
116
138
132
132
150
140
140
156
136
136
153
117
117
136
116
116
136
117
116
139
117
115
140
115
113
139
119
116
144
111
107
134
101
97
123
94
89
115
103
96
118
77
70
88
96
88
103
116
107
119
117
107
116
87
76
80
90
78
80
97
85
85
107
95
92
115
104
94
72
59
50
69
54
45
63
46
37
47
28
19
55
32
19
56
32
12
56
31
5
58
33
1
75
49
3
107
82
14
184
158
78
220
193
103
209
182
81
198
171
60
214
185
69
209
179
60
204
172
52
213
179
60
199
163
45
192
157
39
189
154
36
189
155
37
191
157
38
191
158
39
188
155
36
184
153
32
181
151
29
184
156
32
190
162
38
192
166
41
200
176
48
236
214
85
242
220
91
236
216
85
228
208
76
218
199
66
204
188
53
202
186
51
196
180
45
191
172
40
193
166
46
197
171
46
191
167
39
193
168
37
200
176
40
203
180
40
200
178
36
206
183
42
212
188
49
212
186
48
219
192
58
220
190
60
221
190
61
223
192
63
227
197
66
232
203
69
236
208
70
239
211
69
241
215
68
242
216
67
242
211
69
245
213
73
249
216
75
247
216
71
237
207
58
239
210
59
242
214
60
244
216
60
253
226
70
208
180
27
207
180
30
225
198
53
238
209
73
218
186
60
204
171
55
186
152
45
166
131
33
157
120
32
164
126
45
162
123
47
156
116
42
147
108
33
135
97
23
128
90
18
124
86
16
122
85
17
118
84
18
112
79
14
108
75
11
104
73
11
102
72
11
117
81
8
137
100
27
148
110
37
152
113
39
147
108
33
138
97
21
132
89
12
131
87
8
137
91
9
138
91
9
147
100
15
150
103
17
151
103
15
145
99
9
142
96
5
145
101
8
148
105
11
150
108
12
148
107
10
149
108
10
139
103
22
130
99
32
132
101
31
137
104
27
139
106
21
139
104
15
137
101
9
133
96
4
137
97
1
141
100
5
142
100
8
136
93
8
137
97
20
137
98
27
127
91
24
114
81
19
112
85
25
91
70
10
83
65
6
77
62
3
72
59
3
78
62
19
76
60
17
72
56
13
69
52
10
68
52
9
74
57
14
75
57
15
74
56
14
72
53
11
71
52
10
71
52
10
71
52
10
71
52
10
73
51
10
73
52
10
75
53
11
76
54
13
78
56
14
78
56
14
77
55
13
73
53
12
69
51
11
68
50
10
70
53
9
72
55
12
73
57
13
74
58
13
78
63
16
91
76
28
103
87
38
111
96
45
116
101
49
118
104
50
122
108
52
124
111
53
124
111
52
116
103
44
99
87
26
99
87
25
108
96
34
121
109
50
115
101
80
171
155
138
156
139
126
114
96
90
69
48
51
100
78
88
138
116
130
155
134
150
149
127
144
101
80
95
90
71
80
140
121
126
192
173
173
221
203
198
106
88
79
59
39
30
42
21
12
48
25
16
58
35
27
75
50
43
85
64
36
89
71
29
92
73
30
193
173
119
190
169
106
197
176
103
206
184
100
203
180
82
220
196
82
224
201
76
224
201
68
222
199
59
227
202
59
228
201
63
215
184
54
195
162
41
177
140
32
161
119
30
154
108
30
151
103
33
149
102
35
129
96
16
131
98
22
132
99
28
131
98
34
129
95
40
124
92
50
122
91
59
121
92
70
120
93
81
118
93
91
123
102
108
124
106
118
127
112
128
131
120
139
133
128
149
127
125
147
122
123
145
116
119
142
108
114
136
114
122
142
140
144
164
143
144
164
122
124
144
120
122
144
149
150
174
149
150
175
130
131
157
93
94
121
112
112
140
102
100
128
96
93
120
95
91
117
90
86
108
77
71
90
92
84
100
108
99
111
114
105
115
72
62
68
69
58
62
83
71
73
100
88
87
94
82
71
75
61
52
70
54
46
64
45
38
52
33
26
55
32
23
54
29
14
54
29
7
58
34
3
72
46
2
89
63
3
182
157
83
227
202
115
214
189
91
206
180
70
229
203
86
228
199
80
221
191
70
222
190
67
218
186
63
199
164
46
195
160
45
204
169
54
205
172
55
197
164
46
192
159
41
189
157
39
187
157
37
186
158
37
188
161
39
197
171
48
214
189
65
244
220
94
244
222
96
235
214
86
226
206
77
220
202
73
211
193
62
203
185
54
197
180
49
193
175
45
194
168
45
202
177
51
202
178
48
201
178
44
201
177
39
199
176
35
203
181
39
212
189
48
219
196
55
223
197
59
230
203
69
226
197
66
223
191
63
220
188
61
223
192
63
228
199
66
232
203
66
236
208
67
240
213
68
243
218
69
243
213
72
246
214
75
248
217
75
243
213
68
237
207
59
242
213
60
247
218
62
247
219
60
239
211
52
212
183
26
224
196
43
247
218
71
244
214
74
233
201
73
229
195
77
213
177
69
183
147
48
149
111
23
142
103
23
149
109
33
154
114
40
147
108
33
133
94
20
123
85
12
119
81
11
118
81
13
117
82
16
111
76
12
107
73
10
105
73
10
105
74
13
114
78
3
132
96
20
143
106
30
148
110
33
150
111
34
139
98
20
131
89
10
130
86
7
138
92
11
137
90
8
143
96
11
149
102
15
153
105
17
152
105
14
151
104
10
153
108
12
152
108
11
149
105
7
148
104
4
156
113
12
149
108
24
139
100
29
130
92
17
123
84
5
126
87
3
130
91
2
136
95
4
139
97
5
140
97
5
141
96
7
140
95
11
137
92
13
131
88
16
135
94
27
128
89
26
116
82
21
117
88
27
94
71
10
89
70
7
84
67
4
75
60
0
73
57
12
71
54
9
69
53
8
69
52
7
72
53
9
76
57
13
77
59
14
77
59
14
76
57
12
74
53
9
76
56
11
78
57
13
79
58
13
79
58
13
78
55
11
77
54
10
77
54
10
77
54
10
78
55
11
78
56
11
79
57
17
79
58
21
77
56
20
78
58
19
80
59
20
81
60
20
82
61
19
82
62
19
88
68
23
93
73
26
99
80
31
106
87
36
110
93
40
109
92
37
109
91
35
109
91
34
110
93
34
105
88
28
108
92
30
117
101
38
130
114
54
134
121
95
120
106
84
117
102
86
109
92
83
82
62
62
73
52
60
102
80
93
112
91
107
113
91
109
146
125
140
175
155
167
187
167
175
186
166
170
173
152
153
63
43
40
47
26
20
57
34
28
74
49
44
54
29
25
52
25
22
64
46
15
79
66
15
92
79
24
101
85
24
187
170
95
208
189
103
203
184
85
214
195
82
216
194
66
230
208
70
236
213
67
232
208
56
234
208
56
237
208
63
210
180
44
182
148
25
170
132
24
159
115
29
154
108
33
148
100
35
141
94
32
133
101
17
133
101
22
132
101
28
130
99
33
126
95
38
119
90
49
120
92
62
123
96
76
126
100
92
127
106
108
136
118
128
133
119
135
132
121
142
135
128
152
143
141
166
124
126
151
112
117
141
106
113
136
106
116
138
135
148
168
144
150
172
139
141
166
124
128
152
125
128
153
144
146
173
134
137
165
117
119
147
101
104
132
123
124
152
110
110
137
104
102
128
102
99
123
82
80
100
69
64
82
77
69
84
89
80
92
102
93
103
91
79
85
79
67
70
76
63
65
77
64
64
73
60
46
64
49
38
58
42
32
54
36
28
53
34
27
52
30
24
52
28
17
53
29
10
56
31
4
62
37
0
79
56
0
179
156
86
237
214
130
239
217
120
205
182
72
220
196
79
219
193
72
214
187
63
214
186
59
213
183
55
215
182
64
223
189
76
233
198
85
228
194
81
212
178
64
203
170
55
198
166
51
196
165
49
192
164
46
195
167
49
203
176
57
216
191
71
243
219
98
242
219
97
228
206
83
218
197
74
216
196
72
212
194
68
202
184
58
197
179
53
194
175
49
199
173
49
204
180
54
206
182
52
206
183
48
205
182
43
212
190
48
226
204
62
236
213
71
242
219
78
244
218
80
227
200
66
222
192
62
218
187
59
216
185
57
223
192
63
230
201
68
235
206
69
239
210
70
241
214
70
244
219
70
241
212
71
244
215
75
248
219
77
242
213
68
237
207
59
244
214
62
250
221
66
252
223
65
235
206
47
222
192
36
234
203
51
248
216
69
236
203
64
242
208
80
247
215
97
239
205
98
215
177
79
154
116
28
134
96
16
139
99
23
147
106
32
143
103
28
127
87
13
118
79
6
115
76
5
115
77
9
114
79
13
110
75
11
107
74
10
107
74
12
107
76
15
107
71
0
126
90
14
137
101
23
144
107
29
151
113
35
143
104
25
135
95
16
135
93
13
141
98
17
139
94
11
140
94
10
143
96
11
146
99
12
148
103
12
155
109
14
158
112
16
154
109
12
146
101
3
146
100
0
159
113
12
153
108
20
143
97
20
133
86
9
125
78
0
128
83
0
134
90
3
141
97
8
145
100
12
139
95
11
134
89
11
133
88
15
140
94
25
131
87
25
134
93
33
131
93
35
126
93
33
128
99
38
108
83
19
99
77
11
91
71
5
81
64
0
72
55
6
71
54
5
71
54
5
72
55
7
75
58
10
80
63
14
83
65
17
84
65
17
83
63
15
80
60
12
77
57
9
80
59
11
83
61
14
85
63
16
84
61
14
80
58
10
78
56
8
77
55
7
81
58
11
87
64
16
90
66
25
90
64
28
84
59
23
81
55
18
85
60
21
89
65
24
93
69
27
93
70
25
91
69
23
92
69
21
92
69
19
91
69
17
101
82
25
99
80
22
97
77
17
97
76
15
105
84
23
117
97
33
124
105
39
131
112
46
138
119
56
142
131
98
118
106
77
150
137
115
162
147
133
88
69
64
48
28
33
87
67
78
106
86
100
116
94
112
184
162
179
177
157
171
141
120
130
108
87
94
96
75
78
80
59
57
93
71
70
83
58
58
59
33
32
41
15
14
57
29
31
53
37
13
73
64
18
123
112
54
72
58
0
175
161
85
206
190
100
210
191
89
233
213
96
220
198
65
226
203
60
235
210
59
242
217
62
245
219
65
245
217
70
214
183
47
180
146
24
166
127
21
157
115
31
153
108
38
146
99
38
138
92
33
134
104
21
130
100
20
127
97
24
124
95
30
123
93
38
118
92
52
120
94
65
126
102
85
134
113
107
145
128
132
146
132
145
140
129
148
139
131
154
146
141
168
150
150
178
140
143
171
120
127
153
103
113
137
108
121
143
129
143
164
132
139
165
125
128
156
113
115
145
133
135
165
148
150
180
130
132
162
113
115
145
124
126
156
116
117
145
114
114
141
111
110
134
104
102
124
76
74
94
61
57
73
66
59
72
78
69
80
95
84
92
103
92
96
87
75
77
66
53
55
49
35
34
53
40
23
49
35
19
48
32
19
47
31
20
49
30
23
52
30
24
52
28
18
52
28
11
53
30
5
59
35
0
72
51
0
154
133
66
218
197
116
248
227
134
200
177
71
205
183
66
206
183
60
209
185
58
220
194
64
216
188
57
217
185
66
221
187
74
225
191
78
220
186
73
209
176
63
203
172
58
198
168
53
191
162
47
189
160
45
196
169
51
206
180
62
219
193
75
238
213
94
233
212
91
221
200
79
212
192
71
210
190
69
211
193
70
205
187
64
202
184
61
202
183
59
211
185
61
208
183
57
205
181
51
205
182
48
209
185
49
225
202
62
239
217
75
243
221
79
241
218
77
235
208
71
215
188
54
212
183
52
212
181
53
214
183
55
225
194
65
235
206
73
241
212
76
244
216
75
244
217
73
243
217
69
239
214
72
242
215
75
245
218
76
241
214
69
238
210
62
245
216
66
250
221
69
251
221
67
238
207
53
232
199
49
237
204
57
243
209
67
238
203
68
239
203
79
237
200
86
223
186
80
198
159
62
153
115
27
139
100
20
142
103
26
144
105
30
135
95
20
123
82
9
116
76
3
113
74
4
114
75
8
115
77
12
110
74
9
107
72
9
106
72
9
107
73
13
107
77
0
124
94
14
136
105
25
144
111
32
152
117
38
146
111
32
139
103
24
137
100
20
141
102
23
135
96
14
138
97
14
142
100
17
146
103
18
145
101
12
145
101
9
150
107
13
155
110
15
155
110
14
148
103
5
148
104
4
145
95
5
143
88
7
146
92
10
148
97
14
145
96
13
141
93
11
135
89
8
129
85
8
130
87
15
131
89
23
129
88
27
121
81
25
117
78
27
121
83
34
126
90
40
132
99
46
137
107
49
128
101
36
117
92
22
107
83
9
97
74
1
79
62
10
79
62
10
80
62
11
83
64
12
85
67
15
89
70
18
90
71
19
90
71
19
89
70
18
88
67
16
85
64
12
84
63
11
84
63
11
85
64
12
87
64
13
85
62
11
82
60
9
81
58
7
84
61
10
88
65
15
95
70
26
96
70
31
88
62
21
84
58
17
90
64
22
95
70
25
101
75
27
102
76
28
104
78
27
107
82
28
107
82
26
103
79
19
115
90
29
117
94
28
119
96
29
123
99
31
134
111
41
141
119
46
142
120
47
146
124
50
148
127
55
112
104
63
175
166
129
190
180
150
165
152
130
85
68
58
65
47
48
86
67
75
102
81
94
110
89
104
108
86
104
103
82
96
155
134
145
204
183
191
225
203
209
245
222
226
228
204
207
153
127
130
66
39
42
70
43
48
62
32
38
50
32
17
54
45
10
79
70
23
95
83
26
114
99
33
167
150
71
223
202
110
237
213
106
222
197
72
227
200
66
232
204
62
235
207
59
243
213
65
244
214
72
213
181
49
179
144
25
163
126
22
157
118
35
153
112
42
145
103
43
137
96
39
139
107
29
130
99
24
125
94
26
122
93
32
122
94
41
121
95
59
124
101
75
134
113
98
148
130
125
165
150
157
169
158
173
163
155
175
156
150
175
148
145
174
129
131
161
134
139
169
124
132
161
112
123
151
116
129
156
97
110
137
97
102
132
116
117
149
152
153
185
182
184
216
136
138
169
112
114
145
108
109
140
131
133
163
98
99
127
95
95
120
93
92
115
88
86
107
59
56
72
57
50
63
65
57
68
70
62
70
69
60
63
68
55
56
65
52
50
57
44
41
50
38
30
57
45
20
51
38
17
47
33
15
46
30
15
46
28
17
47
26
18
47
25
15
50
27
12
55
32
9
61
40
5
73
53
2
111
91
27
164
145
67
220
201
109
194
174
67
206
186
69
210
189
66
214
191
63
221
198
66
208
183
49
222
191
70
230
197
82
233
200
85
232
201
85
235
204
88
235
205
89
231
201
85
220
192
74
213
186
67
220
194
75
220
195
75
217
193
73
225
202
82
224
203
81
219
198
76
214
194
72
212
194
70
216
198
74
215
198
74
212
195
72
211
193
70
218
191
70
213
187
62
207
182
54
203
179
48
203
179
43
209
186
46
216
193
52
215
193
52
212
188
49
207
181
43
211
185
50
212
182
52
214
183
54
218
187
57
227
197
67
238
209
75
245
216
78
248
219
78
247
220
75
244
218
70
240
217
73
240
219
75
242
222
76
241
219
73
244
218
71
247
220
73
246
217
70
239
208
61
226
192
47
224
189
47
228
192
54
235
198
65
246
208
83
231
191
75
197
158
49
167
128
27
146
108
13
148
110
25
149
112
31
144
106
28
136
97
21
129
88
13
120
79
6
116
76
4
115
75
5
115
76
9
115
77
12
112
76
11
110
74
11
108
73
11
107
73
13
109
81
0
124
96
15
132
105
23
136
109
28
143
114
34
139
108
29
132
101
22
130
97
19
133
98
21
126
90
10
125
89
8
139
101
19
154
114
31
155
115
28
139
98
9
139
97
7
145
101
9
152
108
14
151
109
12
148
104
7
147
94
3
149
89
3
154
95
10
157
100
18
153
100
18
146
97
18
139
93
18
133
89
21
131
90
29
129
90
37
121
83
36
103
66
24
106
72
32
109
74
34
116
82
40
125
92
45
130
100
43
135
107
42
127
100
27
116
90
12
106
80
1
88
70
14
87
70
14
87
70
14
88
71
14
88
71
14
89
72
15
90
71
15
90
70
15
90
70
14
88
68
13
91
71
15
89
68
13
86
65
9
84
64
8
88
67
12
89
68
13
89
67
12
87
65
10
88
64
9
91
67
12
97
71
21
99
72
25
95
68
20
99
70
22
106
78
29
110
83
32
112
85
31
108
82
26
112
85
25
118
92
29
122
97
31
125
98
31
132
107
36
136
111
37
141
116
40
146
122
44
152
129
48
149
126
43
150
127
44
157
134
50
164
142
61
116
110
62
177
170
128
168
159
124
152
140
114
172
157
140
91
74
71
95
76
81
97
77
88
95
74
89
92
71
86
116
95
110
172
150
164
211
188
199
208
185
194
206
183
189
208
184
189
160
134
139
97
69
76
94
65
72
59
29
38
56
37
27
56
45
21
55
44
15
69
53
17
71
52
6
117
96
36
179
154
80
227
200
110
232
205
97
231
201
81
231
199
69
232
200
63
237
206
66
241
210
75
213
180
54
179
146
31
162
128
26
153
116
34
148
111
40
141
104
42
136
98
40
140
107
37
132
100
33
127
95
34
123
93
39
122
94
49
128
101
69
134
111
89
144
124
112
157
138
136
169
154
162
178
167
184
173
165
187
162
157
184
147
145
176
136
137
170
138
142
176
125
130
165
112
119
153
120
130
162
103
113
146
110
113
148
134
133
170
169
168
205
169
170
204
119
119
154
118
119
152
126
127
159
116
117
147
78
79
107
88
88
113
84
83
105
68
65
84
53
50
64
53
47
57
53
45
52
50
41
45
44
33
33
49
36
33
53
39
35
50
35
30
46
32
21
53
42
12
50
39
10
49
36
13
49
34
16
50
34
20
50
30
21
48
27
16
49
28
13
52
30
10
58
37
6
73
53
5
86
68
7
131
114
39
200
182
92
208
189
84
216
197
81
214
194
70
212
191
61
218
196
61
212
190
53
222
194
68
227
196
76
226
197
76
223
193
72
226
196
75
227
199
77
224
197
75
216
189
67
208
185
61
217
193
70
218
195
72
215
193
70
214
193
69
218
198
72
218
199
73
216
199
72
215
198
71
220
203
76
221
205
78
217
203
75
214
197
71
215
188
68
215
189
66
213
187
61
210
185
55
207
182
48
204
181
41
205
183
42
208
185
45
211
187
47
213
187
49
216
189
55
219
189
59
222
191
62
226
195
66
231
201
70
238
209
74
244
216
76
248
220
77
249
223
75
246
222
71
241
221
74
240
222
76
241
223
77
242
222
77
248
224
79
247
221
77
238
210
67
222
190
49
205
169
33
207
170
37
207
168
39
208
168
45
221
180
63
210
170
59
183
144
40
160
121
23
144
107
14
146
109
24
142
106
23
131
96
15
124
87
9
129
87
12
123
82
8
120
79
7
118
78
8
118
78
11
116
78
13
114
78
13
113
77
14
111
77
15
110
76
16
106
83
1
118
96
13
124
101
19
126
103
21
133
107
27
131
103
25
126
98
20
126
96
19
130
99
22
122
90
12
115
82
3
131
96
16
151
114
33
156
117
35
138
98
12
135
95
7
139
98
8
148
106
13
150
109
14
148
105
11
155
100
9
161
96
8
161
95
9
154
95
13
151
96
16
149
98
22
147
101
32
144
103
42
134
96
45
124
88
45
114
80
43
105
72
42
116
84
55
110
79
48
110
79
43
114
82
39
114
83
29
136
107
42
133
104
30
124
95
16
113
86
3
93
76
18
92
76
17
91
74
16
90
73
15
89
71
13
88
69
12
87
69
11
87
68
10
87
68
10
88
68
11
87
67
10
84
64
7
82
62
4
82
62
5
92
71
14
97
75
17
98
75
18
97
75
18
100
77
20
105
83
26
104
79
23
101
73
19
99
70
16
106
78
21
116
88
30
121
94
34
122
95
34
118
91
27
122
96
28
131
105
34
137
112
37
139
114
37
155
131
50
162
138
55
164
140
54
164
140
52
162
138
48
156
132
40
158
134
41
166
143
48
174
152
61
128
124
71
155
149
101
153
146
105
163
153
121
217
203
183
78
62
55
91
74
76
92
74
82
85
65
77
111
90
105
154
132
147
182
160
174
192
169
181
178
154
164
144
120
128
158
132
140
173
145
153
185
155
165
186
157
167
102
70
82
60
39
42
44
29
26
55
38
30
55
36
21
84
61
33
94
68
26
115
85
30
195
162
91
245
216
125
230
196
91
226
190
74
240
205
81
240
206
77
243
210
83
216
183
63
184
152
41
166
134
35
150
116
34
145
111
39
142
108
44
140
106
46
137
101
41
133
98
41
128
95
42
124
93
46
122
92
53
129
104
76
141
117
99
150
129
120
155
138
138
156
141
152
160
150
169
163
155
180
160
155
184
153
149
183
173
172
210
164
165
204
140
144
184
119
124
164
122
127
167
113
120
160
136
138
178
160
159
198
174
173
213
131
130
168
117
117
154
131
132
167
134
135
168
94
94
124
73
73
99
76
74
98
68
67
87
55
53
70
58
54
65
51
45
52
42
35
38
37
28
28
39
28
25
51
39
33
51
38
30
47
32
23
42
28
13
46
37
2
46
35
4
48
36
9
51
36
15
53
37
21
51
33
21
47
29
16
47
27
11
49
28
7
54
34
3
62
43
0
74
56
0
116
99
27
183
165
77
220
204
98
220
203
86
215
196
72
213
193
62
221
202
66
224
203
64
225
200
69
225
198
72
225
198
71
219
192
65
220
193
65
224
199
71
228
203
76
229
204
76
229
206
78
236
215
87
234
214
85
225
205
76
215
197
66
220
202
71
222
206
74
221
206
74
217
202
71
219
206
74
222
209
77
218
205
74
214
198
69
217
190
71
218
191
70
217
191
67
216
191
62
214
190
56
209
186
47
208
185
46
210
187
47
213
189
50
217
191
53
216
190
55
224
194
63
230
199
70
235
204
74
236
207
74
238
210
73
242
215
74
246
219
74
248
222
74
247
223
70
240
224
74
238
224
75
239
223
76
241
222
77
248
225
82
244
218
77
230
201
63
206
174
39
188
152
22
197
157
33
193
152
32
186
144
29
185
142
31
174
133
28
163
122
23
153
114
19
145
108
17
142
106
20
138
104
20
134
101
19
131
97
17
130
88
13
126
85
12
123
82
10
121
79
10
119
78
11
117
78
13
116
79
15
115
80
16
114
79
17
113
78
18
108
87
5
119
98
16
123
101
20
124
102
21
131
107
27
131
107
29
129
103
26
131
103
27
138
108
33
132
100
25
127
95
18
134
101
23
143
109
29
145
108
26
139
102
18
149
110
23
158
119
30
165
124
34
158
117
24
150
108
15
160
103
12
170
101
11
169
101
14
161
99
17
155
97
20
150
98
26
146
100
34
141
101
46
130
93
50
119
85
49
107
76
45
95
64
40
111
82
59
101
71
46
97
67
35
97
67
27
98
67
16
141
110
45
147
117
42
145
115
32
136
107
21
97
82
21
97
81
20
96
79
18
94
76
16
91
73
13
88
70
10
87
69
9
88
70
9
89
71
11
91
72
12
93
74
14
92
73
13
91
72
12
94
73
13
102
80
20
101
79
20
98
76
17
94
73
13
98
77
17
108
87
27
117
92
33
120
92
32
111
83
23
107
80
18
114
87
23
118
91
26
119
94
25
118
92
22
127
102
28
139
113
37
147
121
42
150
125
42
185
160
74
198
173
84
196
172
80
187
164
69
177
153
56
170
147
47
169
145
45
171
148
46
172
151
52
139
137
80
157
153
101
165
159
115
167
159
124
165
153
129
71
56
47
64
47
47
61
42
49
64
44
56
108
87
102
132
111
126
131
108
123
129
105
118
137
113
123
212
187
197
221
195
204
235
206
216
249
220
231
250
228
241
122
90
104
95
71
85
107
89
101
148
128
136
158
135
133
168
141
127
175
144
118
169
136
95
133
96
37
162
124
45
214
178
84
242
206
99
240
204
88
234
199
77
236
202
81
212
178
62
182
150
42
164
132
34
141
111
27
140
108
35
141
110
44
143
112
52
138
101
48
139
103
53
136
101
55
131
99
57
127
97
62
137
111
88
151
128
113
158
137
131
157
140
142
147
133
145
165
156
176
177
170
196
174
168
200
156
152
187
179
178
218
169
170
212
158
160
204
150
152
197
148
151
196
126
129
176
144
144
187
159
158
199
161
160
200
100
99
139
142
142
178
149
149
184
127
128
161
68
68
98
72
71
97
64
63
85
54
52
71
45
43
58
48
44
55
41
36
42
39
31
34
40
30
29
44
33
29
38
25
17
35
21
11
42
26
15
51
36
20
52
43
6
49
39
5
49
37
8
48
35
11
48
33
15
45
28
15
43
24
11
44
24
9
49
29
8
57
37
6
60
42
0
75
57
0
110
93
19
162
145
57
214
198
92
212
195
78
211
193
68
212
193
62
217
198
61
210
189
50
214
190
57
218
193
61
221
195
64
218
193
62
218
194
62
226
202
71
233
210
79
237
215
84
238
217
84
242
222
89
245
226
92
244
226
91
227
210
75
229
212
77
230
215
80
228
213
79
221
206
72
220
208
72
223
211
76
219
207
71
214
200
67
220
192
74
217
190
70
215
189
65
215
190
62
218
193
60
219
195
57
218
195
55
216
193
53
214
191
51
214
188
50
212
185
51
224
195
62
233
203
73
240
210
80
241
212
78
240
212
74
242
214
73
244
218
71
246
221
71
246
222
68
240
225
73
237
224
74
236
221
73
237
219
74
244
223
80
239
213
75
223
194
59
197
165
34
183
145
20
195
155
36
197
155
40
193
150
40
189
147
40
172
130
29
155
114
18
143
104
12
138
101
12
142
107
21
137
105
20
131
99
14
127
93
10
131
89
14
129
87
14
126
84
12
123
81
11
119
78
11
117
77
12
117
79
15
116
80
17
116
81
18
115
80
20
112
80
9
122
91
19
129
99
25
133
106
27
135
109
26
138
112
25
140
115
27
142
116
28
142
116
28
135
107
23
132
102
20
137
104
24
146
111
31
158
121
40
164
126
44
170
130
46
176
135
48
180
139
47
170
129
34
151
110
13
158
108
10
167
110
11
162
107
7
159
108
8
155
107
8
150
106
11
147
104
16
146
106
30
138
98
40
126
84
42
112
70
42
99
55
41
117
71
68
109
65
62
101
59
50
92
53
34
76
43
8
119
92
36
133
110
39
134
115
32
125
108
18
112
88
22
103
79
14
112
90
25
120
101
36
104
88
23
93
81
18
81
72
10
74
68
7
74
70
9
82
78
17
84
79
20
89
80
22
94
82
24
99
83
25
105
83
24
108
82
23
111
80
21
114
79
20
117
79
19
118
77
18
114
84
37
111
88
50
109
86
45
112
89
39
113
87
31
122
94
29
134
105
30
146
117
32
145
115
18
152
121
16
169
138
26
197
165
48
214
185
62
225
196
72
226
199
73
221
196
69
207
184
59
191
170
46
185
164
42
182
163
41
181
164
46
160
159
80
166
161
91
171
163
105
162
150
107
120
104
78
168
147
142
90
67
74
60
34
52
74
45
71
97
68
97
98
71
98
106
79
104
126
100
123
165
139
160
196
171
189
236
212
231
248
222
243
236
207
230
201
173
202
121
89
119
135
105
129
177
149
168
231
204
219
219
193
200
226
203
201
232
210
200
218
198
177
147
129
96
77
60
14
163
146
91
219
202
139
224
207
136
195
176
98
199
178
98
190
165
85
173
146
66
153
123
44
147
113
37
144
107
34
146
107
37
150
109
43
147
99
54
144
100
59
138
99
63
130
97
67
120
94
71
145
130
118
145
136
131
147
144
143
149
151
155
152
157
165
162
168
179
163
170
183
162
168
184
160
165
184
171
176
198
154
157
184
154
158
188
165
169
202
182
185
223
129
134
173
141
146
188
141
145
189
120
126
168
80
84
125
120
125
163
132
135
170
116
117
150
60
61
90
83
82
105
60
58
76
50
46
60
51
44
54
43
35
40
40
30
30
44
32
29
48
35
27
49
34
24
38
22
8
39
23
7
47
30
14
56
40
21
53
43
13
50
40
10
50
38
11
51
37
12
54
37
12
53
33
11
52
31
8
56
32
6
62
36
5
69
43
4
78
52
3
91
65
6
127
102
30
181
156
72
211
188
88
213
190
78
208
186
65
205
184
55
213
194
57
209
191
50
218
194
63
222
195
69
221
194
68
218
192
66
215
191
67
217
194
69
220
197
73
223
202
78
231
212
88
238
220
94
241
222
97
240
222
95
238
220
93
242
225
96
243
226
96
242
224
93
238
219
87
229
212
77
225
207
72
221
203
67
218
198
63
224
193
66
217
187
60
218
187
60
221
191
65
227
198
72
225
200
72
218
194
67
215
192
65
216
193
67
222
198
74
222
199
75
226
203
80
229
206
83
231
207
84
232
208
83
238
214
88
246
222
94
252
228
98
253
229
100
248
225
93
247
226
96
247
227
98
249
228
100
249
228
101
236
214
85
233
209
82
213
188
62
172
146
22
184
155
34
186
155
38
185
152
39
183
150
40
188
153
49
173
135
39
155
115
25
152
110
26
162
120
40
146
102
28
136
92
22
131
86
18
127
83
16
126
83
17
131
88
22
128
86
21
123
82
18
118
77
13
117
78
14
122
85
21
121
85
21
118
82
19
111
76
13
107
72
6
119
84
16
128
95
23
134
104
27
135
107
23
136
109
22
139
112
23
141
115
24
141
115
25
137
110
23
130
101
17
131
99
18
137
103
23
148
111
31
156
118
37
166
126
42
177
136
49
189
148
56
189
147
51
172
130
32
167
119
20
166
111
12
158
106
5
153
105
0
148
104
0
144
101
1
141
99
4
144
104
21
144
103
38
136
93
45
122
77
46
103
57
40
108
60
58
107
59
60
100
55
53
88
48
36
71
37
8
132
104
55
149
128
63
140
122
44
106
91
5
126
95
27
114
87
17
128
104
35
145
123
56
137
119
52
124
110
44
100
90
25
82
75
11
72
67
4
75
71
8
80
75
12
86
79
16
92
81
19
98
83
21
103
82
21
109
83
22
115
84
22
121
85
23
126
84
23
124
80
19
108
77
29
97
76
37
100
79
37
115
91
39
117
91
31
126
98
29
138
108
28
148
118
25
145
113
8
156
123
9
181
147
26
218
185
58
213
182
49
215
185
50
220
192
56
226
200
64
230
208
73
225
206
73
218
199
68
210
193
62
203
188
61
185
182
92
192
186
105
193
184
116
189
175
124
179
160
129
234
211
204
136
108
117
95
66
86
105
76
103
103
75
105
112
84
114
117
91
118
141
116
141
193
170
192
217
191
214
204
179
202
156
130
156
102
73
103
106
75
108
174
143
177
185
154
181
202
171
191
234
204
222
233
208
218
218
195
199
211
191
188
191
173
162
116
103
80
63
50
18
89
77
37
134
122
75
181
168
115
158
142
83
174
155
91
180
157
90
176
149
81
160
129
60
149
114
43
142
104
32
143
102
30
148
105
37
152
103
59
145
99
61
140
100
66
134
101
74
127
103
85
150
139
131
140
136
133
141
143
146
152
159
166
175
184
194
176
185
198
162
171
185
149
157
172
141
149
165
140
146
166
141
145
169
162
166
194
188
191
223
198
202
237
128
133
172
147
153
195
149
155
198
124
130
171
77
84
123
90
95
131
94
98
131
89
92
122
68
69
96
88
87
107
58
54
71
48
42
55
54
45
55
44
35
38
41
30
29
45
33
27
49
35
26
50
34
22
40
24
8
43
25
9
49
31
13
55
39
19
54
43
16
52
39
13
52
38
12
54
38
12
56
39
13
58
36
11
58
34
7
61
35
4
66
38
3
72
44
3
80
51
0
86
58
1
134
106
39
214
187
105
212
187
89
225
203
92
221
201
80
214
195
66
216
198
61
218
200
59
220
196
67
219
193
69
217
191
67
216
192
68
217
194
72
219
196
74
221
198
76
223
202
80
228
209
88
234
216
93
237
219
96
238
220
97
241
223
98
243
226
99
243
225
97
242
223
92
238
219
86
230
210
75
224
205
68
220
201
64
218
196
61
219
186
57
219
188
59
220
190
61
222
194
66
226
199
71
229
204
78
232
207
83
236
213
90
241
218
97
245
224
103
239
218
97
234
213
93
231
210
89
230
209
88
234
212
90
240
218
94
244
222
97
247
225
100
249
226
100
251
228
102
253
234
109
255
236
111
254
233
108
249
226
100
222
200
74
221
198
72
205
182
57
171
148
23
195
169
45
192
165
45
190
162
46
188
158
46
182
150
43
172
137
38
162
126
33
172
133
46
193
150
70
139
96
22
139
95
24
140
95
26
137
92
26
126
83
20
126
83
20
126
84
21
124
83
20
123
82
19
117
79
15
113
76
12
116
80
16
122
86
22
127
92
28
101
65
2
114
78
12
124
90
21
131
99
26
132
103
23
133
105
21
136
110
22
139
113
24
141
115
26
139
112
25
138
109
24
136
105
23
136
103
23
141
104
24
147
109
27
156
118
34
170
131
43
185
145
52
183
144
46
164
124
23
162
114
15
164
109
12
158
106
7
158
111
6
154
111
5
149
108
5
144
105
7
147
108
22
149
111
39
144
105
49
128
86
47
96
52
29
86
41
34
115
72
68
107
67
61
84
46
35
83
50
27
96
70
29
127
107
52
129
113
47
93
78
5
133
97
29
126
92
23
139
106
37
154
125
56
157
131
60
145
123
51
123
105
34
107
91
20
99
85
14
97
86
14
103
92
20
107
95
23
110
96
24
112
95
25
112
91
21
114
90
20
117
89
20
120
89
21
122
88
20
121
85
17
115
87
26
112
90
33
115
93
32
133
108
41
138
111
37
145
116
34
152
120
30
155
122
22
156
121
11
174
139
22
203
167
44
239
203
74
226
194
59
219
189
52
221
193
54
228
201
62
237
214
74
237
218
79
232
214
77
226
209
72
219
203
69
198
188
84
213
200
107
208
193
113
205
187
124
221
200
156
215
189
172
139
112
112
111
84
96
119
92
114
95
70
98
111
87
117
124
101
130
137
115
142
151
129
155
150
129
153
152
128
154
149
123
152
146
118
149
148
118
153
191
159
196
197
167
196
187
160
182
168
141
162
173
148
163
156
133
144
142
121
125
127
109
106
108
92
82
149
134
116
164
151
125
173
159
126
175
161
121
171
157
111
181
162
109
173
149
92
159
130
69
141
109
46
143
108
41
146
108
40
149
109
39
150
109
41
143
96
52
140
96
56
139
102
69
139
108
84
137
114
99
153
140
137
134
127
133
133
131
144
147
150
168
180
184
207
187
192
217
178
182
208
171
174
200
169
173
200
146
148
178
144
146
177
162
163
197
177
179
216
161
163
203
100
104
145
113
118
158
115
122
161
102
108
147
91
97
134
110
114
147
105
108
140
95
96
125
87
86
111
72
70
90
53
49
63
48
42
52
52
45
51
44
36
37
43
32
28
46
34
27
49
35
25
49
33
20
41
25
9
43
27
8
48
31
12
54
38
17
56
43
18
54
40
15
54
39
14
55
39
14
58
40
14
58
37
10
58
35
7
61
36
4
66
39
3
72
44
3
80
52
0
89
62
4
149
122
54
244
218
135
209
186
87
230
208
99
229
209
90
223
204
75
220
201
66
227
210
70
223
201
72
219
196
73
218
195
72
220
198
76
227
206
84
232
211
89
234
214
93
233
215
94
232
215
94
234
218
96
239
223
100
243
227
103
245
227
101
243
226
97
240
223
92
237
219
87
233
214
80
227
207
71
225
204
67
224
202
64
222
199
62
219
189
57
224
194
63
225
196
66
224
196
67
222
196
67
228
203
76
239
215
91
248
226
102
253
233
111
253
236
114
253
233
112
246
226
105
241
221
99
240
219
97
246
225
103
251
230
105
250
229
103
250
228
101
251
229
102
252
235
108
253
233
103
249
227
96
241
219
88
230
208
77
202
180
49
206
183
52
207
184
53
200
177
46
227
202
73
219
194
67
221
195
72
222
195
75
206
177
62
193
161
54
201
168
66
219
184
88
233
196
105
137
98
13
143
103
22
141
100
22
135
93
19
127
85
21
125
84
21
124
84
20
124
83
20
124
83
20
121
83
19
117
81
17
118
82
18
119
84
19
121
87
22
103
66
7
113
76
14
122
86
20
128
94
24
129
99
22
133
105
22
139
111
26
142
115
29
143
116
29
138
111
25
142
112
29
141
110
29
141
108
28
145
110
30
152
115
32
161
124
38
172
135
45
183
146
51
176
138
39
153
115
14
155
108
11
162
107
13
159
107
11
166
117
16
165
121
17
159
119
15
151
114
12
147
113
21
148
113
35
144
108
44
145
108
59
158
119
86
57
17
3
70
32
21
85
48
38
109
74
63
178
147
127
105
79
47
99
78
36
98
80
30
90
74
17
134
94
28
138
99
33
147
110
43
157
122
54
161
127
56
146
116
42
139
113
36
137
113
34
139
117
36
138
117
35
125
105
23
124
104
20
126
106
21
127
106
23
126
104
21
127
104
22
130
106
24
133
108
28
135
108
29
134
106
27
133
108
29
131
109
28
128
105
21
138
113
25
142
115
23
149
119
22
157
124
21
161
126
16
166
128
11
188
149
27
214
175
48
239
200
70
234
198
63
231
198
60
231
200
60
231
204
62
231
207
63
227
207
62
226
208
64
226
210
66
229
212
70
223
205
86
233
213
104
225
205
109
214
193
113
208
185
126
165
140
108
145
120
106
135
111
112
126
101
116
70
49
73
91
70
99
103
84
113
109
91
120
109
90
120
117
99
128
132
111
142
158
134
166
179
153
187
159
130
165
153
123
160
167
139
170
171
146
172
161
136
161
164
140
161
129
108
126
113
93
107
122
103
113
184
166
170
229
211
208
233
216
206
236
219
203
242
226
203
253
242
210
254
233
193
228
202
156
194
165
113
160
128
71
149
113
51
146
108
43
142
102
35
137
96
30
139
95
50
146
105
64
148
112
80
145
116
93
137
114
102
152
139
142
139
131
145
139
135
157
150
149
177
170
171
204
182
182
219
174
175
211
170
169
206
170
170
206
139
138
174
129
128
165
134
134
172
137
138
177
110
112
153
79
83
124
95
100
137
100
104
140
91
94
130
105
109
142
133
135
165
122
123
151
102
102
127
90
88
110
58
54
70
54
49
61
53
45
53
51
42
46
46
36
35
44
32
28
47
33
25
49
34
23
49
33
19
43
27
10
45
28
9
49
31
11
54
37
15
57
43
20
57
40
17
57
39
16
58
39
16
60
40
15
60
38
11
59
36
7
62
37
4
67
41
3
73
47
2
82
56
1
120
94
30
179
154
80
244
221
135
216
194
95
223
203
93
221
203
84
219
203
76
224
208
76
229
214
76
225
207
80
221
202
80
219
200
78
222
205
82
233
216
94
239
223
101
241
225
104
239
223
102
236
222
100
239
223
101
244
228
104
249
233
107
248
231
104
245
226
97
241
221
91
236
216
83
231
211
76
227
206
70
228
205
67
228
205
66
229
204
66
227
199
65
225
196
64
223
196
64
223
196
65
223
198
68
223
200
71
227
204
78
232
210
85
238
217
93
243
223
100
248
232
108
246
231
107
244
230
106
244
227
104
245
225
100
244
225
98
245
224
97
245
223
96
242
221
92
238
217
88
245
222
89
242
219
83
234
212
75
229
206
70
206
184
47
212
189
52
222
199
63
233
210
74
252
229
93
236
213
80
231
207
77
228
203
77
219
193
72
194
166
51
215
186
76
231
201
97
229
198
97
141
109
13
143
109
17
136
102
12
130
94
11
130
89
24
127
87
22
125
85
20
124
84
19
124
84
19
125
87
22
125
90
24
123
88
22
120
86
20
117
82
16
106
67
11
114
76
17
121
85
22
126
91
24
127
96
22
133
103
24
139
111
27
142
115
30
142
115
29
137
109
24
140
111
29
140
110
29
140
108
28
142
108
28
147
112
29
155
119
33
166
130
39
179
143
47
178
142
42
159
123
20
159
114
17
163
109
19
158
106
13
161
113
14
160
116
14
154
114
11
146
109
6
141
108
12
144
112
27
142
110
37
141
108
48
143
109
64
130
95
68
109
74
55
90
56
42
84
52
38
124
96
80
102
78
55
88
65
36
80
60
26
81
63
24
117
77
21
135
95
38
148
109
49
158
120
57
168
131
65
152
117
44
151
117
40
153
121
39
155
125
37
146
116
25
159
130
37
163
136
40
164
138
40
163
137
39
158
133
34
156
131
33
155
131
33
155
130
34
152
129
33
149
125
31
155
132
31
157
134
28
151
126
19
154
127
17
156
127
15
165
133
19
176
142
25
187
150
28
192
152
28
211
170
43
228
187
56
238
198
63
233
195
56
231
196
54
232
199
56
233
204
58
234
209
61
231
210
59
228
211
59
228
213
60
230
214
62
232
207
71
231
206
79
230
204
91
222
195
99
198
171
96
175
150
102
206
185
156
210
190
178
179
158
162
81
63
80
90
74
99
89
74
103
89
75
106
94
79
112
122
106
139
132
113
147
156
135
169
175
152
186
144
117
154
111
83
122
118
93
127
131
108
138
142
119
149
166
145
173
127
105
134
123
103
129
144
124
147
187
168
187
208
190
203
221
202
210
228
208
210
231
210
205
253
235
220
253
233
209
244
220
187
226
196
155
192
160
111
149
114
57
141
104
43
141
103
38
145
106
41
138
99
47
150
114
68
147
115
80
134
108
83
111
90
78
133
120
126
138
129
147
145
139
167
152
149
184
155
154
194
166
163
207
165
162
205
163
159
201
161
155
197
131
126
166
118
115
154
112
111
150
107
107
146
90
93
132
95
99
138
113
115
150
115
117
148
101
103
133
103
103
132
109
108
135
98
97
121
87
85
106
90
86
104
64
59
72
52
45
55
48
39
45
48
38
40
46
34
31
44
32
25
46
33
22
48
34
20
48
33
16
46
29
11
47
30
10
50
33
11
55
37
15
59
41
19
59
39
17
58
39
16
59
39
16
61
40
15
61
39
12
61
38
8
64
39
5
69
44
3
74
50
3
79
55
0
160
136
71
217
194
118
237
217
131
235
217
117
228
212
102
222
207
90
222
208
83
232
220
88
229
217
82
229
216
89
227
214
91
224
211
89
229
216
94
242
229
107
247
235
113
248
236
114
244
232
111
242
230
108
247
233
111
249
235
111
249
234
110
247
232
105
244
226
97
240
221
89
235
215
82
231
210
74
228
205
68
229
205
66
230
205
65
231
205
66
229
203
68
220
194
60
219
193
60
221
197
64
226
203
72
226
204
75
222
200
72
223
202
76
229
209
83
238
220
95
244
229
104
250
238
112
253
241
116
253
239
114
246
228
102
245
226
98
248
229
100
250
231
101
248
227
97
232
212
82
232
209
73
226
201
64
220
195
57
225
200
62
210
186
47
213
188
49
224
200
62
244
221
82
251
228
90
231
209
73
222
199
66
218
194
65
214
191
66
178
153
34
199
173
57
205
178
67
188
161
54
140
112
9
140
112
12
135
107
9
132
101
11
135
96
29
122
83
16
122
82
16
125
86
20
130
92
25
126
88
22
116
79
12
122
86
19
136
101
34
157
122
55
102
61
9
113
74
19
122
84
25
127
92
28
126
94
23
127
96
19
130
101
21
133
106
23
135
108
24
133
106
24
136
107
27
137
107
27
137
106
26
138
105
26
137
103
20
140
105
19
149
114
24
163
129
33
172
137
37
160
126
23
163
118
24
166
111
26
159
106
17
158
110
14
156
113
13
151
112
9
144
109
4
141
110
8
145
116
22
144
116
32
137
109
38
124
95
37
178
147
107
141
111
80
98
69
46
59
30
13
45
19
4
70
46
30
66
44
25
66
45
25
77
57
35
109
73
32
124
89
46
134
99
52
148
113
61
181
144
87
169
132
66
167
129
56
165
128
48
164
127
40
155
117
22
177
140
38
185
150
43
188
154
44
191
158
45
191
160
46
192
163
48
193
166
50
194
168
53
195
169
54
191
167
52
187
164
41
183
160
30
180
156
26
186
157
27
185
155
25
193
159
29
204
168
38
216
178
47
218
176
44
231
188
55
243
199
64
249
206
68
238
198
57
232
196
52
232
200
52
235
205
55
238
212
60
236
214
58
231
213
55
227
212
52
227
211
52
247
216
65
240
208
67
239
208
79
230
201
87
201
172
79
196
171
105
229
208
163
232
215
188
199
183
172
82
67
74
96
84
102
68
57
82
49
38
68
63
51
84
114
100
135
112
96
131
122
103
139
134
112
150
127
103
141
112
87
125
118
95
131
138
117
151
170
149
183
176
155
191
152
132
168
151
132
168
157
137
172
146
125
159
170
149
179
196
175
200
216
194
213
231
207
219
255
235
236
252
229
220
245
219
199
227
199
168
193
160
121
131
97
47
126
91
34
133
98
36
145
109
46
133
100
41
146
115
63
139
111
70
119
95
66
87
68
53
111
99
103
124
115
132
134
128
155
139
134
170
132
128
170
145
140
185
167
162
207
180
173
217
176
169
210
144
137
176
121
117
154
101
99
134
88
88
122
90
94
126
114
119
152
114
114
143
106
104
130
94
92
118
89
86
110
80
77
98
74
70
89
72
67
83
77
72
84
70
63
71
44
36
42
38
28
30
46
35
33
44
33
27
45
32
22
47
33
19
48
33
17
49
33
15
49
32
12
51
33
12
53
36
12
56
38
14
62
39
18
60
37
16
60
37
15
61
39
14
64
41
15
64
41
11
64
41
7
67
43
5
72
48
4
77
55
4
79
57
0
186
170
102
245
229
151
242
224
136
246
230
132
240
226
117
232
220
104
229
217
96
235
224
97
231
221
91
233
224
101
234
225
105
233
224
104
240
231
112
251
245
125
254
249
129
253
248
128
250
241
121
248
238
117
253
243
121
252
240
118
248
235
111
248
233
106
245
229
99
242
224
92
239
219
84
235
213
77
232
209
70
233
208
68
234
208
67
233
207
67
228
204
67
223
198
63
222
198
64
224
202
68
229
207
76
231
211
80
229
209
80
232
213
85
237
220
93
246
229
103
239
224
98
246
231
105
250
235
109
250
234
108
243
226
99
243
226
97
248
231
101
252
234
105
252
234
103
243
224
93
239
214
79
229
201
65
221
193
57
231
203
67
220
192
56
214
187
50
222
196
59
245
220
83
247
222
87
230
207
73
220
196
65
213
188
61
205
181
57
178
154
33
184
160
43
179
155
42
159
134
24
132
108
2
134
110
6
134
108
6
134
105
11
137
98
29
125
85
17
125
86
17
129
91
22
133
97
28
128
92
23
122
85
16
134
99
30
157
122
53
187
152
83
96
53
2
112
70
16
124
85
26
130
94
31
127
92
24
119
87
13
118
89
11
121
94
13
126
100
18
131
104
23
128
99
19
129
99
21
133
102
24
138
107
27
136
103
23
138
105
21
147
114
25
162
130
34
175
142
42
167
135
33
168
124
32
168
113
31
160
108
22
163
115
23
165
123
24
163
125
22
157
123
18
152
122
18
153
125
26
149
123
32
140
115
35
126
101
31
158
131
79
155
128
88
133
107
76
105
79
56
95
70
54
82
57
46
75
52
41
70
48
38
68
47
36
84
57
34
85
57
31
84
56
26
97
67
32
149
118
74
150
116
60
148
111
48
149
111
38
152
114
31
158
117
23
186
145
41
197
156
45
202
162
45
207
167
46
208
171
45
209
174
45
211
177
46
212
179
48
211
180
46
207
176
42
207
180
39
209
185
39
213
188
42
223
195
50
219
187
44
222
188
46
230
193
52
240
200
60
234
191
52
240
197
57
244
200
60
241
199
58
237
198
52
235
199
52
236
202
52
236
206
53
235
210
53
231
211
51
231
214
52
233
218
54
237
221
56
249
213
51
244
210
56
242
209
66
231
201
72
202
175
64
193
169
85
200
181
116
210
193
148
206
191
165
105
94
88
206
199
204
139
131
148
69
59
85
62
51
83
139
126
162
131
117
153
118
101
138
106
87
124
112
90
128
124
101
137
127
107
143
145
127
164
179
160
198
126
107
147
171
152
194
184
165
208
173
153
197
131
111
156
121
101
142
129
107
145
139
115
148
153
129
155
213
187
201
215
188
192
203
176
168
183
156
136
157
128
97
121
91
47
126
95
44
133
101
45
139
108
48
141
113
47
155
129
69
149
126
75
130
110
73
97
83
61
118
109
107
125
118
129
128
123
146
127
123
154
117
113
150
128
121
162
155
148
189
162
154
194
138
131
167
98
93
123
83
79
108
70
68
94
64
65
89
79
84
106
99
106
127
97
97
118
89
85
105
79
74
94
78
73
91
71
65
81
64
57
71
54
47
58
36
29
37
57
48
52
44
35
36
40
30
28
44
32
27
45
33
23
45
32
19
47
33
17
48
34
15
49
35
13
51
34
12
53
36
12
55
38
13
57
39
14
62
38
16
62
36
14
62
36
13
63
38
13
66
42
14
67
42
11
67
43
7
69
46
5
74
51
4
79
58
4
84
66
2
194
186
117
253
246
169
248
233
146
237
224
126
242
230
125
236
225
114
229
219
103
228
219
97
232
224
100
229
223
105
228
222
106
229
223
108
241
235
119
253
250
134
255
252
137
252
248
132
245
238
121
243
234
117
249
240
120
250
240
118
249
237
115
251
237
111
250
234
105
249
231
99
246
226
92
242
220
84
239
216
77
240
213
73
240
213
72
238
212
72
230
208
72
233
210
74
231
210
75
229
209
75
227
208
75
229
210
79
235
218
88
241
225
96
246
230
103
249
234
107
252
239
112
253
239
113
253
238
112
251
236
109
247
232
105
246
230
101
247
231
101
249
232
102
251
233
102
252
233
102
251
223
92
239
207
76
224
192
61
228
198
66
209
179
48
192
163
31
192
163
31
212
184
53
209
182
53
197
170
43
195
169
43
193
168
44
178
154
33
180
155
38
179
155
42
173
148
38
158
134
28
131
106
2
133
109
7
135
110
10
135
107
14
132
94
22
138
100
29
137
99
27
132
95
23
127
92
19
135
100
27
154
119
46
164
129
57
170
135
63
168
134
62
96
53
2
112
70
18
122
82
26
124
88
26
121
86
18
121
90
16
120
92
14
119
92
12
118
91
10
122
95
15
128
101
23
128
98
22
126
95
19
127
96
19
137
106
27
140
109
26
142
110
23
142
111
19
154
122
25
169
138
38
169
128
38
165
114
33
166
116
32
162
117
26
160
117
21
158
118
18
156
122
18
156
126
21
150
124
22
144
119
23
140
115
27
138
115
36
134
112
47
159
136
84
153
129
89
132
107
77
121
96
76
91
67
54
93
69
61
87
64
58
66
44
39
66
50
43
52
35
26
58
39
26
76
54
34
97
73
44
125
96
58
159
127
78
176
140
80
171
132
61
136
95
10
173
132
35
190
147
40
197
153
38
200
156
33
208
165
33
218
177
40
224
184
44
225
185
42
219
182
34
221
184
35
217
187
34
215
190
34
220
192
37
228
197
44
231
199
48
232
198
49
232
195
48
231
193
47
235
194
49
240
199
53
243
202
57
244
203
58
243
204
56
242
206
57
241
208
56
240
210
55
239
213
55
237
215
54
237
217
53
236
218
53
237
219
53
254
219
53
252
217
57
242
209
58
229
198
58
213
185
61
197
174
74
201
180
99
198
181
119
184
170
125
125
112
91
229
219
216
173
163
172
100
89
108
63
52
78
154
140
173
146
132
167
125
109
146
97
79
116
69
52
86
108
91
125
118
100
137
126
108
148
138
120
161
119
102
145
181
163
209
201
182
231
186
167
218
125
106
157
103
82
131
105
84
130
109
87
129
118
96
129
186
164
187
185
162
173
169
144
144
148
122
111
128
102
78
132
106
70
147
120
77
146
119
71
137
110
56
151
126
53
151
129
63
155
135
79
133
118
74
72
60
31
120
111
101
131
126
128
128
124
136
120
115
138
131
126
154
111
105
136
110
103
134
107
99
128
98
90
116
75
69
88
59
56
73
53
51
67
51
53
67
56
60
72
60
66
78
68
64
77
69
60
73
63
54
67
62
54
65
58
50
60
52
42
51
46
36
42
45
34
37
48
36
37
44
32
29
42
30
25
43
30
22
47
34
20
50
36
19
51
37
18
52
37
17
53
37
14
55
38
12
56
39
13
58
41
14
60
41
15
65
37
13
66
38
14
67
39
14
69
43
16
73
47
17
59
35
1
74
51
11
78
56
11
77
56
6
77
58
1
126
109
43
210
198
124
255
245
164
253
243
156
236
227
130
230
221
119
235
227
120
239
232
120
232
226
111
236
228
111
230
226
112
230
228
116
236
234
122
245
243
130
248
245
133
246
242
130
242
238
126
239
235
122
240
235
120
245
237
121
246
237
118
245
235
114
250
238
114
248
234
107
245
228
98
241
223
90
239
219
84
244
221
82
244
219
79
242
216
76
238
212
72
227
205
69
232
212
77
236
216
81
236
216
82
233
215
82
233
215
84
237
220
90
240
224
96
241
226
100
241
227
101
251
237
111
250
236
110
249
235
109
250
236
110
253
239
112
252
237
110
249
234
105
247
231
101
245
230
98
246
231
99
252
230
104
245
216
92
234
200
76
237
205
80
209
178
52
203
171
46
197
165
41
187
156
32
181
152
31
173
143
23
168
138
21
164
135
20
157
129
17
169
142
33
183
156
50
185
159
55
173
148
46
138
112
13
125
100
3
127
102
6
136
107
18
148
111
37
129
92
18
135
98
24
137
101
27
136
101
27
136
101
27
152
117
43
181
146
72
183
148
74
134
100
25
97
54
2
114
73
18
124
85
26
128
91
28
124
90
21
124
93
19
123
94
16
120
93
13
119
92
12
121
94
17
118
90
14
119
90
16
123
93
20
131
99
26
139
107
32
141
109
30
141
109
25
139
109
20
146
116
23
156
128
31
161
122
34
163
114
34
162
114
32
158
114
25
155
114
21
154
116
19
156
121
21
161
131
27
161
133
32
159
132
34
155
130
36
150
127
40
120
96
22
127
103
40
125
101
49
120
96
55
126
102
72
107
82
63
112
86
74
100
74
66
62
37
32
59
52
58
53
44
47
56
45
45
60
48
41
55
40
26
64
43
18
93
68
35
119
90
47
137
105
52
149
113
44
168
129
49
169
129
37
166
123
21
165
121
9
189
145
20
206
162
30
212
168
30
210
166
22
210
166
17
226
183
32
225
190
38
222
194
41
225
196
43
227
196
44
228
196
44
232
199
47
237
202
52
244
208
58
244
205
56
239
200
51
239
199
50
244
205
55
243
206
55
242
208
55
241
209
55
240
211
55
239
213
55
237
215
55
237
217
55
237
217
55
238
217
55
249
216
51
250
219
58
244
215
60
237
209
63
230
205
70
222
200
84
223
204
105
219
202
120
205
190
126
155
141
100
204
190
169
196
182
176
151
138
145
70
57
75
99
85
112
86
71
101
73
58
89
68
54
85
93
79
110
110
96
126
107
90
127
121
103
145
156
139
182
113
96
140
111
95
142
128
111
161
155
138
190
190
173
225
196
180
230
178
161
209
172
154
198
177
159
197
147
129
156
146
128
144
120
101
106
96
76
71
97
76
60
162
142
113
148
127
91
146
124
84
154
132
85
154
131
56
162
140
72
164
145
86
139
124
76
75
63
26
95
88
70
94
89
82
84
80
82
74
70
79
81
78
91
71
65
81
70
63
78
69
61
74
64
55
65
48
40
48
38
33
38
33
31
35
32
33
36
35
37
40
37
41
43
45
39
45
48
36
43
43
31
38
44
33
38
45
33
36
42
29
31
39
26
26
39
27
24
44
31
26
41
28
20
41
28
17
45
30
17
48
33
16
50
35
16
52
36
15
53
36
13
52
37
10
54
37
9
55
39
10
56
41
11
59
41
12
68
38
12
76
46
19
73
44
15
70
42
10
69
42
7
65
40
0
79
56
10
76
55
7
71
51
1
80
62
5
200
186
117
239
231
156
250
243
162
241
232
145
243
236
143
248
243
146
252
249
148
251
248
145
241
235
130
234
229
121
232
228
123
233
230
126
237
234
130
243
239
135
244
241
135
243
240
133
241
238
131
238
235
127
238
233
123
240
234
121
238
230
115
234
226
107
236
226
105
235
222
97
233
218
91
233
217
86
236
217
83
242
221
84
242
220
81
241
217
77
238
215
76
235
216
81
238
218
83
237
217
84
234
216
84
232
215
84
234
218
89
241
226
98
246
232
106
249
236
111
249
237
112
248
236
112
246
234
111
246
234
110
247
235
110
251
238
112
251
238
111
249
235
107
247
232
104
246
230
101
248
232
103
253
231
106
248
220
98
238
205
85
232
198
78
216
182
63
211
178
59
202
170
52
188
156
40
192
160
46
178
147
36
172
141
32
173
142
35
185
155
51
192
162
62
190
159
62
188
158
62
188
158
65
187
157
67
165
135
47
142
111
23
125
94
9
126
92
16
148
114
38
143
109
33
134
100
24
125
91
15
139
105
29
147
113
37
144
110
34
135
101
25
118
85
9
96
53
1
113
73
16
124
85
24
129
92
27
125
91
20
126
95
19
124
96
17
123
96
16
122
95
16
124
98
21
122
95
21
124
96
24
129
99
29
133
103
33
134
102
30
134
103
27
135
104
25
138
107
24
143
114
26
148
119
28
155
117
31
160
114
33
160
115
32
156
113
27
153
113
24
154
116
23
157
122
25
165
133
34
170
140
40
170
141
42
167
141
44
163
138
46
133
109
27
128
105
32
125
101
38
124
101
49
136
112
72
136
112
83
145
119
98
122
95
80
61
35
23
47
42
47
42
36
40
45
38
40
52
43
41
56
44
37
65
49
36
74
55
35
82
60
32
90
64
28
116
86
37
125
92
32
142
107
37
162
125
44
181
142
49
198
156
49
199
158
42
197
155
31
192
149
18
198
155
18
218
175
35
221
186
43
221
193
47
225
195
50
227
197
51
227
196
49
229
197
49
233
200
51
239
206
55
242
207
56
241
206
54
241
206
52
242
207
53
241
208
53
241
209
54
240
210
55
240
211
56
238
212
56
237
214
57
237
215
58
237
215
59
237
215
59
237
211
53
242
216
61
239
215
62
234
212
64
234
213
72
228
209
80
221
204
89
211
195
96
195
179
97
154
137
78
186
168
131
198
180
160
176
158
153
107
89
97
160
147
165
162
148
169
136
123
147
102
91
117
99
89
116
119
111
137
139
125
161
149
130
173
143
126
169
109
92
138
120
104
151
121
106
155
121
107
156
128
115
164
141
129
175
145
132
176
144
131
171
136
124
157
110
96
122
94
81
96
86
72
79
81
67
65
80
65
53
122
106
83
124
108
80
126
109
77
130
112
74
152
127
58
170
147
82
168
148
91
141
124
77
81
69
32
102
95
71
108
102
88
99
94
87
79
75
73
56
51
54
54
47
51
54
46
48
54
45
46
51
42
41
45
36
33
41
34
31
39
34
31
37
35
33
38
37
35
36
36
36
43
34
35
45
31
32
41
28
28
43
29
29
45
30
29
42
28
25
40
26
21
42
27
20
48
32
23
44
30
17
43
29
14
45
30
13
48
32
13
50
34
12
51
35
11
52
36
9
53
36
8
53
36
7
54
38
8
56
39
9
58
40
8
69
36
7
82
50
19
77
47
14
72
44
7
69
42
3
74
49
4
82
60
10
79
59
6
83
65
9
125
109
44
242
233
161
252
243
167
245
237
157
234
227
143
247
243
153
251
247
155
251
248
154
249
246
151
245
241
144
242
239
140
243
238
140
244
238
141
245
239
142
246
241
142
247
243
143
248
243
142
247
243
141
245
240
138
242
236
131
241
235
127
239
232
121
237
229
115
238
228
110
236
225
102
235
222
96
235
220
91
236
220
87
241
222
85
241
222
84
241
220
81
239
218
80
237
217
85
237
219
86
238
219
89
239
221
91
240
224
95
244
229
102
249
235
109
250
237
113
249
237
114
247
235
112
247
235
113
246
233
112
245
233
111
246
235
111
250
237
114
252
237
113
250
235
110
248
233
107
248
233
106
249
234
108
253
235
112
243
219
97
227
197
75
221
191
71
218
186
68
214
182
65
205
172
58
189
157
44
185
152
43
183
151
44
177
145
41
174
140
39
179
147
49
177
144
49
171
137
45
171
137
47
176
143
55
185
151
66
165
132
48
140
107
24
124
91
10
133
99
22
131
97
20
131
97
20
135
101
24
142
108
31
151
118
41
166
133
56
151
117
40
136
102
25
134
101
24
99
56
0
114
74
15
124
86
22
128
91
24
123
90
16
123
93
15
123
95
15
123
96
16
123
98
18
129
102
26
133
106
33
134
106
36
133
104
36
130
99
32
125
94
26
127
96
25
132
101
26
138
107
30
142
113
30
141
112
26
147
111
27
153
111
29
155
114
31
156
115
32
155
115
30
156
118
29
158
122
30
165
130
35
168
135
38
167
136
38
166
137
40
167
140
45
148
122
34
141
117
36
137
113
40
134
110
47
136
111
60
141
116
77
152
125
95
133
106
81
79
54
32
64
56
53
60
53
48
58
50
46
55
45
41
45
33
28
50
36
29
58
42
32
64
46
31
68
49
29
92
70
42
95
71
33
104
78
31
117
88
32
134
104
37
169
136
54
191
157
65
202
167
66
205
168
59
205
167
50
215
176
56
218
184
58
220
190
59
222
191
59
229
199
63
234
204
65
236
206
63
235
204
59
230
201
51
233
203
50
238
208
53
240
211
54
239
210
51
239
211
52
239
211
54
239
211
55
238
212
57
238
212
60
237
212
61
238
213
63
238
214
65
237
214
65
230
211
64
239
219
73
239
220
73
238
221
74
244
228
84
242
226
89
228
211
84
213
196
82
198
178
80
168
147
72
170
148
94
189
165
130
203
179
161
203
179
176
252
236
245
250
235
248
217
205
223
163
154
176
90
83
106
132
128
150
161
147
182
164
144
187
137
118
162
106
89
132
125
110
154
131
117
162
130
118
161
125
115
158
129
120
160
159
151
188
158
151
184
123
117
144
85
78
99
64
57
69
62
54
60
65
56
55
65
55
47
66
55
39
64
53
32
63
52
28
69
55
25
111
82
22
158
130
76
173
149
100
160
139
98
113
97
64
88
78
54
72
64
48
63
57
45
58
53
44
49
43
37
45
37
30
45
35
28
45
33
25
44
32
22
42
31
23
42
31
24
40
31
26
37
30
28
35
29
29
32
28
29
44
32
30
49
32
29
46
29
25
48
31
26
50
32
26
46
29
22
43
27
18
44
28
17
48
32
18
44
29
13
43
28
10
46
29
10
48
32
10
51
34
10
51
35
9
52
35
7
51
35
6
53
35
5
55
37
6
56
38
6
59
39
7
70
36
4
80
47
12
79
48
10
77
48
7
76
49
5
79
56
6
80
60
5
84
65
6
110
94
30
201
188
119
251
246
173
249
243
166
246
239
158
246
240
157
250
246
161
245
242
155
243
240
152
244
241
152
249
247
157
252
251
160
252
248
156
252
245
153
251
244
152
248
242
150
249
243
149
250
244
150
250
244
149
250
244
147
244
239
138
242
236
133
241
235
128
242
234
123
243
235
120
243
233
114
241
229
106
238
224
98
234
219
90
234
217
84
236
219
84
239
221
84
241
222
86
240
220
90
241
222
92
243
225
96
247
229
102
250
235
108
253
240
115
254
240
117
251
238
116
246
234
113
241
230
109
246
235
115
244
233
114
244
232
112
245
234
112
249
237
115
251
237
115
250
236
113
249
234
111
249
234
109
251
236
112
254
233
107
237
212
86
216
189
64
223
196
72
206
178
56
198
170
50
198
169
52
204
173
59
174
143
33
178
146
39
177
144
41
172
138
39
167
133
36
160
125
32
159
123
34
160
124
37
161
126
40
159
123
39
151
114
32
143
106
25
136
99
20
130
97
17
124
91
11
136
103
24
147
114
35
154
121
42
147
114
35
178
145
66
163
130
51
140
107
28
122
90
12
105
64
3
121
80
18
129
90
25
130
95
24
123
91
16
123
92
14
122
94
14
122
95
15
121
96
17
128
101
26
124
98
26
123
94
26
121
91
26
119
88
25
123
92
28
132
100
34
141
109
40
149
117
45
152
122
43
150
120
40
150
115
33
152
113
30
159
119
36
165
125
42
166
126
43
167
128
43
168
130
43
171
134
43
170
134
41
167
133
38
166
134
39
170
141
44
138
111
18
135
109
21
135
110
29
136
111
38
128
102
41
121
94
45
128
100
58
129
101
65
119
92
60
72
58
41
71
57
40
71
57
43
69
55
43
56
42
33
58
44
38
67
53
48
67
53
49
59
44
39
53
39
30
59
43
26
78
60
37
95
75
44
98
76
36
89
66
15
114
89
25
148
121
47
184
156
73
204
173
83
197
166
73
214
183
76
226
195
77
220
189
68
217
187
63
222
192
63
225
196
61
226
198
57
224
197
51
230
204
51
237
212
56
241
215
56
237
211
52
237
212
52
237
212
53
238
212
56
238
212
58
237
212
62
238
211
66
238
212
68
238
212
70
237
211
71
216
205
69
227
215
77
229
217
76
232
220
76
244
232
86
246
232
90
227
210
74
210
190
64
195
173
61
180
156
65
179
152
84
177
149
100
187
159
128
218
191
177
248
227
229
250
237
245
245
236
246
214
207
219
97
95
113
128
129
147
157
146
179
154
134
177
110
91
134
93
75
117
99
84
126
106
93
134
125
115
154
180
172
209
165
159
192
129
126
155
115
113
138
126
125
146
149
149
162
176
174
182
188
185
189
185
181
180
160
155
150
63
58
46
52
46
31
53
46
28
62
50
28
86
52
6
105
72
29
116
87
48
129
105
71
148
128
100
135
121
101
86
75
59
58
49
35
45
38
26
44
35
23
47
36
24
46
34
22
46
32
20
46
31
18
47
32
21
46
31
24
43
29
26
39
27
27
35
25
27
33
24
30
44
28
27
48
29
22
45
26
19
48
29
22
49
31
22
46
29
18
43
26
14
45
27
12
48
31
14
44
27
10
44
28
8
48
30
8
49
32
8
51
35
8
52
35
8
52
35
6
52
35
4
53
36
4
54
37
5
56
39
6
60
40
7
77
41
4
77
43
4
80
48
7
82
52
8
82
55
8
79
55
2
77
56
1
87
69
9
130
116
49
248
243
171
254
252
176
248
244
166
248
243
163
254
251
169
244
241
159
243
240
158
244
241
159
246
243
161
251
248
165
248
246
163
253
249
165
255
250
164
254
248
162
253
246
158
252
246
158
253
247
158
254
248
156
254
248
154
250
244
148
247
242
142
245
239
135
244
237
130
246
237
126
246
237
120
244
234
113
241
229
105
237
222
96
233
220
88
238
223
89
243
227
92
249
232
97
251
233
105
249
231
103
250
232
106
251
234
109
254
238
114
255
241
119
254
240
119
252
239
120
250
239
120
249
238
119
246
236
118
244
234
116
244
233
115
245
234
115
249
237
118
251
237
117
250
236
115
249
234
113
250
235
112
253
238
115
250
230
100
241
219
86
233
211
79
243
221
91
202
178
51
190
165
41
204
177
56
239
212
94
197
167
55
184
153
44
173
141
36
167
133
32
169
134
37
168
132
38
164
128
37
160
123
35
157
119
32
154
115
32
150
111
28
147
108
26
142
104
23
135
102
21
132
99
19
134
102
22
141
108
28
148
116
36
149
116
36
152
119
39
145
112
32
148
114
34
170
136
57
105
64
1
122
82
18
132
94
26
134
100
27
129
97
21
129
99
19
127
100
19
126
99
19
124
98
19
128
102
26
118
92
20
112
85
17
110
81
16
111
80
19
118
87
26
126
94
31
132
100
34
136
105
35
144
112
38
149
118
41
149
115
35
151
114
30
159
122
38
170
132
49
174
135
52
176
137
54
178
138
55
179
140
54
177
140
50
173
138
46
171
137
42
170
139
41
135
106
11
136
109
17
136
109
23
134
107
28
129
103
32
123
97
37
114
87
35
120
92
46
143
115
73
130
107
75
92
69
40
74
52
27
67
47
28
68
50
36
67
51
44
67
52
51
60
48
51
49
39
43
42
33
38
42
32
34
51
41
37
62
52
42
73
61
41
79
66
36
87
71
31
98
81
30
115
96
38
157
135
69
202
180
110
223
195
105
234
203
97
240
209
100
239
209
94
231
203
81
225
197
68
221
194
58
223
198
54
229
206
54
232
209
53
234
212
52
234
213
51
234
213
51
235
213
53
236
212
56
236
212
59
238
212
63
238
211
69
239
210
73
239
210
75
237
210
76
218
212
86
228
222
91
229
223
86
232
224
84
246
237
92
249
237
90
223
207
64
202
182
48
188
164
42
186
158
55
190
159
80
175
143
83
173
141
100
201
171
149
252
228
224
248
230
234
240
228
238
216
209
221
126
126
140
145
148
163
149
137
169
126
105
148
77
57
99
99
81
122
112
97
136
108
96
132
113
105
138
169
163
193
146
145
170
100
100
122
114
115
134
188
191
205
230
235
244
243
246
252
249
251
253
250
251
249
245
244
240
88
86
77
74
72
61
61
57
46
50
41
27
78
38
3
72
34
3
77
44
15
108
79
54
174
151
130
172
157
140
101
88
73
58
47
33
37
28
15
36
26
12
45
33
17
46
31
15
45
29
13
45
27
12
45
27
16
43
24
18
38
21
19
34
18
21
32
17
25
34
20
31
46
28
26
50
31
20
48
28
17
52
32
22
54
35
22
51
32
18
48
30
14
49
31
14
53
33
15
49
30
10
48
29
8
49
31
8
51
34
8
52
35
9
54
36
8
54
36
7
54
36
5
54
37
4
55
38
5
57
40
6
62
43
6
83
48
8
76
42
1
82
50
6
86
56
9
84
57
6
77
54
0
84
64
4
98
81
16
139
126
56
255
250
176
255
250
173
246
241
163
246
242
163
253
250
171
235
231
152
244
240
161
247
243
164
246
243
164
243
241
163
243
240
164
251
248
168
255
251
169
255
250
167
255
248
165
255
248
164
255
248
162
255
248
160
255
248
158
253
247
153
253
246
149
252
245
144
250
243
139
246
239
129
245
235
121
244
234
115
243
233
110
243
230
104
241
228
97
243
230
98
247
233
100
252
236
104
255
237
112
253
235
110
254
236
112
255
238
115
255
241
119
255
242
121
254
240
122
254
241
123
254
243
126
254
248
130
248
238
121
246
236
119
244
234
117
245
234
117
249
236
120
250
237
119
249
235
116
248
234
114
250
234
114
253
237
117
239
223
88
234
216
77
231
213
75
222
202
66
202
181
49
193
171
41
204
180
54
235
211
87
213
184
67
189
159
47
174
143
34
167
134
30
171
137
37
168
133
36
162
125
32
157
119
29
156
116
28
157
117
33
153
113
29
146
107
23
137
99
16
122
90
7
155
123
40
151
119
37
136
103
23
117
85
6
126
94
11
153
120
37
176
142
59
190
156
73
190
156
74
99
58
0
118
78
13
130
93
23
137
102
28
135
104
25
137
108
27
136
109
27
134
108
26
131
106
26
133
107
31
133
107
36
126
99
32
117
88
25
110
79
18
105
74
13
99
67
5
94
61
1
89
57
1
99
67
1
112
81
8
126
92
13
139
102
18
149
112
28
162
124
42
167
128
46
171
131
49
173
133
51
176
137
52
175
138
49
173
137
45
169
133
39
160
127
30
147
118
20
153
125
30
143
116
25
129
102
18
133
106
32
148
121
56
122
94
36
110
82
30
128
100
53
179
151
110
134
108
71
112
88
56
101
78
52
85
65
47
50
33
25
39
25
24
33
21
26
30
21
31
29
22
35
27
21
32
33
27
34
38
32
35
37
31
25
41
31
13
60
49
23
81
69
33
97
83
38
95
78
27
86
69
13
102
76
6
133
101
15
181
149
48
231
202
93
232
205
88
229
203
77
225
200
67
233
210
67
237
216
65
234
213
57
232
212
52
233
214
51
234
213
51
235
213
53
235
212
57
236
212
61
237
212
66
238
211
70
238
210
74
239
210
77
237
209
79
211
208
86
221
219
92
221
218
85
224
219
80
240
232
88
244
232
84
214
199
54
192
172
34
180
155
28
184
155
47
187
153
68
171
136
72
160
126
81
165
132
106
253
227
220
253
233
234
240
227
234
209
202
214
131
131
145
75
80
93
90
78
110
111
88
132
123
102
144
121
103
142
105
90
127
102
91
125
105
98
128
104
100
126
82
83
104
157
160
177
199
205
218
198
204
215
188
194
199
231
236
238
222
227
226
216
219
217
251
252
248
117
118
109
66
66
56
47
45
35
55
48
36
94
51
24
80
40
15
70
34
11
89
58
38
154
128
111
159
140
127
102
87
74
72
59
47
61
49
37
54
43
29
55
42
24
53
38
21
52
35
18
52
33
18
53
33
22
49
28
24
44
24
25
40
21
27
40
23
34
45
28
42
51
33
31
53
33
22
50
30
19
55
36
23
56
37
24
54
34
20
51
30
15
51
31
14
53
33
15
48
29
9
48
29
6
50
33
7
51
34
7
54
36
8
55
37
7
55
37
6
55
38
5
55
38
5
55
39
4
57
41
5
62
43
7
87
51
11
76
41
1
84
51
7
89
57
9
84
55
4
79
57
0
98
79
16
111
95
28
145
131
61
245
234
160
251
242
166
245
238
160
246
243
165
253
253
178
237
233
154
246
244
166
245
242
166
241
238
163
241
238
163
254
254
181
255
247
170
255
244
164
254
243
163
252
241
159
250
239
157
248
239
155
246
239
153
247
239
150
247
240
147
247
241
145
250
244
144
251
246
142
243
236
127
234
227
113
235
227
108
238
228
106
241
231
107
242
229
99
241
227
96
240
227
94
240
227
95
245
227
102
248
230
105
252
236
112
255
242
119
255
248
126
255
247
127
255
242
124
254
240
123
253
241
125
255
244
130
250
239
125
247
236
122
245
235
120
245
235
118
249
236
120
250
237
119
249
235
117
248
234
115
250
234
114
253
237
117
248
232
94
239
224
79
225
209
66
188
171
30
223
205
68
223
203
70
218
197
67
216
193
67
223
196
77
210
181
67
199
169
57
188
156
48
173
140
37
161
125
26
160
122
27
161
122
30
162
123
34
161
121
33
158
117
31
156
115
30
153
114
30
145
113
30
123
91
8
136
104
21
148
116
33
154
122
39
143
111
28
141
107
24
167
133
50
174
140
57
138
104
21
85
65
1
112
92
27
120
100
33
116
95
27
109
89
18
117
95
23
118
94
22
118
94
22
119
95
23
116
91
21
118
92
26
121
94
32
122
95
37
119
92
40
84
58
11
69
43
3
67
42
5
77
51
15
81
54
20
84
59
27
97
66
24
113
76
24
129
93
35
140
105
39
146
112
38
145
114
30
144
113
23
164
133
36
164
133
34
173
141
43
181
148
52
182
148
55
162
126
42
160
125
46
145
110
34
129
95
23
147
113
45
114
82
15
120
90
23
132
103
36
141
112
45
147
112
47
167
133
72
164
133
78
155
127
79
155
132
93
130
112
86
104
90
74
77
67
59
51
44
44
40
35
40
17
13
22
24
20
28
35
31
36
34
27
28
50
41
32
56
43
29
70
54
33
86
68
39
83
61
26
107
85
46
117
93
48
117
90
40
105
77
26
136
110
53
174
149
85
193
168
98
197
171
94
187
163
77
197
173
77
208
185
81
217
194
82
222
198
79
240
215
87
241
215
82
234
207
70
227
199
58
230
201
55
247
217
68
251
222
70
248
219
66
240
211
60
226
213
84
222
210
80
225
212
83
229
214
86
230
214
86
212
195
70
200
181
61
190
170
55
182
162
52
172
150
49
166
146
55
163
144
63
158
138
70
149
129
73
203
186
148
198
182
155
173
158
141
137
123
115
100
88
88
159
148
151
187
173
184
211
195
213
234
220
238
229
213
235
197
183
204
159
145
169
124
110
138
105
93
123
115
104
135
164
155
186
193
185
215
192
184
214
149
143
168
199
194
216
217
212
230
220
215
229
216
210
221
82
78
83
54
49
52
52
47
48
63
57
60
57
38
65
59
40
62
73
55
71
90
74
81
106
91
89
112
96
84
112
97
79
108
93
71
99
83
59
80
62
40
65
45
28
52
31
19
46
26
18
51
31
27
52
31
34
52
34
37
45
29
32
37
22
27
41
27
31
33
22
25
40
30
29
44
35
31
45
36
32
46
36
29
45
34
26
49
37
28
52
40
29
51
38
24
40
26
9
48
32
13
50
33
11
47
30
4
56
35
7
60
39
8
63
40
6
64
40
3
65
40
1
68
44
1
69
45
1
70
46
1
73
47
1
91
52
0
92
55
1
99
65
8
99
67
9
88
61
5
98
75
7
122
102
30
146
130
55
181
169
91
252
242
162
252
241
160
251
242
160
251
242
161
251
242
162
250
243
164
249
243
166
249
244
167
249
245
168
250
245
170
248
245
171
246
244
169
243
241
166
240
237
162
239
236
160
242
240
162
244
241
163
245
241
162
244
239
160
247
243
160
252
247
163
253
248
161
251
245
155
244
238
144
239
233
134
238
232
130
237
231
125
234
229
120
231
225
112
230
225
111
232
227
111
234
229
116
237
228
128
239
231
130
241
234
133
243
236
135
244
239
137
244
241
137
244
241
136
243
240
134
242
240
131
241
240
130
241
239
126
248
245
131
247
242
126
241
233
116
245
235
116
247
235
114
249
236
113
252
237
114
253
238
114
214
196
71
226
210
79
223
207
74
211
195
63
206
189
56
214
197
65
221
202
73
225
206
77
225
205
79
230
208
83
235
214
92
216
193
76
189
162
49
167
137
30
169
137
37
159
126
29
157
122
30
164
125
38
157
117
35
153
111
33
150
108
32
149
108
31
152
110
33
140
99
20
148
108
27
152
112
29
152
113
28
158
120
32
143
105
16
148
111
20
157
120
29
164
127
35
89
69
3
115
95
29
122
101
34
115
94
26
105
85
14
109
88
15
108
86
12
108
85
10
108
85
12
106
81
10
114
88
21
112
86
23
107
81
21
102
76
21
76
51
3
68
43
1
70
44
5
77
51
14
76
49
14
79
53
20
81
51
10
95
59
10
130
95
40
124
91
26
130
99
25
132
103
21
132
104
15
136
108
13
146
116
19
167
137
40
185
154
59
189
157
67
166
133
49
162
129
51
145
112
38
123
91
19
114
81
12
123
92
25
137
108
41
137
109
41
118
90
20
135
103
36
146
116
53
159
130
72
166
139
88
157
134
91
162
144
112
133
118
96
107
94
80
83
74
67
26
18
18
29
23
26
30
23
27
32
24
26
40
30
29
39
28
20
40
26
14
46
30
13
57
40
16
69
48
21
87
65
34
102
77
47
110
82
54
109
80
50
108
80
45
108
80
39
107
80
33
109
82
28
118
93
30
145
120
49
166
141
62
187
163
76
208
184
90
233
207
105
240
214
107
237
211
99
230
203
88
226
198
80
235
206
85
238
209
86
237
208
83
232
203
78
220
207
92
216
203
88
215
201
85
214
199
84
212
197
81
207
189
76
201
182
73
193
173
67
181
161
60
164
142
50
145
124
41
148
127
54
151
131
68
145
124
74
118
100
65
112
97
71
112
99
82
121
109
101
151
139
139
231
223
225
245
233
244
250
236
251
254
242
254
238
223
243
251
238
252
226
214
232
176
163
189
99
87
114
100
90
119
158
150
180
187
179
209
181
173
203
186
179
205
193
188
210
180
174
194
157
151
168
132
126
138
56
51
59
58
52
59
57
50
56
52
45
52
59
40
67
73
53
76
107
89
106
129
111
121
119
103
105
131
115
107
164
147
134
139
123
107
88
71
54
68
50
34
67
47
36
62
41
33
55
34
30
48
27
27
58
37
41
60
42
47
72
56
61
84
69
73
76
63
66
55
44
47
61
52
50
57
48
44
41
32
28
40
30
24
56
44
38
53
41
33
47
34
24
43
29
17
59
43
28
50
33
16
44
26
6
45
26
2
57
36
8
65
43
12
68
45
11
69
44
7
66
41
1
65
40
0
68
43
0
71
46
2
77
50
3
91
54
1
95
60
5
90
58
2
95
65
7
112
86
23
101
78
12
106
88
19
143
127
55
195
183
107
255
248
170
251
243
163
251
243
163
251
243
163
250
243
164
250
244
166
250
244
167
250
244
168
249
244
170
250
245
171
250
244
171
251
248
172
250
247
171
246
244
168
244
242
164
246
243
165
246
243
165
246
242
163
245
240
161
246
242
161
250
245
162
253
248
162
254
249
160
249
242
150
243
237
140
240
235
134
239
234
130
238
232
126
235
231
121
237
232
120
239
234
121
241
236
126
245
236
139
246
237
140
246
239
141
247
241
142
248
243
142
247
244
141
247
244
140
246
243
138
245
243
135
245
243
133
240
237
125
245
241
127
246
240
124
244
236
119
251
241
120
250
237
115
246
231
109
244
227
104
243
224
100
210
191
66
232
214
84
228
210
78
211
192
60
206
187
56
230
211
80
243
224
94
247
226
98
241
220
93
244
221
98
252
233
113
236
214
97
207
179
66
171
140
33
173
140
40
166
131
35
163
125
34
163
124
36
156
115
32
157
115
36
154
112
34
151
109
31
153
112
33
150
110
29
152
112
30
149
110
26
142
103
17
133
95
7
148
111
21
160
123
31
163
126
34
153
116
23
88
68
3
117
95
29
124
103
36
119
97
29
111
89
17
114
92
18
112
90
14
111
88
13
112
89
13
110
87
13
114
89
20
107
82
16
97
71
10
92
66
9
77
50
1
73
47
1
74
48
5
78
52
11
71
46
8
76
51
14
84
55
13
91
59
10
94
63
12
103
73
8
150
123
50
165
139
58
150
125
38
124
99
6
140
114
19
147
121
26
152
125
34
157
129
41
167
137
55
153
123
45
138
108
35
125
96
25
119
91
22
143
115
47
151
125
55
155
129
59
155
129
59
165
138
68
140
115
47
147
123
60
163
139
82
159
138
87
159
139
98
115
98
65
100
85
58
114
100
81
91
79
67
104
92
85
79
67
62
55
43
38
62
48
43
52
37
30
58
42
32
53
36
24
41
23
9
48
28
11
63
42
23
67
42
32
71
42
40
77
48
45
81
53
46
91
63
51
102
75
57
112
85
61
110
84
53
110
85
45
121
96
50
133
109
56
145
121
61
165
140
73
170
145
73
167
142
66
162
137
58
165
139
55
185
159
73
198
172
85
205
178
90
206
180
91
213
199
108
207
192
99
198
183
90
190
175
81
184
167
73
177
157
66
167
146
56
154
133
45
142
121
36
132
111
33
132
111
41
131
111
48
133
113
58
138
119
74
115
97
65
108
93
69
107
93
78
115
103
94
146
134
133
236
228
229
241
230
238
240
227
239
246
235
246
228
215
230
234
222
237
209
197
215
164
152
175
103
92
116
93
83
111
126
117
147
144
136
166
142
134
164
149
142
169
137
131
156
130
123
146
121
113
134
105
96
115
101
94
109
106
97
111
88
79
91
61
52
65
84
64
92
128
108
133
169
153
169
198
184
193
208
191
198
221
209
206
184
168
162
132
114
107
78
59
52
47
26
21
63
40
39
68
45
48
68
46
51
66
44
51
75
53
62
74
56
64
93
77
83
114
100
103
115
102
104
99
89
89
89
78
77
88
77
76
93
83
81
80
69
66
101
89
85
107
94
89
100
86
78
74
58
48
69
51
39
53
34
19
50
30
12
57
35
15
58
35
10
59
35
6
60
36
4
63
38
2
65
39
1
68
43
2
71
45
2
74
48
3
79
51
4
92
56
5
90
57
4
88
57
4
94
66
11
109
84
24
103
83
19
105
88
21
155
142
72
218
208
135
255
247
172
250
244
167
250
244
166
250
244
166
251
244
167
250
244
167
250
245
169
250
245
170
251
245
171
251
245
172
251
245
172
253
250
174
253
251
173
251
249
171
249
246
168
249
246
167
248
244
166
247
243
165
247
242
163
247
242
163
250
244
162
251
245
161
249
244
158
245
239
150
240
235
141
239
234
136
239
234
134
240
236
133
242
239
133
245
242
134
249
245
136
251
247
141
253
247
152
252
246
151
252
246
151
251
247
150
250
246
147
248
246
145
248
245
142
247
244
140
246
243
137
246
243
135
244
238
127
244
238
124
246
238
122
250
240
122
254
247
127
253
240
119
248
231
110
244
225
102
241
220
95
222
200
74
227
207
77
225
205
74
218
197
67
211
190
60
215
193
63
223
202
73
233
211
83
242
219
94
248
223
101
247
221
102
236
208
93
213
183
71
166
133
26
172
137
37
169
132
36
165
126
34
160
119
31
155
111
28
161
117
36
156
111
32
150
106
28
152
111
32
147
107
25
147
107
24
149
110
25
152
114
27
144
107
18
189
152
61
202
165
72
192
156
62
160
124
30
82
61
0
113
91
27
124
102
35
121
101
30
116
94
22
120
97
22
117
94
17
114
92
14
114
91
14
111
87
12
113
88
16
105
80
12
96
70
6
93
68
7
82
56
1
77
52
1
75
50
2
74
49
5
66
43
1
75
51
10
88
62
16
92
64
15
72
44
0
93
67
3
167
142
71
191
168
90
171
149
65
130
110
20
141
119
28
134
111
21
129
105
18
136
111
26
164
137
59
144
117
42
133
107
34
129
103
33
130
105
34
150
127
56
146
123
52
147
125
53
159
138
66
166
146
70
124
103
30
120
101
30
137
118
51
158
139
77
160
141
87
132
113
66
129
110
70
149
132
98
138
119
92
186
167
145
139
121
104
86
68
55
89
70
59
61
43
35
63
44
37
57
38
32
47
28
23
54
34
29
40
20
15
37
13
20
40
14
30
49
24
39
57
31
43
67
42
49
79
55
58
89
65
63
81
60
51
79
58
41
92
71
49
101
80
54
103
83
50
111
90
51
116
95
52
116
96
49
113
93
43
104
84
30
96
77
21
100
80
23
107
86
29
115
94
36
111
96
30
109
94
28
107
91
24
107
89
22
110
92
22
110
91
22
99
78
14
93
72
9
95
74
9
114
94
32
126
105
48
133
113
62
140
121
76
145
127
89
133
115
87
99
84
63
89
75
60
98
87
76
134
123
117
237
229
226
248
241
243
244
236
242
240
230
237
249
239
249
215
205
217
163
153
168
121
111
129
132
122
144
144
135
161
151
143
170
153
145
174
147
139
169
109
102
130
113
105
134
119
111
138
118
109
135
101
90
115
196
186
208
199
188
209
152
140
160
85
73
93
117
97
126
201
181
208
225
208
229
229
213
229
224
205
218
181
165
171
92
72
78
53
33
37
46
25
31
41
18
24
56
31
42
55
31
45
56
32
48
60
36
52
53
31
45
49
31
42
51
35
43
56
43
47
66
56
56
61
51
49
45
33
33
58
45
46
97
84
85
103
89
89
136
122
121
157
141
140
159
142
139
129
110
104
105
86
78
85
64
54
74
52
38
70
47
30
66
41
20
63
38
12
65
39
9
68
41
8
71
43
8
73
45
5
75
47
4
77
50
6
82
54
9
94
62
12
91
60
10
96
67
16
99
73
19
95
74
17
94
78
18
145
131
67
198
187
120
241
232
163
255
248
176
251
245
171
251
245
171
251
245
171
251
245
171
252
246
171
252
246
172
252
246
172
252
246
173
252
246
174
252
246
174
252
248
172
252
249
171
252
248
170
251
247
169
250
246
168
249
245
167
249
245
167
250
244
167
250
245
166
250
245
165
249
244
162
247
242
157
244
239
153
240
236
146
239
234
143
240
236
141
243
239
142
248
246
146
252
250
149
254
252
150
254
253
152
251
247
157
251
247
157
250
247
155
249
247
153
249
246
151
249
246
147
249
245
145
249
244
143
249
245
140
250
245
138
253
247
136
249
240
127
250
240
124
255
243
125
255
245
125
253
235
114
248
227
104
242
220
96
237
214
89
230
205
79
218
195
66
212
189
59
209
186
56
205
180
52
201
177
49
202
178
51
205
181
55
211
185
61
217
188
68
218
188
71
219
188
75
208
175
65
162
126
19
174
136
36
174
135
38
170
130
37
165
122
33
160
116
30
168
122
39
161
115
34
153
108
28
150
110
29
139
99
17
140
101
17
149
110
24
159
121
33
150
113
21
194
157
64
202
167
72
189
154
58
156
120
24
84
62
0
116
95
29
130
108
39
129
108
36
123
102
27
125
102
26
119
96
19
114
91
13
111
88
10
107
84
6
109
84
10
104
79
7
98
73
5
98
73
10
86
61
3
78
54
1
73
49
0
71
47
0
64
41
0
72
49
5
73
49
4
76
53
6
90
69
15
90
69
7
128
108
40
147
129
53
146
129
47
126
109
22
123
105
18
129
110
24
132
112
27
126
104
23
131
108
31
125
102
29
126
104
32
128
106
35
119
98
27
161
142
69
167
147
74
157
139
64
137
121
45
146
133
52
134
120
39
134
119
40
141
125
48
153
137
63
153
133
66
161
139
76
167
145
87
168
145
92
112
90
44
139
115
78
133
109
78
124
100
76
132
108
89
57
35
24
63
42
37
62
42
41
52
33
36
40
21
27
48
31
39
38
18
33
32
12
31
43
23
41
44
23
39
42
22
34
48
28
37
58
40
43
68
52
52
71
54
48
70
54
44
77
62
47
94
80
60
102
89
63
100
87
59
96
83
52
92
80
46
94
83
47
99
89
50
91
79
39
75
63
23
59
48
6
75
60
18
84
69
27
89
74
30
95
79
34
104
87
41
112
93
45
102
84
36
101
83
35
112
93
44
149
131
82
130
112
67
124
106
64
118
101
63
109
93
59
147
134
107
119
107
84
101
90
71
91
81
66
90
82
70
154
145
136
197
188
185
228
219
219
243
235
237
225
215
222
147
138
147
123
114
126
147
137
151
237
229
241
228
220
243
231
223
244
228
221
244
213
205
235
142
134
164
113
105
136
119
110
141
139
128
159
162
149
180
245
233
250
201
188
213
141
127
156
88
73
103
116
95
127
229
214
232
239
222
242
201
181
204
125
107
125
76
57
73
92
71
86
109
87
102
118
96
113
92
69
89
88
64
87
73
49
73
65
40
65
69
44
69
59
38
59
63
45
61
56
40
50
47
34
39
54
44
44
47
38
35
54
41
42
60
45
49
64
49
53
62
48
50
75
59
62
75
57
59
71
53
53
71
51
49
97
75
70
82
60
52
68
44
34
59
33
20
64
36
19
72
44
21
78
50
22
80
52
21
78
50
15
73
44
5
79
50
7
86
57
13
93
64
19
93
63
16
96
67
20
96
70
21
97
73
22
99
78
26
86
71
13
201
190
130
241
232
170
246
240
175
251
248
180
249
247
177
250
246
176
251
246
176
251
247
175
251
247
175
252
247
175
253
247
175
253
247
175
253
247
176
253
247
176
250
246
170
250
246
168
252
248
170
252
248
170
250
246
168
250
245
169
251
246
170
254
247
172
254
248
172
252
246
169
252
247
168
253
248
168
252
248
166
247
243
160
245
241
155
244
242
153
246
244
154
252
249
157
254
252
158
254
253
157
252
250
156
243
240
154
244
241
155
244
242
154
245
244
153
247
244
152
250
246
150
251
246
148
252
247
146
253
247
143
254
248
141
255
251
140
249
239
125
249
235
118
251
235
117
245
227
106
236
213
92
232
208
85
228
202
78
220
193
68
216
189
63
208
182
54
212
185
57
220
193
65
223
196
68
215
188
62
210
183
58
209
181
58
212
182
61
210
178
59
203
170
55
204
169
57
199
162
53
163
125
19
177
137
37
175
134
37
172
129
35
169
124
34
166
121
33
171
124
39
164
117
34
158
113
30
161
121
39
151
111
28
155
115
31
160
122
35
163
126
36
144
108
14
164
128
32
175
140
43
177
142
44
167
133
33
88
66
1
122
98
33
136
113
45
136
114
43
132
109
34
132
109
33
127
104
26
123
100
20
122
99
19
120
97
18
117
93
16
112
88
14
110
85
14
112
87
20
97
72
9
89
66
6
86
64
7
88
64
10
77
55
3
79
57
6
76
53
5
79
57
10
102
82
29
92
75
14
98
81
15
103
88
16
108
95
17
115
102
19
107
93
10
121
106
24
134
118
38
135
119
40
127
109
36
127
107
36
129
109
38
129
109
38
118
100
29
139
122
47
147
132
54
148
132
54
139
125
45
128
121
31
126
116
27
130
119
30
139
125
37
149
132
45
146
125
41
154
131
50
168
143
65
183
155
82
156
127
61
122
91
34
134
103
54
160
130
91
186
157
128
81
55
38
64
40
33
62
40
41
65
44
53
41
24
39
37
21
39
42
25
39
42
26
35
34
18
25
29
13
19
28
12
16
30
15
17
37
23
22
54
42
37
63
52
44
58
48
37
57
48
33
62
55
36
61
55
32
68
64
38
78
75
46
87
82
53
86
82
51
76
71
38
76
72
38
82
78
43
89
85
51
80
68
46
101
88
66
106
93
70
105
92
67
102
89
62
114
100
70
110
94
63
105
89
56
103
88
53
124
108
73
104
89
54
104
89
56
103
89
57
95
82
50
147
136
108
131
122
94
105
98
72
81
76
52
88
83
61
108
102
82
100
93
83
120
111
109
174
166
166
148
140
140
86
79
83
96
89
97
151
144
155
242
235
250
225
218
238
237
231
247
244
237
253
236
228
248
166
157
190
115
105
139
119
108
143
135
123
159
135
121
158
115
100
137
93
77
114
94
76
114
115
98
135
160
138
172
174
152
185
172
152
181
148
128
155
94
73
99
190
170
194
170
150
174
174
153
178
174
152
179
98
75
105
90
65
100
77
52
87
69
45
79
68
45
78
78
56
84
77
57
79
73
57
71
68
56
62
66
56
56
61
52
48
59
46
48
55
39
44
49
34
38
76
58
63
105
85
90
111
91
95
108
86
89
98
75
78
95
69
70
89
62
60
84
56
50
80
51
42
73
44
29
73
43
23
78
48
24
84
54
24
87
57
22
84
53
14
85
55
12
89
59
14
94
63
18
96
67
22
89
62
16
90
66
18
96
74
25
104
86
35
125
112
59
224
220
165
252
249
191
248
244
183
247
245
181
248
246
181
248
246
181
249
246
181
250
247
180
250
247
179
251
246
179
252
246
179
252
247
178
254
247
178
254
247
178
252
247
172
253
249
171
255
251
174
255
250
175
252
247
173
252
246
173
253
247
174
255
249
176
255
249
176
252
246
173
252
247
173
254
249
174
254
251
174
252
248
170
248
245
165
247
244
163
248
246
162
252
251
164
252
251
164
250
249
161
247
246
158
244
242
159
245
243
159
246
244
158
248
245
157
249
245
156
250
245
151
249
243
146
248
242
141
249
241
137
251
240
132
252
246
134
246
233
118
245
229
111
248
230
109
237
214
92
229
205
81
234
207
83
235
206
82
227
197
71
223
191
64
204
176
48
205
176
49
215
186
59
218
189
63
208
178
53
205
173
50
204
173
51
207
175
56
204
168
52
192
155
42
194
156
46
195
157
49
178
138
33
187
145
44
175
132
33
169
125
29
172
125
33
170
123
32
170
123
34
166
117
30
161
114
28
157
117
34
149
110
25
154
116
29
154
116
26
148
111
19
146
111
14
147
112
13
159
125
25
170
137
35
173
140
37
85
60
0
118
94
30
133
109
42
134
110
40
129
105
32
132
108
32
130
107
29
130
106
27
132
109
29
131
106
26
128
103
25
124
100
24
122
97
23
122
97
27
108
84
18
103
79
16
102
79
18
102
81
22
92
72
14
90
69
13
94
74
22
98
78
29
95
77
24
100
84
25
108
93
28
109
95
24
105
93
17
115
104
25
112
100
20
116
104
24
121
107
30
124
110
35
125
110
38
120
103
33
121
103
33
124
107
35
128
112
38
118
102
24
124
110
28
144
130
47
176
162
77
171
164
68
144
136
40
139
129
32
151
137
40
181
163
65
188
166
68
174
148
52
176
148
54
196
166
75
216
183
100
232
199
124
181
148
83
137
105
51
160
129
87
162
134
110
101
76
62
61
39
35
46
27
32
51
34
47
47
32
50
46
30
39
43
26
26
35
18
18
58
42
39
67
51
49
64
49
45
52
39
32
37
25
17
46
36
24
47
37
24
51
42
27
61
52
35
70
65
43
72
67
44
78
74
49
84
80
54
82
79
52
73
70
41
64
61
32
56
54
24
50
48
18
56
47
36
82
72
60
88
78
65
87
77
62
84
73
57
100
88
68
106
93
72
105
92
70
99
87
63
96
85
57
103
92
63
127
116
87
137
127
97
116
107
78
127
120
90
126
120
91
112
108
78
96
92
63
102
100
71
70
68
39
72
66
52
78
69
66
81
74
72
82
75
75
99
91
95
124
116
124
163
156
167
234
227
242
236
230
247
230
225
245
228
221
245
220
212
239
126
117
150
115
105
141
153
141
179
179
165
205
144
127
168
136
120
161
156
138
180
156
137
179
135
116
157
86
66
99
114
94
127
116
96
127
129
110
139
171
153
180
197
178
206
177
158
186
167
148
177
155
134
167
99
77
113
82
59
99
86
62
103
88
65
105
86
64
102
100
79
111
81
64
88
76
61
78
75
62
72
67
56
59
60
51
49
61
46
50
60
42
49
58
39
46
67
46
54
93
72
80
121
99
106
137
113
119
125
99
106
102
73
77
126
97
98
134
103
101
124
94
87
106
74
61
87
55
37
83
52
28
87
56
27
97
67
31
90
59
19
89
58
14
89
58
12
92
62
14
107
78
31
85
59
11
93
69
21
108
86
37
125
107
56
192
180
127
239
231
176
254
250
194
253
252
194
246
245
186
247
246
186
247
246
186
248
247
185
249
247
184
250
247
183
251
247
183
251
247
182
252
247
182
253
247
182
253
246
182
254
249
178
254
252
177
255
253
179
255
252
179
254
248
177
253
247
176
253
248
177
254
249
180
254
249
179
252
246
176
251
245
175
250
244
174
250
247
174
249
246
172
248
245
169
247
245
167
247
246
167
250
249
170
250
250
168
248
248
166
247
247
164
249
248
167
251
249
165
252
249
165
252
249
162
252
248
158
249
244
149
244
238
139
241
234
131
240
230
124
239
228
116
235
221
107
228
211
95
228
208
89
231
210
88
222
198
76
221
195
71
229
201
76
233
203
77
227
195
68
221
189
62
218
187
62
211
180
55
202
172
47
200
169
45
212
178
56
213
179
58
207
173
54
196
162
44
193
156
43
200
162
51
203
165
55
202
163
56
196
154
51
199
155
54
184
139
41
176
130
34
176
130
35
174
127
34
173
125
33
171
122
30
167
120
30
162
123
37
155
117
28
155
118
28
153
116
24
151
115
20
165
130
33
166
132
31
175
142
40
183
150
46
183
151
46
84
58
0
120
94
32
135
109
45
135
110
42
126
101
30
128
104
29
131
105
29
133
107
30
136
111
30
129
104
24
130
105
27
129
104
28
127
103
27
125
100
28
119
95
27
113
91
24
108
86
22
104
82
21
99
77
18
96
75
16
96
76
22
98
79
28
101
84
31
103
87
29
102
88
24
103
90
21
104
93
20
109
100
22
111
100
23
110
98
22
113
100
25
123
110
37
120
105
34
120
104
35
122
105
35
125
108
35
125
108
32
131
116
33
146
131
45
164
149
61
181
167
77
172
162
62
161
150
47
158
145
41
163
147
41
179
159
51
187
163
53
186
159
49
190
160
52
199
167
62
219
185
86
210
176
86
206
173
93
194
161
93
160
129
73
187
160
122
141
118
93
110
89
76
98
81
79
125
110
117
130
117
128
104
86
91
74
53
52
53
32
32
66
44
44
61
42
41
59
40
39
57
38
36
49
31
28
49
33
28
50
34
29
49
34
27
48
34
26
72
61
50
71
61
48
73
63
49
72
64
49
63
56
40
55
48
30
58
52
33
61
54
35
61
55
36
60
54
48
71
65
58
79
72
64
85
77
69
91
83
72
94
87
74
100
91
77
99
91
74
94
86
68
96
87
66
97
89
65
119
111
86
128
121
94
106
101
72
114
111
80
119
117
86
103
100
69
79
77
46
83
82
50
60
61
29
58
53
39
64
55
54
75
67
66
74
65
67
84
76
81
95
88
96
120
112
123
182
175
190
193
187
206
217
211
231
221
214
236
197
189
213
101
92
125
108
99
134
150
138
175
178
164
204
156
140
181
171
154
197
172
153
196
156
136
180
129
109
153
109
89
125
121
102
136
128
110
142
137
120
150
150
134
162
194
177
205
199
182
211
175
158
189
133
115
148
79
60
97
83
63
103
94
73
115
98
78
119
94
73
112
118
100
133
107
90
118
100
85
106
94
81
95
85
74
82
63
54
57
66
50
56
69
49
56
70
49
57
66
45
53
75
51
60
100
75
84
123
97
106
130
102
111
110
80
86
126
94
98
128
96
96
120
88
83
121
87
77
109
76
59
98
64
42
96
62
34
109
76
41
91
58
16
96
63
18
103
71
23
111
80
30
115
84
34
97
68
18
96
70
20
132
110
59
208
189
138
250
239
186
252
246
192
252
248
193
249
246
191
242
242
187
247
246
190
247
247
190
248
248
190
249
248
189
250
248
188
252
248
188
253
248
188
254
248
187
255
248
187
254
247
186
255
252
183
255
254
182
255
253
181
254
250
181
253
249
180
252
248
180
251
247
180
251
246
181
251
246
181
252
246
181
251
246
180
250
245
179
251
247
180
252
248
179
252
249
178
252
249
176
250
248
175
248
247
174
247
247
171
248
248
170
248
248
169
249
247
165
251
249
165
253
250
164
253
250
161
252
248
156
248
242
145
241
233
132
237
227
121
233
222
112
231
218
106
231
216
98
231
212
93
230
209
87
228
205
82
228
203
78
230
203
78
230
201
75
228
198
71
224
193
66
219
187
60
213
182
56
210
178
54
208
175
52
207
174
52
209
175
55
209
174
56
207
172
55
203
168
52
198
160
48
196
158
48
197
157
50
199
158
53
201
158
55
198
154
53
191
147
48
186
140
42
181
134
37
175
128
31
172
124
28
169
121
25
165
119
25
158
121
31
161
124
33
156
120
28
155
119
24
156
121
23
162
127
29
177
144
41
196
164
59
213
181
74
222
191
83
83
55
0
120
92
33
137
109
47
138
111
46
131
105
36
136
109
37
137
111
36
137
111
34
137
110
32
127
101
21
127
102
24
127
102
25
127
102
27
127
102
30
124
99
30
119
95
28
114
91
26
109
87
23
102
81
19
99
78
17
96
76
20
96
76
24
99
80
26
101
83
23
100
84
20
100
86
18
101
90
17
105
95
20
108
96
21
108
95
20
108
94
21
110
95
25
126
110
41
131
114
44
131
113
41
129
110
35
132
114
35
151
134
48
165
148
58
175
158
64
177
162
64
155
141
35
168
153
45
177
160
51
181
162
50
177
155
39
179
153
35
191
162
43
203
172
53
214
182
64
220
186
73
229
196
92
229
196
103
218
187
104
191
161
91
148
123
72
135
112
74
128
109
82
131
115
99
162
148
142
193
180
180
174
153
158
144
117
124
115
88
95
66
38
48
69
42
51
68
42
50
66
40
49
68
42
51
48
23
33
51
27
36
51
28
36
45
22
30
135
114
120
173
155
159
157
139
143
112
95
98
56
41
42
44
30
28
50
35
34
53
39
37
53
40
37
57
53
48
50
45
40
58
53
48
69
64
58
73
68
60
76
70
61
72
66
56
66
60
49
65
58
46
95
89
74
90
84
68
91
86
67
92
88
67
93
89
67
110
108
81
95
94
66
72
71
42
52
50
21
62
62
31
43
44
13
48
41
30
56
46
49
65
56
59
64
54
59
75
66
74
83
74
84
94
86
99
122
115
130
140
134
153
155
148
170
148
142
167
122
115
144
102
94
125
127
118
152
148
136
173
157
143
182
145
129
170
180
163
206
173
155
198
155
136
180
134
115
158
134
113
151
141
121
156
150
132
165
155
139
169
153
138
166
166
152
178
161
148
173
133
120
147
99
86
115
95
82
113
104
88
124
99
83
121
95
78
117
96
80
118
133
117
151
124
109
138
117
102
126
110
97
116
104
92
106
80
69
79
77
59
67
78
56
63
79
57
65
75
52
60
66
41
51
83
57
67
112
84
94
145
114
125
139
106
114
134
101
106
128
94
95
122
88
84
121
85
75
119
84
67
101
67
43
94
60
30
111
76
41
112
78
34
106
73
25
108
76
25
115
84
30
125
91
38
111
78
25
97
68
15
141
120
66
253
240
186
247
235
181
248
241
187
246
241
189
246
243
190
250
250
199
248
247
195
247
247
194
248
248
194
249
248
193
250
249
193
252
249
193
254
249
193
255
249
193
255
249
192
255
249
191
254
252
187
254
253
185
254
252
185
252
250
184
252
249
183
251
248
184
251
247
185
250
246
185
252
246
185
252
246
186
252
246
185
251
246
184
252
247
184
252
247
183
252
248
182
251
248
181
250
248
179
250
248
178
249
248
176
249
248
175
250
249
173
254
252
167
254
252
165
254
251
162
253
248
157
251
245
150
246
238
138
241
232
127
237
226
117
234
221
109
233
218
102
231
213
92
232
213
90
233
212
87
233
210
84
233
208
81
231
204
77
228
200
73
224
196
68
220
191
63
215
185
58
214
183
58
215
183
60
215
183
61
213
181
60
208
174
55
205
170
52
203
168
52
203
167
54
201
164
53
198
159
51
195
155
48
193
152
47
193
150
47
193
149
48
193
149
49
192
147
47
187
141
42
177
131
31
172
126
27
172
125
26
168
124
27
156
119
28
163
127
34
162
126
31
158
123
26
155
121
21
165
132
30
194
162
57
220
189
82
240
210
102
250
222
113
81
50
0
118
88
34
135
105
47
137
108
47
132
105
39
139
110
41
140
112
40
139
112
37
138
110
33
126
98
20
122
95
18
121
94
18
121
95
20
120
95
23
120
94
24
117
93
25
114
91
25
110
88
23
106
83
21
103
81
19
103
82
26
104
83
30
103
83
27
100
82
21
99
81
16
98
83
14
99
86
14
104
92
18
110
97
23
113
99
26
116
101
30
122
106
37
128
110
42
130
111
41
131
110
37
131
109
32
133
112
29
145
125
34
156
137
41
165
147
46
172
153
49
185
164
55
193
173
62
198
176
62
199
175
58
193
167
46
191
164
39
200
172
45
211
181
54
222
191
64
227
196
74
225
195
81
208
179
73
200
172
75
221
196
111
219
199
131
204
185
130
163
145
103
118
102
70
158
146
122
186
174
155
178
154
155
182
149
165
221
188
203
106
75
92
162
130
148
178
147
165
165
133
153
131
99
121
154
123
144
148
118
139
134
105
126
121
93
113
229
203
223
246
220
240
231
206
224
198
174
191
156
133
148
179
158
170
148
127
139
99
79
91
46
28
39
46
43
36
48
44
39
51
47
42
50
46
41
41
38
32
46
41
37
40
35
30
39
34
30
45
39
35
56
49
44
68
62
55
60
54
45
49
44
34
43
38
27
84
81
64
65
62
45
59
57
38
60
58
37
55
55
32
48
47
24
57
49
45
66
53
62
69
58
68
56
44
55
56
46
58
59
49
63
65
55
71
72
64
81
94
88
108
87
81
103
83
76
101
86
79
106
100
92
123
139
130
163
180
169
204
208
195
232
205
190
228
211
195
235
193
176
216
167
149
190
141
122
163
134
112
151
155
135
170
158
141
173
166
151
180
186
172
197
190
179
201
199
191
210
201
193
213
191
184
205
153
145
170
153
145
173
129
118
150
109
97
131
103
91
125
127
113
147
127
112
143
134
119
147
142
127
152
144
128
150
107
93
110
104
85
94
100
78
83
92
69
75
92
69
77
86
60
70
96
69
78
119
89
100
155
123
134
162
129
136
152
118
123
145
109
111
141
104
101
132
95
86
135
100
82
109
74
49
95
60
28
113
77
40
128
95
47
112
80
28
110
78
24
116
83
27
117
80
21
107
72
13
106
74
16
152
126
68
250
230
173
252
248
196
252
245
191
250
244
191
249
245
193
250
249
198
247
247
197
247
247
197
248
248
197
249
248
197
252
249
197
253
249
197
254
249
197
255
250
196
255
250
196
255
250
196
254
251
192
253
252
190
252
251
189
252
251
190
251
250
189
251
249
189
251
248
190
251
248
189
252
247
189
252
248
189
252
248
189
252
248
189
252
248
188
251
248
186
252
248
185
253
248
184
252
249
183
252
250
181
251
249
179
250
248
178
251
249
175
255
251
164
253
249
159
251
246
153
248
241
146
245
237
139
241
231
127
237
226
116
234
221
108
232
217
101
232
215
95
228
210
86
232
211
86
235
213
86
237
214
86
238
213
85
234
209
80
229
204
76
225
199
71
221
194
68
217
191
64
214
184
60
216
185
62
219
188
67
216
185
65
204
171
53
198
164
48
197
162
48
201
164
54
203
165
56
198
160
53
198
157
52
197
156
52
193
151
48
193
150
49
198
154
53
198
155
53
193
150
47
179
135
33
175
131
29
177
133
30
177
135
35
171
134
41
167
132
36
166
131
34
163
128
29
160
126
26
173
140
36
198
165
59
210
179
71
218
187
78
222
193
83
80
49
0
117
86
34
134
104
49
137
107
49
133
102
41
138
109
43
141
111
42
142
112
39
141
112
37
131
102
27
126
97
22
123
95
20
121
94
21
119
94
22
116
91
21
114
90
22
112
89
23
111
89
24
111
89
24
109
88
26
113
90
32
117
92
37
115
92
34
112
91
29
111
92
26
111
94
25
111
96
24
113
98
25
117
102
29
120
104
32
125
107
37
131
113
45
135
114
46
138
115
44
139
115
41
140
117
38
146
121
36
157
133
38
165
143
42
173
151
45
179
158
50
218
191
78
226
198
84
223
195
78
213
184
64
194
165
40
197
168
40
216
188
56
231
202
68
236
207
74
220
194
64
222
197
72
227
203
87
229
207
99
224
202
105
243
225
143
223
207
136
155
140
82
76
62
16
144
132
89
110
98
61
115
93
85
160
129
143
253
222
237
122
91
106
215
185
201
248
219
236
235
204
224
180
149
171
240
224
238
243
220
239
219
190
214
179
150
175
254
232
253
234
209
232
225
200
221
222
197
217
220
196
214
240
216
234
201
179
195
140
119
134
71
52
65
51
48
40
53
50
44
59
55
51
55
50
47
25
20
19
49
43
43
50
44
45
44
37
40
36
29
33
45
38
42
48
41
45
49
42
44
46
40
41
42
36
36
64
59
57
62
58
54
63
58
53
64
59
52
61
56
47
66
62
52
66
55
61
67
52
68
70
57
73
68
55
72
76
63
81
72
61
79
63
52
72
49
40
61
76
69
90
72
66
88
64
58
82
60
53
79
101
94
121
140
132
162
197
187
215
237
225
253
227
213
247
232
218
254
235
219
251
208
190
224
161
143
181
132
111
150
163
145
180
155
139
170
162
147
174
207
196
216
239
234
247
240
238
249
244
243
252
246
245
253
233
233
248
216
213
233
171
166
189
133
126
153
112
104
134
109
97
130
110
96
128
124
108
140
139
124
154
146
131
159
113
96
123
113
94
105
108
86
90
96
73
77
97
74
79
87
60
69
86
58
68
99
68
79
135
101
111
150
116
123
140
105
110
143
107
108
153
115
112
142
106
96
151
115
96
128
92
66
115
79
46
131
96
57
138
105
55
114
81
27
107
75
17
111
79
18
121
79
15
119
81
17
127
92
29
148
117
56
186
159
99
247
231
173
253
248
192
251
248
193
246
241
189
246
243
192
247
247
197
247
247
198
247
247
199
248
248
200
250
248
200
252
248
199
253
248
199
254
249
199
255
249
199
255
249
199
253
250
195
252
251
193
252
251
193
252
251
194
252
251
194
252
250
195
252
249
195
253
249
195
252
248
194
252
248
194
253
249
194
254
250
194
254
250
191
252
248
189
254
249
189
255
250
188
255
251
187
254
250
185
251
248
181
249
247
178
249
246
171
255
248
156
251
243
149
247
238
142
243
234
134
239
230
126
237
226
116
235
223
108
234
220
102
233
217
96
233
215
90
230
211
82
233
213
84
236
215
85
239
217
87
238
216
86
234
211
82
230
207
78
225
203
75
221
198
72
219
195
70
213
186
63
215
186
65
219
190
69
216
186
67
203
171
54
198
164
49
197
163
51
202
166
57
204
168
60
201
162
56
202
163
58
202
163
59
194
155
51
192
151
48
195
154
51
194
153
50
188
147
44
175
134
28
173
132
26
178
135
30
178
138
34
166
131
35
158
123
25
164
129
30
165
131
30
163
130
27
169
138
31
184
153
44
185
155
45
187
157
46
196
166
55
80
47
0
120
87
37
138
106
54
140
109
54
134
102
43
136
105
41
137
106
39
138
108
37
140
111
37
134
105
30
133
104
29
131
103
28
129
101
28
126
98
27
122
96
26
120
94
27
119
93
28
117
92
29
117
95
30
118
95
33
117
92
33
116
88
32
116
89
31
121
95
33
124
101
35
125
104
35
124
104
33
117
100
27
113
96
23
112
93
22
112
92
21
111
90
22
136
111
41
145
119
46
148
122
45
151
124
42
163
138
47
191
164
65
201
174
69
201
175
66
195
170
57
229
192
78
219
183
66
209
175
55
202
169
45
201
169
42
209
179
48
215
186
52
219
191
55
221
195
57
220
196
61
229
207
77
222
202
78
223
204
87
249
232
124
233
217
121
242
227
142
204
191
115
133
120
52
73
61
8
94
82
26
100
83
58
123
102
102
177
156
156
114
93
94
197
175
178
239
217
221
240
218
224
185
163
172
221
198
208
227
204
215
200
177
189
144
122
134
226
204
216
212
191
202
205
184
195
211
192
201
250
232
239
254
247
252
218
205
209
171
155
158
130
115
116
183
180
175
101
97
92
121
116
112
148
143
141
121
115
116
77
69
75
75
67
76
75
66
78
74
65
78
74
65
79
70
59
76
64
53
70
62
51
68
67
57
72
77
67
81
112
102
114
107
98
109
86
78
86
96
88
95
70
63
70
86
72
89
92
75
98
80
63
87
97
81
105
137
123
146
142
129
152
129
117
139
109
99
122
102
94
117
100
93
116
98
92
116
94
88
113
56
49
76
66
59
87
142
134
162
217
206
232
239
226
242
228
215
246
214
199
232
186
170
204
156
140
174
174
152
192
129
112
147
132
117
147
170
158
180
246
238
249
249
247
255
249
250
253
244
248
248
238
243
243
238
242
247
233
236
244
229
229
243
224
221
241
214
208
234
140
129
161
116
103
136
124
109
143
142
125
160
147
130
164
109
89
123
112
91
104
113
91
93
108
85
89
108
82
88
85
57
65
81
51
60
96
64
73
138
105
115
156
122
129
147
111
115
143
105
107
143
105
102
140
102
90
154
117
96
150
114
86
152
117
81
169
134
91
143
111
58
116
84
26
106
74
13
109
76
12
126
80
12
134
91
23
120
81
14
108
75
9
107
79
15
153
131
70
230
216
159
250
241
186
248
242
189
254
253
202
252
250
201
250
249
202
249
249
202
249
249
203
251
248
203
252
249
202
252
248
201
252
248
200
253
248
199
254
249
200
251
250
198
250
250
197
251
251
197
252
252
199
252
251
200
252
251
200
253
251
200
254
251
200
253
250
199
253
249
198
254
250
198
255
251
198
255
250
195
254
250
193
254
251
192
255
252
191
255
253
190
255
251
186
251
245
178
246
240
173
245
239
165
252
245
148
248
239
141
244
234
133
241
231
126
241
228
121
241
228
116
242
228
111
242
227
106
242
225
101
242
223
96
239
219
88
238
218
86
237
217
84
236
215
83
233
212
81
229
209
78
226
206
76
222
201
73
218
197
70
215
193
68
216
189
67
218
189
69
220
190
71
216
187
68
209
178
63
205
173
59
203
170
59
206
170
62
204
168
61
200
164
59
202
164
61
204
165
61
198
159
57
194
155
51
192
153
49
190
150
46
186
146
40
179
139
33
180
141
33
184
145
37
181
143
37
163
128
30
166
131
32
181
147
47
180
147
45
166
134
29
161
130
23
181
150
41
187
156
46
196
166
55
214
184
73
78
44
0
120
86
39
140
107
57
144
112
58
135
102
44
131
100
37
129
97
31
128
97
29
131
101
30
126
97
23
123
94
20
122
94
20
122
94
20
121
93
22
121
94
26
121
94
28
120
95
29
120
95
31
119
97
32
120
97
34
121
95
36
123
93
36
121
92
33
122
95
32
124
100
33
124
102
32
122
102
29
115
96
23
112
93
20
113
93
21
115
93
23
117
93
24
127
102
32
136
109
36
144
116
39
153
124
41
167
139
49
188
160
59
198
170
63
202
175
63
202
174
59
219
180
63
213
175
57
212
174
54
216
179
56
224
191
62
226
195
63
221
192
56
218
191
53
218
194
55
225
204
67
222
203
70
236
219
91
248
232
111
240
226
112
228
214
111
228
215
122
207
195
109
171
160
81
153
141
69
144
132
63
121
108
68
102
88
72
98
84
69
83
70
57
156
142
131
206
193
183
223
211
203
169
154
147
191
175
171
216
201
198
197
182
180
125
111
109
183
168
166
174
160
158
193
180
176
217
206
200
223
212
205
245
237
228
177
168
158
162
152
142
208
199
188
228
226
222
193
187
184
210
203
202
232
226
226
227
220
224
172
162
173
111
102
115
88
78
94
94
83
102
86
73
97
100
87
112
83
70
95
68
54
80
68
55
81
173
160
184
212
200
221
218
206
224
201
189
206
183
171
189
103
91
109
101
84
108
99
80
108
83
66
93
97
80
108
128
113
140
131
117
143
132
119
144
161
151
174
152
143
167
150
144
168
132
126
151
98
92
117
77
71
96
81
75
101
102
94
120
124
114
142
138
126
156
164
152
181
151
137
168
150
135
166
154
138
171
135
113
155
173
155
189
162
147
175
161
149
172
197
190
204
229
230
233
235
239
238
232
237
234
227
235
229
242
248
246
245
250
251
242
245
250
239
239
250
234
231
248
160
152
182
136
123
156
128
112
148
126
109
146
124
106
144
115
94
133
117
95
110
113
91
93
104
81
83
104
79
83
97
70
75
102
72
80
115
83
92
139
106
115
143
106
114
140
103
109
140
102
104
140
102
98
136
98
86
145
107
87
156
119
90
170
134
97
186
151
107
137
103
49
118
86
26
113
82
19
119
85
18
129
81
8
139
94
23
128
86
17
123
85
18
129
97
32
124
101
39
209
192
133
245
235
180
253
250
197
245
242
191
253
252
203
253
253
206
253
253
207
252
252
207
253
251
206
253
250
205
253
249
204
253
248
203
254
248
202
254
248
201
250
250
200
249
251
200
249
252
200
251
252
202
252
253
203
253
253
204
254
253
203
253
252
202
254
250
201
254
250
200
254
250
200
255
251
199
255
249
196
255
250
194
255
252
194
255
253
193
255
254
191
255
250
185
248
242
175
241
235
168
239
233
159
249
240
141
245
235
134
242
231
127
241
228
122
241
228
117
245
232
115
249
234
113
250
233
109
250
232
105
249
231
100
245
226
93
241
222
87
237
217
83
233
212
79
229
210
77
228
209
77
227
207
77
224
205
77
220
202
75
217
198
73
219
194
72
219
192
71
216
189
69
213
185
67
213
183
67
211
179
66
208
175
64
203
170
61
197
163
56
195
159
54
194
157
54
193
155
53
193
155
53
192
153
49
189
150
46
187
147
43
185
146
40
186
147
40
189
150
42
190
152
43
188
150
44
177
142
44
184
150
50
195
162
59
183
150
46
157
125
19
155
123
16
192
162
52
197
166
55
195
165
54
198
168
57
68
40
0
113
86
42
134
107
60
137
110
61
132
104
52
125
98
39
123
96
35
122
95
31
120
94
25
114
88
18
109
84
13
109
84
12
111
87
14
115
91
20
119
96
28
118
96
29
116
95
29
114
93
28
116
97
33
121
101
39
129
105
44
135
108
47
134
108
46
123
97
33
123
99
34
123
99
33
121
96
29
114
90
23
120
96
28
122
96
28
125
97
28
130
100
31
135
105
31
141
111
33
147
117
35
155
124
36
163
132
37
175
145
41
186
157
47
196
167
54
205
176
60
225
190
58
226
191
60
228
193
61
229
195
62
230
198
63
231
199
64
231
200
65
230
202
67
230
203
69
230
205
73
237
214
86
244
222
97
241
220
100
219
200
85
220
203
95
210
194
91
196
182
82
185
171
76
205
191
100
200
187
98
186
179
115
159
155
113
117
113
74
68
62
31
105
97
71
134
124
104
144
132
119
98
83
76
146
130
127
176
159
159
159
142
143
88
72
72
90
75
74
101
85
82
161
146
141
221
207
200
217
202
195
204
191
182
132
119
110
148
135
126
241
229
220
172
167
156
228
224
215
241
236
230
243
238
234
250
246
245
245
238
243
159
151
160
110
102
114
99
89
106
103
92
112
118
106
128
104
92
115
91
78
103
92
79
104
248
237
255
247
233
250
247
232
248
249
234
249
248
237
253
175
160
178
137
120
143
123
106
133
134
119
146
146
131
158
176
162
189
175
162
189
180
169
194
243
234
255
232
224
251
234
228
251
203
198
221
141
136
164
95
90
118
82
76
105
75
68
98
77
69
100
94
84
115
113
102
134
108
95
129
120
107
141
139
126
161
117
101
140
218
205
237
215
203
232
185
175
200
153
145
164
144
142
151
184
183
189
215
216
218
234
236
236
224
227
226
239
240
243
240
238
244
241
238
245
247
241
247
226
217
236
199
186
209
144
129
154
94
77
105
93
76
104
130
111
140
131
111
127
122
101
109
108
85
94
116
87
97
139
104
115
145
106
117
147
106
116
156
112
122
149
106
112
148
108
109
148
110
107
145
110
99
114
82
64
134
104
77
158
128
94
176
144
104
180
147
100
129
91
37
123
83
24
125
84
22
134
89
24
146
92
19
145
94
22
142
93
24
140
96
28
139
101
36
116
86
24
180
155
97
223
206
151
247
238
186
247
240
189
254
253
204
255
254
207
254
254
208
253
253
208
251
252
207
251
252
206
251
251
205
251
251
205
251
251
205
251
251
204
250
252
199
250
253
198
251
253
199
253
253
201
253
253
204
254
252
205
254
252
206
254
250
207
255
250
206
255
249
206
254
249
204
254
249
202
255
250
200
255
252
198
255
253
194
254
253
190
253
252
185
249
247
174
242
241
164
237
236
157
235
234
152
244
240
144
238
233
136
237
231
131
238
232
128
241
234
125
243
234
119
246
236
116
248
236
112
248
235
107
245
232
100
246
232
97
241
226
90
236
220
83
231
214
78
228
211
76
230
212
80
230
212
82
229
210
82
225
207
81
221
202
77
223
196
74
221
192
71
217
188
68
216
186
67
218
187
69
218
185
70
215
181
67
209
175
61
202
167
55
201
164
53
197
159
50
193
154
47
193
153
47
192
151
46
190
148
44
189
146
43
189
146
42
193
149
46
195
151
48
195
151
49
190
148
46
173
137
37
174
139
38
177
143
40
169
135
32
155
122
17
163
130
24
195
161
54
199
165
58
196
162
55
192
158
51
55
34
0
94
73
34
109
88
45
110
89
43
116
94
46
113
92
38
116
95
38
116
93
34
110
87
24
106
84
18
107
86
18
107
86
17
107
86
17
110
89
20
114
93
27
114
94
28
112
93
28
110
92
28
115
96
35
121
102
41
126
106
42
132
110
45
142
120
54
137
113
47
143
118
54
145
119
56
141
114
51
127
99
35
132
102
37
127
95
28
126
93
23
134
102
29
140
107
27
146
113
28
154
121
30
161
129
32
167
136
33
174
144
35
183
153
41
193
163
48
204
174
55
233
205
57
231
202
56
227
198
54
224
194
52
223
193
52
227
196
58
231
199
64
232
200
69
231
199
71
227
195
70
221
191
69
221
192
73
219
192
75
208
183
68
194
171
59
197
177
65
203
184
73
207
190
80
206
190
82
206
191
84
193
186
100
172
171
103
143
141
78
132
126
76
164
154
116
170
157
130
148
132
116
78
59
53
106
85
86
126
104
109
137
115
121
134
113
119
92
70
75
93
74
76
147
128
129
205
186
187
210
193
193
131
112
114
113
95
98
146
128
132
213
194
198
186
183
167
228
226
213
241
237
226
245
241
233
255
252
247
253
250
250
211
206
209
163
157
165
120
112
124
102
93
109
124
115
133
121
111
129
112
100
119
104
92
111
243
230
246
243
229
246
242
225
242
241
224
239
246
232
246
187
169
183
142
126
146
126
112
137
145
132
157
170
157
182
146
135
160
147
137
163
166
157
183
207
200
223
206
200
228
225
221
245
208
204
229
154
149
180
107
102
133
108
103
135
102
97
129
100
94
128
116
109
144
155
145
181
149
139
175
129
119
156
107
96
133
110
100
136
177
168
201
197
189
220
188
180
209
152
143
169
125
119
138
159
152
168
199
193
205
235
229
238
241
235
241
241
234
239
241
234
238
244
237
241
250
244
249
244
233
241
236
223
234
178
163
176
111
96
111
87
71
88
121
105
123
116
100
116
114
95
110
120
96
111
141
108
124
168
127
142
165
117
131
161
109
121
177
124
133
175
124
127
160
115
113
157
118
109
154
122
106
98
74
49
135
114
81
154
132
92
163
138
92
162
131
80
127
86
31
126
79
22
131
78
20
141
84
23
155
96
24
155
99
28
149
96
26
152
102
34
163
119
53
140
104
41
166
135
75
204
179
122
241
222
168
255
244
192
255
254
203
255
254
205
253
253
206
250
252
207
249
252
206
247
252
205
246
252
205
246
252
205
246
252
205
246
252
205
250
254
198
252
255
196
253
254
198
254
253
201
254
252
203
254
251
205
254
250
208
255
249
210
255
247
210
255
247
210
254
246
207
253
245
204
255
250
203
255
253
200
255
253
193
252
250
184
247
246
174
239
241
160
236
239
153
234
239
149
235
239
149
239
242
155
233
234
146
235
235
144
238
238
142
242
241
139
241
238
129
243
239
124
246
240
119
245
238
112
240
232
102
244
233
99
240
228
93
236
223
88
232
218
83
233
215
82
234
216
85
234
215
86
232
212
85
227
207
82
220
200
76
221
192
71
220
189
68
219
188
67
221
190
69
226
194
73
227
194
74
225
191
71
221
186
66
216
181
62
217
179
61
213
174
57
207
167
53
204
162
51
200
156
48
199
153
48
199
151
49
200
151
51
202
151
55
202
151
55
201
149
55
196
148
52
182
147
44
175
140
37
170
135
32
166
131
28
165
130
27
168
133
30
177
140
38
184
146
44
189
151
49
194
156
54
58
38
2
86
67
28
95
76
33
94
74
28
106
86
38
106
85
33
107
86
30
106
86
26
103
82
19
111
89
24
119
96
30
119
96
29
115
92
25
110
87
20
107
85
19
109
87
23
112
90
28
114
94
33
116
95
36
114
93
34
116
95
30
121
101
31
134
113
43
140
117
47
147
125
55
150
126
57
148
122
53
135
109
40
138
110
41
136
106
34
139
108
32
154
123
43
146
115
30
149
119
27
160
130
33
175
146
42
190
161
52
194
166
50
197
169
51
201
173
52
208
179
55
224
196
48
230
201
55
232
202
58
231
200
57
226
193
53
227
194
57
230
198
62
230
197
64
223
190
60
209
176
49
191
158
35
190
159
39
192
163
46
188
161
46
183
158
44
187
164
52
191
170
59
192
173
63
185
169
59
185
168
59
166
153
60
149
137
59
141
128
54
187
171
110
229
211
161
243
225
186
227
209
180
159
133
115
120
95
85
101
76
70
125
101
97
195
174
171
174
154
151
148
131
128
187
170
169
238
223
222
241
227
229
88
73
78
107
93
100
157
142
152
212
198
207
198
193
186
223
218
213
230
225
222
236
230
230
249
243
246
243
237
244
235
228
239
200
193
208
146
137
155
86
77
97
128
118
142
133
122
147
125
114
138
112
100
124
230
216
239
238
223
245
234
217
238
226
208
228
232
214
234
213
195
213
153
137
158
131
118
140
167
155
177
193
180
204
120
109
133
116
106
130
150
142
167
209
203
229
221
216
242
213
209
236
182
179
206
133
129
159
106
102
132
123
118
149
135
130
162
144
139
170
148
141
175
209
199
233
208
199
232
167
157
192
107
97
133
100
91
126
131
122
156
139
130
162
132
124
153
112
103
129
129
122
142
152
145
162
189
182
195
226
220
231
240
232
241
249
241
248
242
235
241
243
236
242
254
249
254
244
233
242
245
232
244
199
184
198
136
120
137
88
72
89
124
107
125
129
112
127
131
112
126
133
111
126
143
111
126
153
114
128
150
105
117
152
103
113
176
124
132
184
135
135
170
126
121
162
124
113
157
125
108
131
107
80
166
144
109
156
133
92
146
120
74
153
122
71
126
87
32
125
79
20
132
81
20
144
90
27
157
104
32
165
114
42
150
102
31
147
104
34
166
126
58
146
113
49
161
135
73
202
181
123
244
228
172
255
247
193
255
251
200
254
251
201
251
251
202
248
251
203
247
250
204
247
250
204
246
250
204
247
250
204
247
251
205
247
251
205
250
253
201
251
254
200
252
254
201
254
253
203
254
251
205
254
251
206
253
250
207
253
249
208
255
248
209
255
248
209
254
247
207
254
247
204
255
250
203
255
252
200
253
251
192
250
247
184
244
243
174
239
240
164
240
240
162
241
243
161
242
244
162
240
242
165
236
237
157
240
239
155
244
242
155
247
246
153
247
243
142
249
244
136
251
243
131
250
241
123
244
233
110
240
227
100
240
226
97
240
225
95
240
224
94
242
223
95
241
221
95
239
218
93
235
213
90
230
207
86
224
200
81
221
192
71
220
189
67
221
190
67
223
192
69
227
196
73
227
195
73
226
193
70
223
190
67
222
187
67
225
188
69
222
184
65
216
177
60
211
168
56
203
160
51
202
157
50
203
156
51
204
156
55
206
155
56
202
151
54
199
148
52
193
146
49
182
147
44
175
140
37
170
134
31
165
130
27
164
129
26
169
132
29
176
138
36
182
144
42
187
149
47
191
153
51
55
40
1
95
79
38
112
95
53
115
98
54
122
104
57
112
93
41
110
91
36
111
91
33
115
94
33
134
112
47
137
113
47
136
112
46
131
107
41
122
97
33
110
86
23
110
85
24
113
88
28
115
92
34
113
89
32
106
81
25
106
84
18
110
90
16
115
96
22
120
99
24
122
100
26
123
101
26
124
100
26
127
102
27
140
114
38
149
121
43
157
128
46
165
137
50
175
147
53
179
151
52
183
155
51
188
162
51
202
176
58
221
195
72
225
200
73
224
199
69
219
193
61
233
202
57
227
196
51
226
195
51
229
197
54
235
202
62
234
200
62
224
189
54
214
179
46
207
172
40
205
170
42
205
171
46
209
177
54
213
182
62
210
181
62
205
178
63
209
183
69
210
186
73
208
186
75
201
181
70
201
181
70
205
181
80
204
177
86
193
166
80
208
179
104
190
158
93
186
154
99
192
160
115
201
168
133
185
155
127
163
136
112
161
135
115
185
161
145
247
228
214
206
191
179
201
188
179
215
203
199
239
227
229
81
70
79
68
57
70
91
80
97
135
124
142
178
171
173
238
232
235
242
235
241
232
225
232
234
226
237
218
210
226
231
224
243
217
209
231
174
165
191
92
83
109
96
86
115
103
91
122
104
90
122
95
80
111
149
134
162
172
156
183
212
195
218
251
233
252
250
231
253
145
125
148
134
119
140
138
126
146
140
129
149
103
91
113
130
121
142
128
119
141
129
122
144
184
178
202
194
190
213
154
151
175
127
124
149
120
116
143
128
125
151
110
107
135
151
147
176
197
192
222
211
205
236
224
216
247
239
231
252
191
182
205
107
98
132
99
89
125
126
116
150
137
129
161
144
135
165
148
139
166
129
123
143
108
100
118
113
105
120
138
130
143
179
171
182
240
231
241
249
240
250
247
238
248
242
232
241
247
235
247
252
238
252
209
194
209
154
138
155
130
114
132
153
136
157
135
118
134
125
107
120
126
106
119
133
105
118
141
104
117
143
101
112
149
104
111
167
120
124
168
123
121
152
111
104
142
105
92
142
111
91
174
149
119
200
176
140
172
148
106
149
124
76
157
126
74
119
81
23
126
83
23
138
90
29
148
98
34
143
100
24
159
117
42
158
119
45
148
112
40
132
100
29
131
105
38
196
176
112
235
220
159
254
244
185
253
246
189
252
250
196
250
250
197
248
250
199
247
250
200
248
252
203
249
252
204
249
253
205
250
253
207
250
253
207
250
253
207
251
252
206
252
252
206
252
252
206
252
251
206
254
251
207
254
250
208
254
250
209
253
249
208
253
249
208
254
249
207
255
250
206
255
251
206
255
251
202
253
249
197
251
248
192
250
248
188
249
246
185
249
247
181
251
250
180
252
252
181
252
252
182
246
246
181
243
243
174
247
245
175
251
248
173
253
249
169
252
247
157
254
248
150
255
247
143
252
243
133
244
233
118
239
225
107
243
227
106
246
229
106
248
230
107
250
229
107
248
224
104
244
220
101
240
216
97
235
211
92
231
206
90
231
204
82
230
200
76
228
197
73
225
195
70
223
192
68
221
189
65
219
186
62
217
184
60
220
186
63
225
190
68
224
189
68
221
183
64
215
174
58
205
163
50
203
158
49
204
158
51
206
159
54
205
157
55
200
151
50
195
145
45
187
141
40
174
139
36
174
136
34
174
136
34
174
136
34
175
137
35
177
139
37
179
141
39
180
142
40
180
142
40
180
142
40
43
33
0
93
82
44
116
105
63
122
109
65
125
111
63
117
101
50
121
103
50
124
105
49
123
103
45
126
105
43
121
99
35
122
98
34
124
98
35
122
94
33
113
85
25
110
81
24
110
81
25
111
83
28
111
82
29
107
77
26
108
84
20
110
93
15
114
96
19
126
106
29
127
107
30
128
107
29
130
108
29
138
115
34
145
121
38
155
130
44
164
138
48
169
144
49
188
162
62
196
171
64
198
172
60
195
171
53
196
172
48
209
185
56
217
194
61
222
199
63
223
199
62
234
202
57
232
198
54
231
197
53
232
197
55
236
200
60
234
198
60
228
192
54
222
186
50
219
182
48
219
182
52
229
193
65
233
198
72
233
198
75
226
192
71
215
184
65
213
184
67
211
184
68
208
182
67
203
179
64
207
182
69
217
183
75
220
178
75
207
164
65
233
189
100
209
165
83
193
151
77
184
144
78
179
141
82
171
136
86
170
139
93
170
142
99
172
149
109
243
235
201
239
226
198
209
196
175
185
174
160
212
203
198
195
186
191
141
131
143
105
95
112
96
86
106
118
109
119
199
191
201
229
221
232
234
226
239
222
213
231
222
213
234
242
233
248
216
206
225
154
144
174
102
91
123
99
88
121
118
107
140
132
121
154
131
117
151
138
123
155
150
135
166
175
158
188
197
179
208
181
162
190
112
93
119
129
114
135
143
131
149
135
125
142
121
112
127
143
134
152
131
124
143
113
107
126
116
112
132
140
138
157
133
131
152
128
126
148
130
128
150
163
160
184
130
127
152
148
145
170
184
181
206
225
220
243
217
210
239
221
213
241
186
178
206
131
123
153
132
122
158
142
133
166
138
130
162
155
147
177
210
201
227
196
187
211
164
155
176
135
127
145
121
113
128
159
150
163
211
202
214
229
219
231
240
229
242
247
235
248
227
213
228
220
204
221
198
182
200
171
154
173
146
129
150
139
121
144
139
122
138
138
120
132
135
115
127
136
111
121
135
103
112
142
104
112
151
110
115
158
117
117
161
120
114
149
110
99
145
111
92
156
124
100
201
173
141
183
158
118
155
129
84
140
113
63
152
122
67
111
75
14
132
91
29
150
106
42
158
115
48
136
105
26
153
123
46
155
127
51
158
132
57
164
141
69
186
169
100
238
225
158
254
249
184
252
251
189
239
236
176
247
247
190
247
249
193
247
249
196
247
250
200
250
253
203
252
254
205
253
255
206
253
255
207
253
255
207
253
255
207
254
252
212
254
251
214
254
251
214
253
251
212
253
251
212
253
251
211
253
250
210
254
250
209
253
250
206
253
250
205
254
251
205
254
252
204
250
247
198
245
242
191
245
243
191
248
246
193
253
250
197
255
255
200
255
255
200
255
254
199
254
253
198
253
253
200
252
251
195
254
253
193
255
254
189
254
252
182
251
246
168
254
247
161
255
245
153
251
240
141
242
227
123
241
224
114
245
226
113
248
229
113
250
230
112
250
228
110
247
224
105
245
219
102
242
215
100
239
212
97
238
211
96
237
209
87
235
207
81
233
206
78
233
205
76
233
204
76
231
201
73
226
197
69
222
190
62
218
186
58
219
186
61
221
187
63
222
185
63
214
177
57
207
167
50
205
163
49
206
162
50
208
163
54
208
162
54
201
154
48
195
148
43
189
143
40
178
140
38
178
140
37
178
139
37
178
140
37
179
141
38
181
142
40
182
143
40
182
142
40
181
141
39
180
140
38
47
42
3
90
83
44
106
99
58
107
99
56
112
101
55
111
99
50
116
102
49
116
100
44
107
89
30
97
77
15
98
76
14
101
77
16
105
79
18
108
80
20
107
78
21
106
77
21
107
76
22
108
77
25
111
80
29
113
81
32
118
93
29
120
102
26
117
98
22
128
108
31
124
104
27
124
103
25
127
106
26
140
118
36
144
121
36
155
131
42
167
142
50
176
151
54
186
161
57
196
172
62
202
178
63
204
180
60
200
177
51
199
176
45
205
183
48
214
192
55
226
202
62
230
196
52
236
202
58
238
204
61
237
202
59
230
194
52
231
194
54
237
200
61
241
203
66
241
203
66
233
195
61
238
200
69
240
201
72
236
198
71
223
188
62
207
172
51
201
168
48
194
163
43
186
157
38
179
151
34
184
156
40
197
156
44
201
150
42
187
138
32
207
157
59
190
141
48
180
132
46
176
130
49
170
128
53
171
134
64
171
138
71
168
139
76
164
138
78
182
162
108
210
191
146
209
193
155
197
182
153
188
174
156
212
197
192
176
161
164
150
134
143
139
123
136
124
115
123
168
159
167
209
201
209
239
231
241
245
238
251
235
226
245
218
209
231
173
164
189
117
108
136
123
112
143
115
104
136
133
122
154
145
134
166
140
126
159
138
123
154
159
143
173
158
142
170
142
125
152
119
102
128
153
135
160
199
185
204
231
221
236
243
233
248
254
245
255
221
214
227
177
171
186
135
130
146
114
111
127
104
103
120
164
163
182
211
210
229
233
233
250
225
224
245
202
200
221
162
160
183
136
133
157
149
146
170
134
128
154
151
145
171
179
173
197
210
203
227
226
216
250
197
188
221
161
153
184
162
154
184
228
219
246
236
227
253
208
199
221
169
161
180
142
133
151
177
167
184
181
171
186
173
162
176
183
172
187
218
205
222
195
182
198
197
181
200
215
198
219
229
211
233
205
187
210
202
184
208
194
178
192
173
157
166
143
125
133
130
107
114
140
112
117
158
126
128
168
132
132
152
116
111
152
114
103
157
121
104
166
132
109
176
146
117
186
157
121
149
121
77
131
102
54
128
99
46
144
114
55
125
90
27
136
99
33
166
126
59
191
153
84
157
137
59
171
151
73
164
145
68
180
164
88
228
214
141
248
240
169
247
241
171
250
246
179
249
249
185
238
237
176
242
244
185
243
246
189
245
247
192
247
250
197
250
253
202
254
255
205
255
255
206
255
255
206
255
255
207
255
255
207
255
251
217
255
250
221
255
250
220
255
250
219
254
250
216
254
251
214
254
252
212
253
251
210
252
251
207
253
251
207
253
251
204
251
250
201
247
246
198
244
243
194
247
244
197
251
247
201
255
251
206
255
254
211
255
254
211
255
252
210
255
252
209
255
255
211
254
254
206
255
255
203
254
254
197
252
250
187
249
243
171
253
246
166
253
244
158
249
238
145
240
225
126
240
225
118
244
226
116
246
227
114
248
227
112
249
226
109
247
224
105
246
221
102
243
218
99
242
215
98
241
213
96
237
210
84
235
208
79
235
208
79
238
212
82
245
218
88
246
218
88
243
214
84
235
205
76
222
192
62
217
185
57
217
185
58
218
184
59
215
178
55
210
171
51
209
169
50
209
167
52
210
167
53
210
165
55
205
159
50
201
155
46
196
151
44
190
150
46
186
147
43
183
143
39
181
141
37
179
140
36
181
141
38
183
143
39
184
144
41
185
145
42
186
146
43
40
39
4
77
74
37
91
88
48
93
89
47
103
96
52
100
92
43
101
90
38
98
86
31
93
78
21
98
80
20
101
81
20
101
79
18
101
75
15
102
75
15
107
78
21
108
79
23
108
77
23
107
75
23
110
77
27
115
83
34
118
92
31
117
97
24
110
90
17
124
102
29
120
99
24
120
99
23
127
105
27
143
121
40
142
119
35
153
128
40
164
139
47
170
146
48
189
164
61
199
175
66
204
180
65
206
181
62
208
184
60
218
194
65
223
199
67
225
202
67
226
201
65
235
201
58
235
201
58
236
201
58
236
200
58
235
199
57
237
200
58
239
201
60
241
202
63
243
204
66
244
206
68
241
202
66
240
202
68
238
200
69
229
192
62
216
179
53
210
175
50
202
169
45
193
160
38
186
154
33
191
159
40
196
153
39
197
145
36
189
138
32
197
147
46
184
134
36
178
130
35
176
130
39
172
128
40
182
143
57
177
142
58
171
140
58
167
140
60
167
143
68
174
151
84
177
156
98
178
157
108
170
148
112
185
162
139
196
172
158
206
183
175
212
192
189
191
182
179
165
155
152
154
144
144
172
162
164
237
230
233
219
209
220
145
136
150
107
98
115
105
96
115
126
118
140
163
153
178
187
178
201
198
188
211
191
180
203
144
132
156
149
136
160
150
137
159
148
135
156
143
128
148
176
161
181
219
207
223
238
228
241
224
215
227
243
234
246
247
240
250
217
212
223
171
167
181
121
119
132
110
110
125
180
180
196
223
223
240
231
231
246
230
229
246
222
222
240
160
159
179
106
105
126
112
109
130
106
100
124
149
143
167
197
191
212
237
231
249
235
226
255
204
196
227
162
154
185
148
140
169
185
176
202
190
181
206
167
158
181
155
146
168
166
157
177
237
226
245
233
221
237
190
178
194
172
160
178
198
184
203
230
215
233
227
210
231
228
210
233
226
208
232
209
190
215
205
186
211
189
172
186
183
167
174
188
170
175
188
166
170
160
135
137
155
128
127
154
125
120
145
113
105
162
128
112
168
134
112
166
133
106
159
126
92
140
107
66
130
99
51
130
98
46
133
101
44
139
106
44
141
106
41
129
93
25
172
136
66
231
199
127
222
211
134
227
220
144
222
215
140
230
223
148
252
246
172
248
247
177
249
248
178
245
245
177
241
242
177
242
244
181
240
243
181
241
244
185
243
246
189
246
248
193
251
252
199
254
254
203
255
255
205
255
255
206
255
255
206
255
255
206
255
252
220
255
250
225
255
251
224
255
251
223
255
251
220
254
252
217
254
252
214
253
252
212
252
252
208
252
253
208
250
251
205
248
249
202
250
250
204
251
251
208
253
252
210
254
252
212
255
251
215
254
250
216
255
250
218
255
250
219
254
251
219
253
255
214
252
254
209
253
254
206
252
252
199
249
248
188
243
240
172
250
245
168
251
244
161
248
239
149
238
226
129
241
227
122
245
228
119
248
229
116
250
230
114
252
231
111
252
229
109
251
227
106
249
224
102
245
220
98
241
216
93
242
217
89
239
214
84
236
211
81
237
211
80
243
217
86
245
220
88
244
217
85
237
210
77
225
196
63
218
188
57
214
183
53
212
180
51
210
176
49
207
171
47
207
169
48
207
168
48
207
167
49
207
165
50
205
162
48
203
159
46
199
155
45
192
151
46
190
149
44
188
147
42
187
146
41
187
146
41
188
146
42
188
146
42
187
146
42
186
146
41
185
145
40
21
24
0
72
73
40
81
81
43
73
72
31
99
97
52
92
87
39
87
81
30
86
77
22
89
77
20
108
92
33
103
85
25
101
82
21
102
82
20
106
84
23
108
82
23
105
77
20
104
76
20
108
79
25
114
84
32
113
83
33
115
89
30
116
94
27
115
93
26
121
98
29
121
99
28
127
104
31
136
112
38
144
120
43
146
122
40
156
130
45
165
139
50
171
145
52
182
156
57
190
165
59
197
171
61
203
177
63
213
188
68
233
206
83
237
212
85
233
208
79
223
196
66
233
201
58
235
201
58
237
203
60
239
204
61
241
206
63
240
203
60
237
200
57
238
200
57
242
202
61
249
209
68
244
205
64
243
204
65
241
202
66
237
199
64
229
190
60
219
181
52
207
170
43
196
160
35
191
156
32
196
161
38
199
157
43
199
152
44
193
147
41
189
142
40
181
135
35
179
134
35
180
137
39
182
140
44
186
147
50
181
145
47
177
145
46
177
147
49
175
146
53
172
144
57
169
142
62
168
139
68
169
138
79
187
154
108
216
181
143
240
211
179
254
238
211
243
233
212
210
198
180
178
165
150
165
152
139
195
183
173
234
230
226
136
128
127
92
81
84
104
94
100
167
160
169
231
224
235
238
230
242
239
231
243
252
245
255
216
207
221
179
169
184
150
140
154
138
128
141
169
158
170
167
156
167
196
186
197
221
212
222
232
224
234
248
242
249
235
229
237
214
210
219
182
178
190
123
121
133
112
112
125
158
158
172
198
198
214
224
224
240
233
233
249
242
242
254
176
176
191
112
111
130
105
103
123
113
108
130
140
134
156
175
170
192
212
206
230
229
221
250
198
190
221
160
152
182
138
130
158
146
137
164
146
137
163
149
140
163
153
143
165
165
156
176
212
201
221
209
197
215
173
161
179
154
141
161
167
152
173
225
210
231
244
227
247
227
209
231
193
174
199
156
136
161
182
163
188
162
144
157
172
155
160
210
192
195
183
163
163
142
120
118
132
110
104
141
117
106
165
138
124
190
159
138
183
151
124
162
128
96
134
98
61
116
79
35
132
95
44
139
103
47
141
105
45
138
103
38
149
115
46
135
101
30
176
143
70
237
209
135
250
245
172
249
247
175
251
250
177
253
252
180
254
253
183
247
247
177
245
247
177
242
243
176
240
242
176
245
249
184
241
244
181
241
244
183
243
245
186
246
247
189
250
250
194
253
251
198
254
253
201
255
253
203
255
254
203
255
254
204
254
249
218
254
248
225
254
250
224
255
252
225
255
254
223
255
254
221
254
254
218
254
254
215
252
253
210
250
252
208
250
251
208
251
252
209
254
254
212
255
255
217
255
255
219
255
254
220
255
251
221
253
248
221
253
247
223
254
248
226
254
250
225
253
255
217
248
252
208
246
250
202
246
249
196
248
248
189
245
246
178
246
244
168
245
241
158
242
236
146
239
230
134
244
233
127
247
233
122
249
233
118
252
235
115
255
236
114
255
235
110
252
231
105
249
227
99
244
223
94
242
220
91
240
217
87
239
215
85
239
215
85
239
216
84
241
217
85
242
217
84
241
216
82
238
211
77
226
198
64
217
188
55
209
179
47
204
173
42
206
174
45
211
176
49
212
176
52
212
174
52
211
171
50
206
166
47
203
163
45
202
161
45
201
158
45
196
153
46
193
150
43
197
153
47
197
154
48
195
152
46
193
152
45
194
152
45
189
148
41
186
145
38
187
147
40
22
29
0
73
78
45
81
85
48
69
73
33
89
91
48
99
99
51
88
85
34
82
77
22
87
79
22
89
78
18
93
81
18
95
80
17
96
79
16
101
82
20
104
84
22
104
82
22
106
83
24
110
87
30
117
93
36
116
92
36
115
92
31
115
93
28
121
99
33
121
98
31
121
98
30
125
102
32
131
107
35
136
112
35
141
116
36
150
123
41
158
131
45
163
136
46
174
146
50
186
158
58
193
166
61
196
169
59
194
166
54
207
178
63
219
192
73
228
200
79
230
202
78
228
195
54
231
199
56
235
201
58
237
203
60
236
202
58
235
200
54
235
199
53
238
200
54
242
202
57
245
206
61
242
202
58
241
201
60
242
202
62
241
202
64
236
197
62
225
186
53
213
175
43
202
163
35
196
159
32
199
163
35
199
160
45
197
157
51
195
155
50
191
150
47
187
146
44
182
142
41
178
140
38
177
138
37
179
142
37
181
145
38
181
147
38
180
147
36
173
141
33
182
149
44
182
147
49
178
141
51
174
135
54
183
141
71
197
152
90
216
170
115
236
196
145
242
228
186
243
227
188
242
233
196
212
206
173
120
105
76
197
187
162
215
211
194
209
203
190
188
177
167
194
186
180
236
228
226
243
235
236
246
238
241
254
247
251
245
238
243
228
220
225
185
178
182
136
128
133
116
108
113
112
105
109
137
129
136
169
160
170
199
191
201
176
169
178
219
212
223
205
200
211
177
173
184
177
175
187
187
186
199
184
185
198
188
189
203
196
197
211
181
181
197
185
185
200
156
156
173
139
139
157
174
172
192
198
193
214
197
192
213
199
194
215
202
197
219
201
194
222
175
168
196
170
163
190
169
162
188
168
159
185
157
149
172
167
158
180
152
143
164
136
126
147
170
159
180
177
165
185
159
147
167
158
145
165
184
168
191
195
179
202
189
171
194
189
170
194
188
169
194
179
160
185
138
119
144
120
101
112
152
134
137
218
200
201
129
110
107
110
91
85
98
78
67
109
87
72
165
141
121
160
130
105
137
104
73
130
94
57
133
95
53
123
81
33
140
98
43
147
105
45
147
106
42
143
104
37
154
119
47
141
109
35
172
141
65
223
197
122
248
248
181
246
246
179
247
248
181
250
251
184
254
255
189
252
254
187
245
247
181
241
244
178
240
244
179
244
249
183
241
244
182
243
244
183
244
244
185
246
245
187
248
247
189
250
247
192
252
248
194
253
248
195
253
248
196
255
247
197
253
247
214
252
247
222
253
249
222
255
251
223
255
254
223
255
254
222
255
254
220
255
253
217
252
253
213
250
251
212
251
252
212
253
254
215
255
255
218
255
254
222
255
254
223
255
252
224
254
250
225
252
247
225
253
246
228
253
246
229
253
249
226
251
255
215
246
250
206
244
248
200
244
249
195
247
251
191
248
249
182
244
244
168
241
240
157
241
237
147
243
237
140
246
238
132
247
237
125
248
236
120
249
237
115
252
238
113
251
236
107
248
232
102
245
228
96
242
224
92
242
224
92
241
219
88
241
217
87
240
216
86
237
214
82
234
211
79
235
211
78
237
212
78
237
212
78
233
206
72
226
199
65
223
195
61
222
192
59
222
190
60
220
188
59
219
184
57
215
179
55
211
173
52
207
167
48
205
165
46
204
164
46
205
164
48
207
164
53
199
156
45
202
159
49
200
157
47
194
151
41
190
149
39
194
154
43
192
151
40
191
151
40
196
158
47
28
36
5
72
81
48
77
85
50
66
72
34
82
88
47
98
100
55
98
99
49
97
96
42
96
93
35
83
78
15
91
83
19
92
82
17
90
80
12
94
81
13
101
88
20
106
90
24
108
91
26
108
91
28
109
92
29
110
93
30
111
91
28
114
92
27
120
98
32
124
101
33
120
98
28
120
97
26
124
100
27
134
110
34
144
119
39
150
124
41
156
129
42
161
134
44
172
144
49
187
158
60
194
166
64
194
165
60
181
152
43
188
158
47
206
177
63
226
197
81
242
212
95
225
195
54
226
196
55
228
197
55
230
197
54
233
199
55
235
201
54
237
201
54
238
202
54
239
204
54
242
205
55
240
202
54
241
203
56
244
205
60
247
208
65
244
205
66
234
196
59
223
185
50
213
175
42
205
167
36
205
167
37
197
162
44
188
156
47
183
151
42
185
150
46
188
153
49
188
152
49
184
149
46
178
141
37
179
143
36
187
151
40
191
156
41
189
155
37
188
152
35
198
160
45
199
159
47
195
154
48
194
149
52
201
152
62
200
148
66
203
150
73
209
157
84
182
160
96
232
210
148
237
216
157
207
188
133
138
120
70
164
147
105
205
189
152
235
225
195
242
240
217
168
154
136
232
221
207
250
242
232
251
245
237
242
233
229
248
241
238
252
249
248
219
215
215
164
156
157
98
93
92
131
126
125
168
161
167
194
185
195
200
192
202
202
195
205
219
212
223
212
207
218
202
199
210
216
214
226
203
203
215
191
192
205
178
179
194
168
168
184
176
176
192
195
195
212
197
197
214
200
200
218
221
219
239
210
205
226
213
208
229
208
203
224
199
194
215
212
206
229
210
204
227
227
221
240
240
233
251
236
228
250
205
198
219
197
188
209
180
171
192
172
163
184
219
207
229
223
211
231
195
183
203
197
183
204
242
226
248
251
239
251
200
183
204
175
157
180
172
154
178
200
182
205
122
103
128
135
115
125
183
162
163
239
218
217
129
110
105
152
134
124
142
124
110
138
118
100
167
144
120
137
109
79
127
94
58
130
92
52
141
98
53
137
89
37
151
101
44
152
104
43
151
104
39
148
103
35
161
125
51
148
115
40
173
142
65
218
193
118
254
254
197
249
251
192
248
250
190
250
252
191
254
255
195
255
255
196
249
252
190
245
248
185
242
245
183
244
245
183
245
246
184
245
245
184
246
245
184
246
245
185
248
244
186
248
244
186
249
244
187
250
243
188
250
243
188
250
242
189
246
242
204
245
242
211
246
243
212
247
244
214
250
248
214
251
249
215
252
251
216
252
251
217
253
252
218
253
251
219
254
252
220
255
253
222
254
254
224
254
253
226
253
252
227
252
250
227
251
248
227
251
247
228
252
247
229
253
248
232
253
250
229
249
255
213
247
252
207
246
251
202
246
250
198
247
250
193
245
247
181
243
243
169
241
240
159
242
238
151
245
241
145
250
242
140
248
239
131
247
237
123
246
236
117
249
237
113
248
235
108
245
232
102
242
229
96
239
227
93
242
227
94
243
223
93
242
220
91
240
218
88
236
212
82
231
207
76
231
207
76
233
209
76
236
211
77
235
210
76
232
206
72
229
201
67
226
197
64
223
193
62
219
187
58
214
182
54
212
178
52
211
175
51
210
172
51
208
171
51
208
170
50
210
169
51
213
171
56
203
162
46
205
164
48
201
161
45
195
156
40
195
156
41
200
163
47
198
161
45
197
160
44
200
164
48
17
30
2
68
79
50
69
79
47
52
61
26
83
92
52
71
77
31
99
104
54
115
119
64
108
110
51
107
108
43
102
101
33
107
105
35
115
112
40
118
113
39
114
109
34
115
108
36
114
107
36
112
105
34
105
98
27
103
96
26
113
98
28
121
101
31
122
103
31
128
107
33
129
108
32
132
111
34
139
117
39
158
136
54
169
146
61
169
144
56
168
142
51
171
145
50
167
140
41
178
151
49
191
163
59
203
174
68
207
178
70
213
183
73
222
192
80
230
199
86
236
204
90
228
200
60
227
199
58
227
199
57
229
199
56
233
202
57
238
207
58
242
210
60
244
211
59
244
211
57
245
208
56
246
210
57
248
211
60
250
213
63
252
214
66
249
212
67
244
206
64
237
199
60
229
192
54
223
186
51
221
183
48
209
176
50
199
171
51
197
168
50
192
162
47
192
160
48
192
158
49
193
158
49
194
158
49
195
157
47
195
157
45
195
158
43
195
160
40
194
157
35
200
161
39
197
156
36
191
148
32
191
145
36
203
154
52
202
152
54
203
151
58
206
156
65
202
170
84
197
166
83
207
178
97
211
183
107
190
163
93
157
133
72
145
121
68
144
122
76
147
128
89
121
105
74
105
90
66
152
139
121
199
187
174
217
207
197
219
208
202
226
217
213
229
220
219
219
211
212
170
162
162
161
155
154
179
171
177
205
197
207
233
225
235
161
153
164
214
208
219
219
214
226
204
201
213
197
195
207
203
203
217
201
201
216
207
208
223
219
219
235
182
182
199
178
178
196
174
173
193
177
176
195
195
193
213
203
198
219
211
205
228
213
207
229
209
204
226
211
207
225
225
221
239
220
216
234
220
215
234
236
229
248
198
192
210
151
143
162
146
137
157
170
161
181
207
196
216
175
163
183
161
149
169
166
154
174
194
179
200
216
201
222
197
180
202
174
156
179
167
149
172
212
194
217
199
181
203
175
151
159
161
135
134
155
132
130
114
94
87
137
120
108
144
127
109
142
124
101
135
114
86
136
110
74
144
112
71
146
106
60
142
95
46
152
100
44
164
108
48
164
108
44
160
107
38
154
105
33
168
128
52
162
127
49
186
155
75
225
201
125
251
252
204
251
251
202
252
251
201
253
252
202
255
255
203
254
254
200
250
251
194
248
249
190
248
247
189
250
249
189
247
245
185
247
245
184
247
245
184
248
244
184
248
243
184
248
242
184
249
242
184
249
242
185
249
242
185
251
241
186
239
235
191
234
233
193
235
234
195
237
236
199
240
239
203
243
242
207
246
245
212
250
247
218
254
250
223
254
251
226
255
252
229
255
253
231
255
252
232
254
250
231
251
249
230
250
249
229
250
249
229
250
249
230
251
250
232
252
251
232
252
252
229
250
254
215
251
255
214
251
254
210
250
252
204
248
250
196
244
245
184
241
240
173
241
239
165
242
239
158
244
241
153
253
247
151
250
242
140
246
238
130
244
234
122
243
234
117
243
234
112
242
231
107
240
228
103
238
227
100
240
228
99
242
223
94
242
220
92
242
219
91
239
217
88
239
216
86
237
214
83
235
212
80
233
208
76
226
201
67
223
196
62
218
191
59
215
187
56
217
187
56
216
184
55
215
182
54
215
181
55
216
181
57
218
181
59
214
177
56
209
172
52
207
169
50
210
173
53
202
165
46
207
170
51
210
173
54
211
175
56
220
185
66
229
196
76
220
188
68
210
178
57
203
172
52
13
26
1
57
70
43
68
81
51
63
74
41
73
83
43
63
71
26
82
90
40
99
106
50
105
111
50
105
110
43
98
103
32
112
115
41
129
132
55
134
136
58
122
124
45
123
125
46
125
126
47
124
125
46
117
118
40
119
119
42
126
117
38
129
112
32
122
105
24
131
113
31
141
123
40
149
131
45
157
138
50
172
153
63
176
156
62
166
144
49
160
136
39
165
141
41
161
137
32
175
149
43
192
166
57
210
182
72
220
192
81
227
198
85
230
200
87
230
200
86
228
196
81
228
203
63
228
202
61
228
201
59
229
202
57
232
205
57
238
210
60
242
212
60
244
214
60
244
213
58
244
210
55
248
214
58
250
215
60
252
215
62
251
214
64
246
210
63
244
207
63
242
204
62
240
202
62
235
198
59
231
194
57
222
190
54
217
188
54
219
189
57
212
180
54
202
169
48
201
165
48
206
169
55
217
179
68
216
178
66
207
169
56
203
166
51
206
169
51
201
164
43
204
167
46
198
160
40
190
151
34
187
147
33
196
153
45
196
151
48
199
152
53
205
158
61
199
159
58
196
157
59
202
165
70
201
165
75
178
143
61
174
142
69
174
144
80
169
141
86
157
132
85
130
109
71
118
98
70
154
136
114
183
167
152
180
166
157
181
168
163
183
172
169
181
172
172
175
165
168
153
144
147
192
183
187
210
200
209
223
214
225
231
223
234
187
179
191
195
188
200
204
198
210
207
204
216
196
193
206
209
208
223
195
195
210
189
189
205
192
192
209
173
173
191
197
197
215
201
200
219
199
198
218
203
201
221
207
201
224
207
201
224
217
211
234
228
223
245
208
205
220
222
219
235
214
211
227
204
200
216
201
195
212
163
158
174
121
113
130
121
113
131
149
140
159
180
169
188
171
160
178
139
127
147
119
106
127
124
109
130
180
166
186
189
173
193
174
157
177
161
144
164
186
169
189
206
190
210
197
172
179
178
150
148
156
131
126
159
138
129
142
125
110
128
113
92
127
110
84
147
128
96
145
118
80
144
110
66
140
98
49
139
88
36
162
104
47
177
116
54
181
120
53
177
119
49
166
113
40
169
126
48
164
128
48
186
155
74
222
198
123
245
242
204
249
247
205
252
250
207
255
252
208
255
253
207
252
249
201
250
247
196
250
247
194
252
249
194
255
254
196
247
243
184
246
242
182
246
242
181
247
242
181
247
240
181
247
240
181
248
241
182
249
241
183
250
241
184
251
242
184
242
241
190
238
240
193
238
240
194
240
241
198
243
242
203
244
243
208
246
244
214
250
246
219
253
248
226
252
248
229
254
250
234
255
253
238
254
250
237
252
249
235
251
249
233
251
249
232
251
250
232
250
251
231
251
252
231
251
252
231
250
252
228
248
251
217
251
252
217
251
252
214
250
250
208
247
246
200
246
244
191
246
244
184
247
244
178
249
245
172
250
245
165
255
249
162
250
244
151
245
238
139
241
233
129
240
232
122
241
232
119
240
230
114
238
228
110
237
226
107
236
226
105
242
223
98
243
220
95
242
218
93
240
217
89
238
216
88
237
214
85
234
210
80
229
206
75
225
200
68
224
198
66
224
196
65
224
195
65
226
196
66
222
191
62
219
187
59
217
184
58
218
183
59
223
187
64
222
185
64
218
181
61
215
179
58
217
184
60
209
176
52
214
181
57
217
185
61
221
190
66
237
207
83
250
223
99
243
217
92
233
206
82
224
198
73
13
26
2
45
58
32
68
81
52
78
91
59
59
71
33
65
76
31
66
76
26
77
87
31
102
112
50
101
110
40
101
109
36
114
122
45
129
136
56
129
137
55
126
134
50
133
141
57
137
144
60
134
142
58
131
138
54
145
153
70
152
149
63
149
135
46
129
116
26
136
120
30
148
133
41
155
139
45
157
142
45
166
150
51
169
152
50
159
139
36
155
133
28
165
143
35
168
146
35
182
158
46
195
170
57
207
180
66
213
187
71
223
195
78
228
200
82
229
200
83
226
197
77
227
204
64
227
204
63
228
204
61
229
204
59
231
206
58
237
210
59
240
212
59
242
213
58
243
213
56
243
212
54
247
214
56
248
215
58
249
214
58
248
212
59
243
208
58
244
208
60
245
208
63
246
208
66
241
205
65
236
200
61
225
192
47
220
188
41
226
194
49
225
192
53
219
183
52
221
182
58
228
188
68
242
201
87
244
204
91
238
199
86
228
190
76
214
177
61
201
166
48
203
168
49
198
163
46
192
157
42
188
153
39
190
153
45
186
149
45
189
151
49
197
158
57
205
158
48
214
167
60
210
164
61
202
158
61
196
155
64
200
162
82
176
140
69
169
136
75
173
142
91
141
113
73
166
141
112
196
173
151
204
183
169
176
158
150
139
123
121
145
130
132
159
146
150
174
162
168
173
162
172
201
190
200
192
181
193
198
188
201
229
220
232
194
185
198
172
165
178
180
174
187
194
190
204
189
186
201
205
204
220
205
205
222
206
206
224
208
208
226
187
186
205
184
184
204
187
186
207
197
195
216
219
216
238
227
221
245
218
212
236
219
213
237
225
219
243
213
211
222
224
222
235
222
220
234
211
208
222
191
186
200
151
145
160
116
109
125
130
122
138
173
165
182
227
217
234
248
236
252
203
191
209
156
143
162
123
109
128
142
128
146
145
129
147
157
141
159
169
153
172
173
157
175
171
154
173
155
129
134
145
114
111
142
115
110
157
135
124
150
132
116
135
119
98
134
118
90
167
148
114
141
113
73
147
111
65
148
103
52
148
94
39
172
110
51
183
118
54
189
124
57
188
127
56
177
121
47
170
125
47
168
131
49
192
160
77
226
201
125
243
238
205
247
243
209
252
247
211
254
249
211
253
248
209
252
246
202
251
246
199
252
247
198
254
250
198
255
253
197
249
244
186
248
243
184
248
242
183
248
241
181
249
240
180
249
240
180
249
241
181
250
242
183
251
243
184
252
244
185
247
248
191
245
250
195
246
250
198
247
250
202
249
250
207
250
249
214
251
249
219
253
249
225
253
248
231
253
248
234
254
249
238
255
250
241
254
249
240
253
248
238
252
249
237
251
250
236
252
252
234
252
253
232
251
254
230
250
253
228
249
252
225
248
248
220
251
248
219
250
247
215
248
245
210
246
243
203
250
244
199
253
248
196
254
250
192
255
250
186
255
250
178
255
251
171
251
244
159
246
237
147
240
231
137
240
231
130
241
231
127
239
229
123
237
227
118
234
224
114
233
223
111
244
225
103
245
222
98
242
218
93
238
214
89
236
214
86
235
211
83
233
208
79
230
206
76
232
206
76
235
210
79
231
204
73
226
197
67
229
199
70
227
195
67
221
188
62
218
184
59
217
184
60
225
191
68
229
193
72
229
192
72
226
190
69
222
192
65
217
186
60
220
191
65
221
193
67
222
195
69
237
211
84
252
233
105
254
234
106
251
230
103
248
227
100
9
22
1
37
51
26
60
74
46
72
86
54
58
70
33
57
70
25
64
76
25
82
94
37
112
123
61
126
136
67
120
131
57
122
134
55
125
136
54
118
129
44
127
138
51
140
151
64
143
154
66
134
145
57
133
144
56
162
174
87
174
173
82
167
154
59
133
122
25
128
114
18
134
121
23
135
122
21
133
119
16
141
126
22
156
141
33
157
139
30
161
141
31
176
156
44
175
155
40
180
158
41
185
162
44
190
166
47
197
172
52
214
187
68
223
196
75
224
196
76
220
190
70
228
207
66
229
207
65
230
207
64
232
208
63
235
211
61
237
212
60
239
212
59
242
213
57
244
215
56
244
214
55
246
215
56
248
215
57
248
215
58
248
213
59
245
211
59
247
212
63
250
214
68
252
215
71
247
211
69
240
204
64
240
206
54
242
209
51
246
213
59
247
214
68
245
208
70
242
202
72
240
198
74
239
197
80
240
199
85
241
200
88
242
203
91
242
206
93
220
184
69
214
179
64
207
173
59
200
168
55
195
164
52
190
159
53
185
152
49
187
153
53
197
162
62
218
165
50
211
159
47
209
159
52
205
157
55
189
144
50
191
149
65
176
137
63
179
142
79
191
156
103
161
130
89
188
159
130
188
162
141
182
159
146
178
157
151
158
140
141
154
137
142
177
163
170
212
199
209
221
209
222
179
166
180
170
159
173
177
167
180
196
187
200
212
203
216
208
201
215
202
196
210
195
190
206
192
189
204
211
209
225
207
207
224
194
194
212
177
177
195
194
193
213
178
177
198
186
184
205
203
200
223
224
221
243
211
205
230
212
206
231
216
210
235
219
214
237
210
209
219
214
212
223
202
201
211
204
202
213
234
230
242
218
214
227
145
138
153
143
136
151
185
177
193
222
212
229
230
219
236
215
203
221
188
175
193
153
139
157
150
136
154
151
136
154
170
154
172
178
162
180
129
114
131
118
102
119
125
98
102
142
110
106
165
135
130
156
134
123
137
119
102
132
116
93
137
122
93
154
135
100
130
103
60
144
107
60
157
111
59
169
112
57
182
117
57
181
112
48
186
118
51
187
123
52
179
122
47
175
130
50
182
144
62
211
180
96
245
221
145
247
241
213
250
243
213
250
243
212
251
244
211
252
244
209
253
247
205
254
249
204
254
249
202
255
249
198
255
249
194
254
250
193
254
250
192
253
249
189
253
248
188
253
246
186
253
245
185
253
246
186
254
246
187
254
247
188
254
249
189
246
249
188
242
249
190
244
249
194
247
250
200
250
252
208
253
252
216
254
252
224
255
252
230
254
252
238
255
252
241
255
250
242
255
249
243
254
248
242
253
247
240
253
249
239
253
251
238
254
254
235
254
255
233
251
255
229
248
253
225
248
251
223
253
250
226
253
249
224
251
247
219
248
244
213
246
242
206
251
245
204
254
250
204
255
252
199
255
251
192
255
247
182
255
251
177
251
243
164
246
236
152
240
231
142
239
231
136
240
231
133
239
229
129
236
227
124
233
223
118
230
221
115
243
225
107
246
223
100
243
219
96
241
217
93
240
217
91
238
215
87
235
212
83
232
208
79
235
209
79
239
213
83
235
207
78
231
202
73
238
208
79
239
208
80
233
200
75
227
194
69
223
189
65
225
191
68
225
189
68
222
185
65
217
183
60
212
185
56
216
189
59
224
198
69
226
201
71
224
199
70
232
209
79
249
230
99
254
234
104
254
236
106
255
239
109
17
23
0
55
62
34
77
84
53
82
89
56
67
73
36
67
72
31
77
82
36
90
95
46
105
110
56
117
124
63
124
133
67
130
140
70
133
145
69
125
139
57
123
141
53
132
153
61
137
160
63
135
161
59
135
163
58
154
183
76
161
180
75
159
169
65
146
155
52
132
138
36
128
132
29
126
128
25
127
127
24
136
133
28
144
136
32
146
135
30
149
135
30
159
142
35
170
150
40
175
153
41
176
153
39
176
152
36
183
157
39
200
173
52
209
181
59
212
185
61
211
183
59
228
200
57
230
202
59
233
204
60
236
206
61
239
207
62
244
212
64
247
215
66
249
216
65
248
215
63
244
210
58
246
212
60
248
214
62
250
215
64
250
214
65
244
211
62
244
211
63
245
212
66
246
214
69
245
212
69
240
209
66
238
206
64
237
204
62
236
202
62
239
206
69
244
212
76
248
216
81
248
216
83
243
211
80
235
205
75
232
202
74
232
202
75
234
204
78
222
192
66
218
186
61
211
179
54
203
171
47
193
160
38
196
161
40
199
163
43
200
163
44
199
162
44
209
170
56
206
165
50
206
164
48
206
162
46
204
157
41
203
155
43
201
152
44
201
153
52
203
157
65
195
153
73
212
177
112
193
163
109
175
149
106
171
149
119
183
166
149
189
175
164
175
163
157
159
149
146
187
177
177
154
144
146
177
169
175
200
195
201
211
206
213
223
218
225
213
209
216
201
197
204
190
188
194
189
187
195
210
208
216
203
201
211
202
201
211
209
208
219
206
205
217
198
199
211
211
211
223
222
222
235
216
215
229
215
214
229
212
211
226
214
213
227
217
217
232
219
214
236
231
224
245
201
194
214
188
180
201
219
210
231
225
214
234
158
143
164
143
126
147
172
153
174
242
220
239
248
227
247
216
192
211
191
163
182
183
154
171
195
166
181
178
149
165
165
137
152
150
123
137
122
96
110
104
78
92
131
104
90
157
128
99
174
143
116
169
136
113
154
119
97
154
118
96
158
119
96
156
113
87
182
137
100
179
133
86
179
131
74
180
132
64
173
125
46
168
122
37
181
138
50
191
150
62
186
148
61
189
156
75
176
145
68
207
183
110
254
240
175
254
252
219
254
252
216
252
250
213
250
248
211
249
246
209
249
247
209
250
249
209
251
249
210
252
250
210
252
250
209
250
248
207
249
247
205
248
247
205
248
247
204
248
246
203
248
245
203
248
245
203
248
246
203
248
246
204
248
246
204
241
249
205
239
251
208
240
251
210
241
250
214
244
252
221
246
252
226
248
253
232
250
254
238
253
254
246
254
254
249
253
253
250
252
250
249
251
250
249
252
251
250
252
251
250
252
252
249
252
253
248
251
252
245
250
252
243
249
252
241
249
251
236
254
252
220
252
250
217
253
251
215
254
252
212
253
251
209
254
249
202
251
248
196
252
248
191
254
249
188
255
252
183
249
244
168
247
241
159
245
238
152
244
236
145
243
237
139
241
234
133
238
231
126
236
228
120
234
225
116
235
227
116
239
226
108
240
225
103
238
223
101
234
219
96
231
215
91
232
216
90
235
218
91
238
220
93
237
219
89
235
216
85
233
212
82
232
209
79
234
210
81
234
209
80
233
205
77
230
202
74
228
198
71
225
194
69
225
192
68
224
191
67
219
188
63
209
183
55
226
201
73
235
210
82
236
211
82
231
207
78
233
209
80
248
223
95
253
231
102
255
234
106
255
233
105
26
31
2
64
70
39
82
87
56
82
87
54
67
71
35
70
73
32
75
78
34
80
84
36
85
89
36
85
91
32
131
139
75
146
156
87
144
156
82
136
150
69
131
150
62
139
161
69
146
172
74
150
179
75
143
174
66
139
171
61
146
170
62
157
172
67
162
177
72
166
178
73
160
170
66
154
161
57
149
152
49
145
144
40
145
140
37
146
138
34
150
138
33
156
142
36
152
134
25
159
139
27
172
150
37
188
164
49
205
179
61
211
184
64
215
187
65
220
192
68
226
198
73
234
204
61
236
206
63
238
207
64
240
207
64
241
207
63
243
210
63
246
213
65
249
215
66
250
215
65
247
212
62
246
211
61
247
213
63
249
214
64
250
214
66
245
212
63
245
212
64
245
213
67
247
216
71
248
216
73
244
213
70
246
214
75
248
214
77
244
210
73
243
212
74
248
217
82
252
222
87
254
224
89
251
222
88
244
217
83
243
215
83
240
213
82
236
208
77
225
196
67
222
191
62
219
187
59
215
182
55
210
177
50
216
181
56
219
182
58
216
178
54
208
170
47
211
174
60
210
171
56
211
170
53
213
169
50
215
168
47
214
162
42
211
159
43
210
159
49
210
162
59
210
166
77
208
169
94
185
152
89
172
144
94
183
162
124
240
224
199
241
229
211
222
212
200
197
188
179
192
183
179
194
185
182
210
204
204
219
216
218
215
212
214
189
186
189
201
198
200
201
197
201
202
198
203
224
220
225
237
235
241
236
233
240
225
223
230
208
205
215
208
207
216
215
214
224
198
197
207
186
186
196
203
204
214
217
217
228
227
227
239
216
216
228
192
191
204
184
176
200
154
146
169
120
111
134
111
101
124
146
134
156
182
169
190
191
175
196
181
163
183
162
141
160
149
124
144
159
132
151
157
128
146
158
128
144
166
134
150
157
126
141
134
103
118
121
90
104
115
86
98
118
90
103
128
100
113
171
144
127
189
162
128
179
150
119
185
151
127
179
141
119
193
152
131
200
156
134
179
132
105
204
156
118
202
152
104
202
153
93
202
156
84
188
144
61
177
138
47
175
139
47
174
141
50
172
138
52
197
167
89
191
164
92
218
197
130
255
243
183
255
253
218
255
254
219
255
254
219
254
253
218
252
251
215
249
247
212
248
246
211
249
247
212
251
249
213
253
251
216
250
248
213
250
248
213
249
247
212
249
247
212
248
246
211
247
245
210
247
245
210
247
245
210
247
245
210
247
245
210
243
251
214
241
253
216
241
253
217
242
253
221
243
253
226
246
253
231
248
253
236
250
254
242
253
255
247
254
255
251
253
254
252
252
252
252
253
252
254
253
253
253
253
253
253
253
253
253
253
254
252
252
253
249
251
253
247
250
253
245
251
253
240
255
255
222
255
253
218
255
253
215
255
254
213
255
255
211
255
253
204
252
249
195
249
246
188
249
245
182
252
247
178
251
245
168
249
243
162
247
241
155
245
240
148
246
239
142
243
236
134
240
233
127
237
229
121
235
228
119
238
229
118
241
228
111
242
228
108
242
228
108
241
228
106
240
226
103
241
227
102
242
227
101
242
226
99
236
220
90
229
212
81
230
211
80
233
213
82
234
212
82
236
212
82
235
209
80
234
206
78
232
203
75
228
198
73
227
195
70
226
193
69
225
194
70
227
202
74
243
218
90
245
220
92
238
213
85
225
200
72
216
191
63
223
198
70
230
205
77
235
210
82
236
211
83
27
32
3
62
68
38
76
81
50
75
80
47
71
75
39
80
84
43
83
87
42
86
90
42
90
94
42
83
89
30
101
109
46
114
124
56
127
138
65
144
159
78
146
164
78
137
159
67
134
159
62
137
166
63
148
180
71
148
180
70
150
175
67
154
172
67
162
179
74
172
186
81
172
184
80
170
180
76
166
173
69
163
165
62
158
156
52
155
149
45
154
145
40
155
143
37
161
144
35
168
149
39
177
156
43
187
162
48
193
167
49
194
167
48
197
169
48
200
172
50
205
177
52
235
207
66
240
211
69
243
214
71
244
214
71
242
211
66
241
208
62
243
210
62
246
212
64
249
214
65
250
215
65
246
211
61
247
211
61
248
214
64
248
215
66
246
213
64
247
214
66
248
216
70
250
219
74
251
219
75
249
217
74
252
220
79
253
220
81
250
217
78
245
213
75
245
215
77
247
218
80
249
220
82
248
219
84
247
219
85
246
220
85
247
220
87
247
220
88
230
202
71
222
192
62
218
186
57
216
184
55
217
184
57
230
195
68
234
197
71
231
193
68
221
183
59
201
164
48
203
164
46
207
165
46
211
167
45
218
169
46
218
167
44
215
162
44
210
158
46
205
156
51
200
156
63
206
168
89
198
166
99
188
161
107
182
160
117
196
182
152
181
168
146
188
177
160
202
192
179
191
182
172
203
193
184
197
191
186
191
186
184
186
182
180
164
159
159
198
193
193
199
194
194
190
186
186
199
196
197
198
194
196
202
198
201
201
197
202
194
192
197
208
206
212
219
216
224
198
195
203
182
180
189
201
200
210
211
209
219
221
220
230
212
211
221
195
192
203
216
207
224
139
129
149
102
91
111
95
82
103
122
110
129
140
124
145
167
149
168
167
146
165
150
127
146
137
113
130
111
84
102
134
106
122
156
126
142
164
133
148
138
107
121
121
91
104
116
87
100
120
92
105
132
106
118
140
115
127
177
153
141
184
160
134
161
135
110
172
142
119
159
124
103
181
142
120
203
160
135
199
153
123
211
161
119
208
159
106
216
167
104
226
178
104
191
147
64
187
147
59
181
145
57
177
145
59
174
145
63
193
169
97
208
187
121
232
218
158
254
250
198
251
249
220
254
253
223
255
254
226
255
254
226
254
254
224
251
249
220
248
247
217
249
247
218
251
249
220
254
252
223
255
253
224
254
253
224
254
252
223
253
252
222
253
251
222
253
251
222
253
251
222
253
251
222
253
251
222
253
251
222
247
254
223
244
255
224
245
255
225
245
254
228
247
255
232
248
254
236
249
254
239
250
254
243
252
253
248
252
253
251
253
253
253
254
253
254
254
253
255
254
253
255
254
254
254
254
254
253
254
255
253
253
254
250
252
254
248
251
254
246
252
254
240
255
255
221
253
251
216
252
250
212
252
251
210
254
253
209
255
254
206
253
251
198
252
248
191
250
247
184
251
246
178
254
249
175
252
247
167
250
245
160
249
243
154
248
242
148
244
239
139
240
235
132
237
231
126
236
228
122
238
231
123
240
230
115
241
229
112
241
229
112
242
228
109
240
227
106
241
227
105
241
227
103
241
226
100
235
219
92
231
213
85
233
213
85
236
216
86
237
215
85
238
213
85
238
211
83
237
210
82
236
207
81
234
204
79
232
201
76
231
199
74
231
200
74
233
206
78
247
221
92
250
223
95
245
218
90
234
207
79
221
194
66
222
195
67
227
200
72
230
203
75
232
205
77
30
35
6
65
70
40
75
81
49
72
77
43
74
78
42
85
89
48
86
89
45
91
94
46
102
106
54
99
104
47
99
106
45
94
103
36
93
104
32
110
124
46
137
155
69
143
165
73
146
172
74
148
177
75
148
180
73
137
169
60
147
173
66
159
180
74
159
180
74
160
178
73
163
180
75
169
182
77
175
186
82
183
188
85
180
182
77
177
174
70
174
168
62
171
162
55
189
174
67
194
176
66
192
171
59
187
163
48
184
158
41
193
167
47
200
172
52
205
175
53
206
175
52
226
199
58
234
206
66
241
212
71
245
215
72
243
213
69
241
208
64
242
208
62
244
210
63
247
214
65
250
215
65
246
211
61
247
212
62
249
214
64
248
215
66
246
213
64
246
213
65
247
215
68
249
217
72
249
218
73
247
216
72
250
217
75
251
218
78
250
217
77
246
215
75
245
216
76
246
217
78
247
218
79
247
220
81
246
220
83
246
220
83
247
221
85
248
223
88
232
205
72
224
195
63
219
188
57
216
184
54
216
184
55
232
197
69
241
204
77
243
205
79
238
200
74
228
189
73
223
183
65
221
179
59
223
177
54
227
178
53
229
178
53
224
172
51
216
164
49
204
156
48
192
147
51
186
148
64
189
158
85
187
161
101
173
152
103
186
171
136
178
166
136
186
176
151
202
193
172
209
201
184
214
207
190
198
192
182
192
186
180
201
196
190
208
203
197
226
221
216
207
202
198
177
172
168
159
155
152
188
183
182
219
214
214
231
226
227
221
217
219
216
211
215
210
206
210
212
207
212
216
212
218
222
218
225
208
205
212
197
194
201
192
189
197
187
183
192
149
137
155
94
82
100
93
80
98
116
102
119
153
139
156
207
191
208
233
215
231
234
215
232
210
190
206
140
114
129
116
88
104
142
113
128
168
138
152
179
149
163
160
130
142
139
111
122
135
108
119
142
116
127
160
136
146
148
124
134
166
146
139
168
149
132
154
132
115
156
130
112
146
115
96
159
123
100
183
142
115
214
169
134
213
165
117
217
167
110
224
175
108
227
180
104
188
145
61
194
156
70
198
164
80
197
169
88
191
167
93
195
178
114
218
203
147
239
231
181
254
254
211
252
251
227
251
250
227
251
250
227
251
250
226
250
249
226
250
250
226
251
250
227
252
251
228
253
253
229
255
254
230
255
255
232
255
255
232
255
255
232
255
255
231
255
255
231
255
255
231
255
255
231
255
255
231
255
255
231
255
255
232
250
255
231
247
255
231
248
255
233
248
255
235
249
254
237
249
254
241
250
253
243
250
253
245
251
251
249
251
251
251
252
251
252
253
251
253
253
251
253
253
252
254
253
253
253
253
253
253
253
253
251
251
253
248
251
253
247
250
253
245
251
254
239
255
255
220
249
248
213
245
245
206
245
244
203
248
246
203
252
251
203
253
251
199
254
251
194
254
251
190
254
252
186
254
251
179
253
249
172
251
247
165
249
245
158
248
243
152
245
240
145
241
236
138
237
232
131
236
230
128
238
233
129
242
233
123
242
232
119
240
229
116
239
226
112
237
225
109
237
225
106
238
225
104
239
224
102
238
223
98
238
221
96
238
220
93
238
219
91
238
216
88
236
211
84
235
209
82
235
208
82
236
208
83
238
208
83
238
208
82
238
207
82
237
206
81
232
205
77
242
215
87
245
218
90
245
217
90
240
213
85
233
206
78
231
204
76
229
203
74
229
202
74
228
201
73
34
39
9
69
75
44
77
82
50
70
76
41
77
81
45
85
89
48
81
84
41
86
90
42
106
109
59
107
113
56
93
101
39
87
96
29
90
101
29
112
125
48
144
163
78
150
172
81
149
174
78
144
172
72
142
173
68
141
172
65
146
175
67
153
178
71
158
182
76
163
185
80
166
185
81
169
186
82
173
188
84
183
192
88
187
193
89
190
192
87
190
188
83
187
181
75
182
170
62
177
162
52
175
157
45
177
156
42
184
159
43
192
165
46
197
169
49
202
172
51
206
175
52
214
187
48
224
197
57
233
205
65
240
211
71
242
212
70
240
209
65
242
209
64
244
210
64
246
212
64
247
213
64
246
211
62
248
212
63
249
214
65
248
215
66
246
213
64
245
212
65
246
213
67
249
215
71
247
216
71
245
214
69
246
214
71
248
216
74
250
218
76
250
220
78
249
220
79
249
221
80
249
221
81
249
222
82
246
220
81
243
217
79
239
213
76
233
207
70
228
202
66
230
202
68
231
201
68
230
198
67
227
195
66
238
204
75
246
210
81
248
211
82
244
208
79
238
208
90
232
193
73
225
181
59
219
173
49
222
172
46
230
178
51
230
178
54
226
175
55
219
169
56
206
162
61
202
165
76
204
172
95
193
168
101
161
142
86
159
145
102
165
155
117
169
161
128
179
172
143
222
216
189
229
224
198
214
207
190
202
195
183
201
194
182
210
203
192
229
222
212
228
222
212
215
209
200
192
186
179
204
197
192
210
204
200
213
208
205
214
207
206
206
199
199
203
197
198
207
201
204
216
209
213
225
219
223
193
187
193
184
179
184
189
184
189
205
199
205
222
211
224
115
100
115
110
94
109
137
121
136
177
160
174
222
203
217
228
208
222
241
225
237
237
224
235
145
119
132
132
105
117
153
123
135
166
136
148
164
134
146
149
120
130
136
109
118
142
116
125
161
136
145
194
171
180
179
157
165
183
167
165
180
165
157
168
150
140
152
128
115
170
140
123
173
138
114
181
143
111
214
171
130
201
154
100
218
169
106
227
178
107
226
179
101
213
172
88
215
179
97
212
181
102
204
179
106
194
175
109
217
206
152
238
231
185
249
246
205
254
253
219
254
253
236
249
248
231
246
245
228
244
243
226
245
244
227
250
249
232
253
253
236
255
254
238
255
255
238
255
254
237
255
255
238
255
255
238
255
254
238
255
254
237
254
254
237
254
254
237
254
254
237
254
254
237
254
254
237
254
254
237
251
255
238
250
255
239
251
255
241
251
255
242
252
255
245
252
254
246
252
254
248
252
253
250
251
251
252
251
251
252
251
250
253
251
250
253
251
250
253
252
251
253
252
252
252
252
252
251
251
252
250
250
251
247
250
251
246
249
252
244
250
252
239
255
255
221
249
249
213
244
245
206
242
243
203
244
243
201
247
247
200
249
248
197
251
250
195
253
252
193
255
254
192
254
252
183
253
250
177
252
248
170
250
246
165
249
245
159
246
242
152
242
238
146
239
234
140
237
232
137
240
236
137
247
238
134
250
239
131
249
238
129
249
238
128
248
239
127
248
238
124
247
235
118
243
229
111
239
225
103
240
223
101
241
223
99
241
222
97
238
218
92
234
211
86
233
209
83
234
208
82
236
208
83
240
211
86
242
212
87
242
212
87
243
213
88
244
217
89
241
214
86
238
211
83
236
209
81
233
206
78
230
203
75
227
200
72
225
198
70
224
197
69
223
196
68
27
33
3
64
70
39
71
77
44
65
71
36
79
83
48
88
92
52
80
83
39
83
86
39
103
107
56
103
109
52
86
93
33
88
97
31
101
111
40
119
132
56
141
159
76
151
172
83
154
179
84
151
179
79
143
173
69
141
172
67
140
171
65
143
171
66
152
179
74
162
186
82
163
186
82
163
183
80
164
182
79
170
183
80
177
187
83
182
189
84
190
192
87
201
200
94
184
176
67
176
164
54
176
160
49
182
162
49
189
165
49
188
162
44
189
162
43
193
164
44
199
169
47
209
182
46
218
191
53
226
199
60
233
205
66
236
207
66
237
207
64
240
208
64
243
211
65
246
213
65
247
214
65
244
211
62
246
212
63
248
214
65
248
215
66
247
214
65
246
213
66
248
215
68
250
217
71
249
218
73
247
216
71
245
214
70
246
215
70
250
219
74
251
221
78
248
220
77
246
219
76
245
218
75
244
217
76
239
214
74
235
210
70
233
207
69
234
208
70
237
211
74
247
220
84
250
224
90
251
224
92
250
220
88
252
222
90
254
223
92
252
219
89
248
212
83
243
208
89
234
193
73
225
181
58
219
172
46
220
169
42
226
174
45
227
174
48
226
173
52
221
172
56
212
169
63
202
165
72
208
178
95
204
180
107
175
157
95
143
130
80
155
146
102
167
161
121
184
178
142
222
217
184
220
216
183
213
207
183
207
200
182
205
199
181
201
193
176
213
206
190
210
202
188
200
193
179
192
184
173
202
194
184
202
194
186
210
202
195
223
215
210
218
209
206
201
192
192
197
189
190
201
194
195
215
207
209
191
183
186
170
161
166
163
154
160
172
162
169
217
203
213
119
103
115
118
101
113
137
119
131
151
132
144
208
187
199
226
203
214
239
217
228
228
208
217
129
103
113
131
103
113
166
137
146
178
149
158
155
127
134
138
110
117
158
131
138
175
150
157
191
169
174
209
187
192
197
175
180
214
199
201
215
203
201
196
182
177
156
137
126
187
161
143
190
158
131
191
154
118
211
169
122
202
157
97
217
171
102
224
178
103
225
181
101
239
200
118
224
192
113
213
187
114
203
183
118
193
180
123
245
239
195
252
250
218
251
253
225
248
251
226
255
254
243
251
250
239
248
247
236
247
246
235
248
247
235
252
251
240
254
254
243
255
255
244
255
255
244
255
254
243
255
255
244
255
255
244
255
255
243
255
254
243
255
254
242
255
254
242
255
254
242
255
254
242
255
254
242
255
254
242
253
254
244
252
255
246
253
255
247
253
255
248
254
255
249
254
254
251
254
254
253
254
253
254
253
251
254
252
251
254
252
251
254
251
251
255
251
251
255
252
251
254
253
252
253
252
253
252
251
253
250
251
252
248
250
252
247
250
252
245
251
253
239
255
255
222
251
252
216
249
250
212
248
249
209
247
248
207
247
247
203
246
246
198
247
247
195
249
249
193
253
252
193
254
254
189
253
252
183
251
250
177
250
248
172
251
248
168
249
245
163
245
241
156
242
238
151
240
237
148
244
240
150
250
242
145
253
243
142
254
244
141
255
247
143
255
250
142
255
247
138
252
241
131
246
233
120
239
225
108
240
224
105
243
226
105
245
227
105
243
222
99
239
216
91
237
213
89
238
213
88
240
214
88
242
214
89
241
212
87
240
210
85
241
212
86
246
219
91
237
210
82
232
205
77
229
202
74
227
200
72
226
199
71
223
196
68
223
196
68
225
198
70
229
202
74
19
25
0
55
62
31
62
68
35
56
62
27
77
81
45
88
92
51
74
77
33
71
74
27
86
90
39
78
83
28
69
75
16
93
101
37
129
139
70
153
165
91
148
165
83
145
166
79
143
167
75
140
167
70
138
168
67
147
177
74
152
182
78
155
185
80
155
185
80
153
182
78
156
182
77
160
184
80
166
188
85
176
194
91
180
195
91
181
192
87
183
190
85
186
190
84
201
197
89
202
194
84
197
185
73
188
173
59
181
162
45
186
163
44
190
165
46
193
167
47
196
168
47
208
183
48
215
190
55
222
197
59
227
201
62
230
202
62
232
204
63
238
207
65
243
210
67
247
213
68
247
214
67
243
210
61
244
211
62
247
214
64
248
215
66
247
214
65
248
215
67
251
218
70
253
220
74
254
221
77
252
220
76
249
217
72
248
217
72
253
222
77
252
223
79
248
220
76
244
217
73
242
215
71
240
213
72
235
210
69
230
205
65
225
200
61
222
197
57
223
197
59
232
204
68
236
207
72
236
207
72
231
201
68
232
200
67
231
198
65
226
191
59
218
182
51
219
179
60
217
175
53
217
173
48
219
173
45
225
175
45
230
178
48
228
176
48
225
173
49
220
171
53
213
170
61
207
171
75
206
177
91
203
180
104
194
177
110
174
163
107
182
174
125
187
183
138
191
188
145
190
188
147
205
203
164
218
212
182
224
217
193
221
214
190
194
186
164
216
208
185
214
206
186
209
202
183
226
218
201
216
207
193
204
195
183
202
194
183
214
205
196
237
227
221
209
199
195
218
209
207
227
218
218
208
197
199
210
199
201
171
160
163
162
151
154
174
162
166
155
136
148
134
115
124
144
125
134
142
122
132
108
87
96
157
133
143
161
137
146
160
135
144
161
134
143
179
151
157
137
107
113
199
169
175
229
199
204
196
167
170
157
128
131
195
168
171
214
188
191
222
199
199
229
208
208
245
226
225
245
232
234
236
226
227
216
203
200
157
140
128
171
147
124
177
148
115
188
154
110
209
171
116
219
178
110
215
173
99
215
173
96
221
180
101
237
201
122
208
180
107
207
185
120
209
193
137
203
194
148
254
254
221
252
254
231
247
253
235
243
252
236
254
253
248
254
253
248
254
254
249
254
254
249
254
254
249
254
253
248
253
252
247
254
253
248
254
253
248
255
254
249
255
255
250
255
255
250
255
255
250
255
255
250
255
255
250
255
255
250
255
255
250
255
255
250
255
255
250
255
255
250
253
254
249
252
254
250
253
254
251
254
255
252
255
255
254
255
254
254
254
254
255
254
253
255
253
252
255
252
251
255
252
251
255
253
252
255
253
252
255
253
253
255
254
253
254
254
254
253
254
255
252
253
254
250
252
254
248
251
253
247
251
253
241
252
254
222
252
253
219
252
254
218
253
254
217
254
254
216
250
252
210
246
248
202
245
246
198
246
247
195
249
249
195
255
255
196
253
253
190
251
251
184
251
250
180
252
250
178
250
247
172
246
244
166
244
241
162
243
240
159
246
242
161
249
242
152
249
241
146
247
239
143
248
239
141
249
241
140
249
239
135
246
235
129
241
229
120
239
227
114
244
229
114
247
231
113
248
231
111
246
227
106
244
222
100
243
221
97
244
220
95
245
219
95
242
216
91
238
211
85
234
206
81
232
204
78
235
208
80
229
202
74
228
201
73
228
201
73
229
202
74
225
198
70
217
190
62
216
189
61
218
192
64
224
197
69
27
33
2
50
57
24
58
64
30
58
64
29
71
75
39
66
70
29
73
76
33
78
81
35
80
83
32
74
79
24
75
81
21
84
93
29
107
116
48
152
165
91
151
168
87
148
168
82
147
170
80
146
172
78
129
158
59
154
184
82
159
189
85
156
187
83
155
185
82
154
183
80
155
183
80
158
183
81
161
185
83
168
191
87
176
194
91
182
197
93
188
199
95
195
202
97
201
204
95
199
197
86
192
185
73
182
171
58
175
160
44
178
159
40
183
161
41
186
162
42
188
163
42
206
184
49
212
190
55
219
196
60
225
200
64
228
202
64
233
204
65
237
207
66
240
210
66
243
212
67
244
211
64
242
209
62
242
209
61
243
210
61
245
212
63
248
215
66
249
216
68
251
217
70
252
219
72
254
221
74
255
221
77
252
220
75
250
219
74
251
220
75
250
221
76
249
221
77
248
221
77
248
222
78
247
220
79
242
218
76
240
215
75
235
211
71
229
204
64
229
203
65
227
198
63
222
193
58
216
186
51
209
178
45
208
175
42
211
176
43
213
178
45
215
180
48
209
169
50
213
172
50
217
174
49
220
174
46
222
172
42
223
171
40
225
172
44
224
173
48
220
172
52
210
169
60
212
177
78
208
181
92
204
182
104
199
184
115
167
159
100
180
174
122
202
198
151
215
212
168
167
166
122
215
213
172
241
236
202
247
239
210
231
223
194
217
210
182
217
210
183
207
200
174
198
189
167
204
195
175
218
211
192
202
194
178
192
182
170
192
182
173
230
221
212
201
190
185
201
190
187
201
189
188
179
167
167
222
211
213
158
146
149
130
119
122
139
127
130
154
135
144
154
135
144
143
123
132
130
109
118
121
100
108
119
96
104
143
120
125
144
120
125
137
111
115
151
120
125
138
107
110
199
168
170
238
207
208
230
200
199
186
156
155
200
172
169
208
182
178
215
191
186
227
205
199
253
248
242
255
252
251
242
237
237
217
204
199
182
163
148
186
164
136
202
175
135
216
185
134
220
185
122
212
175
102
209
172
95
208
171
93
210
174
97
222
190
117
224
200
136
219
200
146
217
205
159
223
217
182
248
251
229
250
254
242
246
254
246
242
253
246
254
254
254
254
254
254
254
254
254
254
254
254
254
254
254
254
254
254
254
254
254
254
254
254
254
254
254
254
254
254
254
254
254
254
254
254
254
254
254
254
254
254
254
254
254
254
254
254
254
254
254
254
254
254
254
254
254
254
254
254
254
254
254
254
254
254
254
254
254
254
253
255
253
252
254
253
252
254
253
252
255
253
252
255
253
252
255
253
252
255
252
251
255
252
251
255
253
252
255
255
254
255
255
254
255
255
255
255
255
255
254
255
255
252
254
255
251
253
255
250
253
255
244
255
255
227
253
255
225
252
255
224
253
255
222
254
255
220
250
253
214
247
248
208
245
246
204
244
245
200
246
246
198
255
254
203
255
255
201
255
255
198
255
255
196
255
255
191
253
252
185
250
249
180
247
246
176
245
243
173
242
240
169
251
246
163
254
247
159
251
245
156
248
240
150
244
235
142
242
233
137
241
232
132
242
231
127
243
231
123
245
232
120
246
231
116
245
231
112
246
229
109
244
226
103
245
224
102
245
222
99
244
220
96
243
217
93
240
213
88
238
210
85
238
210
84
240
213
85
230
203
75
227
199
71
226
199
71
227
200
72
228
201
73
224
197
69
223
196
68
223
196
68
225
198
70
14
20
0
62
68
39
74
81
47
67
72
37
65
69
32
72
76
35
76
79
35
75
78
32
71
74
24
88
93
39
101
107
49
86
93
31
75
84
17
114
125
54
142
158
81
142
162
78
144
167
78
148
173
80
138
167
69
143
173
73
149
179
78
154
184
81
153
183
80
153
183
80
155
184
81
158
186
83
161
188
85
167
192
89
173
196
93
178
198
94
181
198
92
181
194
88
193
200
92
199
201
91
197
196
84
191
186
72
179
170
54
175
161
43
178
161
42
183
164
44
188
169
47
200
179
47
208
187
56
216
195
62
223
201
67
228
203
68
231
205
65
235
207
67
239
210
68
244
212
69
246
213
68
245
212
66
246
213
65
246
213
64
247
214
65
249
216
66
250
216
68
250
217
69
250
217
70
251
218
71
251
218
71
249
217
72
248
216
72
248
216
72
246
216
73
245
217
74
244
217
74
244
217
74
244
216
76
240
215
75
239
214
74
241
216
77
248
222
84
251
224
87
251
223
87
251
221
87
250
219
86
250
219
87
249
216
84
240
205
74
228
192
62
217
181
51
212
175
55
209
169
47
211
169
44
218
173
46
230
182
52
233
183
52
225
175
47
220
171
46
217
171
51
218
178
69
210
177
79
207
181
92
199
179
101
182
168
99
162
154
96
150
146
94
146
144
97
148
149
103
160
161
118
176
177
136
177
174
137
179
172
138
186
179
145
211
203
172
199
191
161
194
187
158
194
187
160
198
191
166
202
193
172
193
185
167
181
172
156
171
162
149
221
210
202
199
189
182
183
172
167
173
161
160
175
162
162
192
179
181
143
132
134
106
95
98
86
73
78
95
75
85
111
92
101
123
104
113
130
110
118
128
107
115
127
105
110
102
78
82
104
78
81
121
94
95
129
100
100
120
88
87
192
159
156
242
209
205
243
210
204
191
159
151
211
181
173
214
186
176
207
179
168
191
165
153
250
233
220
252
237
230
252
241
235
253
248
236
230
211
186
184
161
124
183
158
109
200
172
113
222
192
122
207
177
100
211
180
102
216
185
108
219
191
118
221
197
133
230
211
156
236
222
178
241
233
199
246
243
217
249
255
239
245
254
245
242
254
249
243
254
252
253
253
255
253
253
255
253
253
255
253
253
255
253
253
255
253
253
255
253
253
255
253
253
255
253
253
255
253
253
255
253
253
255
253
253
255
253
253
255
253
253
255
253
253
255
253
253
255
253
253
255
253
253
255
253
253
255
253
253
255
254
253
255
254
253
255
254
253
255
253
252
254
253
252
255
253
252
255
253
252
255
253
252
255
253
252
255
253
252
255
253
252
255
252
252
255
254
253
255
254
253
255
254
254
255
255
255
254
255
255
254
255
255
254
254
255
252
253
254
251
253
254
246
253
255
229
251
255
227
251
254
225
251
254
225
251
253
224
250
251
218
245
247
213
243
245
208
243
244
205
244
245
204
250
250
205
250
251
204
251
252
203
253
252
202
254
254
200
254
254
198
254
253
197
254
253
195
253
252
194
252
251
193
253
248
175
251
244
165
247
241
159
242
236
152
240
233
146
239
232
141
239
232
136
239
232
131
240
229
126
240
228
120
243
229
118
245
231
117
246
229
113
246
227
107
245
225
104
246
224
101
246
222
99
245
220
96
243
217
92
241
215
89
241
214
88
244
217
89
236
210
82
232
205
77
230
204
76
231
204
76
232
205
77
230
202
74
228
201
73
227
200
72
227
201
72
17
24
0
68
75
45
79
85
51
65
71
35
60
65
26
79
83
42
85
89
45
82
85
39
69
72
23
83
87
35
109
114
57
97
104
43
86
95
29
124
136
64
153
168
91
143
162
80
138
160
73
142
167
75
148
175
80
151
179
82
151
180
80
151
181
78
152
181
79
155
184
82
157
186
85
160
189
87
163
191
89
167
195
92
171
197
94
175
198
95
176
197
93
175
192
86
188
200
92
196
204
94
199
204
91
197
197
83
185
180
65
173
165
46
173
161
42
177
163
43
184
169
48
201
182
52
209
188
58
215
194
63
220
198
66
224
200
66
229
203
66
234
207
68
239
211
70
243
213
71
245
214
69
245
212
66
245
212
64
246
212
64
246
213
64
247
213
65
247
214
65
247
214
66
247
213
66
247
213
66
247
214
67
247
214
70
246
214
72
246
213
72
246
216
73
245
217
76
246
218
77
247
218
78
246
219
79
246
221
81
248
222
84
248
223
85
248
221
84
248
222
87
248
220
86
245
215
82
241
209
78
235
203
73
231
197
68
228
192
63
224
188
59
221
185
57
216
181
61
221
184
62
225
185
60
228
185
58
229
183
54
232
183
53
233
184
56
230
183
59
224
180
62
213
174
65
212
181
84
206
181
95
192
174
98
171
158
91
186
179
124
187
184
134
168
168
123
148
149
107
170
173
132
150
151
113
166
163
125
182
176
138
189
183
146
200
195
159
191
185
151
182
177
145
180
174
145
194
187
160
173
166
142
192
185
165
200
192
175
193
184
170
202
192
182
192
182
174
177
166
162
164
152
151
156
144
145
161
149
151
166
155
158
150
138
143
119
106
113
97
78
90
134
115
126
168
150
159
194
175
184
204
183
191
224
203
208
193
176
180
156
135
137
127
98
98
141
110
108
127
94
90
189
155
149
236
202
193
243
210
199
182
149
136
197
164
149
200
169
152
194
164
146
177
148
128
249
237
218
250
233
218
250
234
219
255
247
226
251
230
195
201
178
131
192
168
110
199
175
106
212
187
111
197
173
92
220
196
118
230
207
133
229
208
140
225
207
152
234
220
176
245
235
200
253
247
222
255
254
238
247
252
243
243
250
246
243
252
250
245
255
254
252
254
255
252
254
255
252
254
255
252
254
255
252
254
255
252
254
255
252
254
255
252
254
255
252
254
255
252
254
255
252
254
255
252
254
255
252
254
255
252
254
255
252
254
255
252
254
255
252
254
255
252
254
255
252
254
255
252
254
255
253
253
255
254
253
255
254
253
255
253
252
255
253
252
255
253
252
255
253
252
255
253
252
255
253
252
255
254
253
255
253
253
254
253
252
254
254
253
255
254
253
254
254
254
254
254
254
254
254
254
254
254
254
253
254
254
253
253
254
253
253
254
248
253
255
233
251
254
231
250
253
229
250
253
229
251
253
229
249
251
224
245
247
218
243
245
214
243
244
212
245
245
212
247
247
210
247
248
209
248
248
208
249
249
206
250
250
205
252
251
205
253
251
205
253
252
205
254
253
205
254
253
205
254
251
184
251
246
172
246
242
165
240
236
157
238
234
151
241
235
149
243
236
146
243
236
141
241
232
132
240
228
124
242
229
121
246
232
120
246
230
116
245
228
110
246
227
107
247
226
105
248
225
103
247
223
99
245
221
96
244
219
93
244
219
92
247
220
92
241
214
86
237
210
82
235
208
80
234
207
79
235
208
80
233
206
78
231
204
76
229
202
74
229
202
73
21
28
0
60
67
36
72
79
45
69
75
39
74
79
40
84
88
47
92
96
52
91
94
47
77
80
31
67
71
19
102
107
51
114
121
60
121
130
65
147
158
88
150
166
89
142
161
80
141
162
77
146
171
81
147
174
80
146
174
78
148
176
77
151
178
77
153
180
79
156
184
84
159
187
88
162
191
91
165
194
93
167
196
95
169
198
95
172
198
95
174
198
94
177
198
92
185
202
93
191
204
94
195
204
93
196
201
88
192
191
76
181
178
60
179
173
54
179
171
51
183
174
52
210
192
64
212
192
63
212
192
62
213
192
61
215
194
61
226
201
65
234
208
70
240
212
72
242
213
72
241
209
66
242
209
64
243
209
63
244
210
63
245
212
63
245
212
63
246
213
64
247
213
65
247
213
65
247
213
66
247
214
67
247
214
71
247
214
74
246
212
73
244
214
74
245
216
76
246
217
78
246
217
79
245
217
79
248
222
84
252
226
90
254
229
93
251
227
92
244
216
84
241
212
80
239
208
78
235
203
74
225
193
64
216
181
53
221
184
57
232
195
68
243
207
80
222
189
69
233
198
76
237
199
75
234
193
67
224
181
52
228
181
52
237
190
64
239
194
71
232
190
73
211
174
66
199
170
75
201
178
94
195
178
104
171
159
95
169
164
112
195
194
148
192
193
152
175
177
140
178
181
145
150
153
119
160
159
121
174
170
130
184
181
141
194
192
153
187
184
148
187
183
149
194
189
158
212
207
179
175
169
146
198
192
171
203
196
178
185
177
162
193
184
174
177
166
160
163
152
149
155
144
144
157
145
147
201
190
194
233
224
229
235
226
231
206
194
202
135
118
130
160
143
156
191
173
184
209
190
200
203
183
192
223
203
208
241
224
227
204
183
184
146
117
116
141
109
105
135
100
93
169
133
123
202
165
152
220
182
168
177
141
123
184
149
128
191
156
134
192
159
134
179
147
120
239
214
187
238
212
187
239
213
187
246
223
190
255
233
189
224
200
143
208
185
117
204
183
107
216
196
115
208
190
108
214
197
120
222
206
136
230
216
154
231
220
173
240
231
196
248
241
216
253
248
232
254
252
243
247
250
247
246
250
249
246
252
252
248
254
254
253
253
255
253
253
255
253
253
255
253
253
255
253
253
255
253
253
255
253
253
255
253
253
255
253
253
255
253
253
255
253
253
255
253
253
255
253
253
255
253
253
255
253
253
255
253
253
255
253
253
255
253
253
255
253
253
255
253
253
255
254
253
255
254
253
254
254
253
254
254
253
254
254
253
254
254
253
254
254
253
254
254
253
254
254
253
254
254
253
254
253
253
254
253
253
253
254
253
254
254
254
254
254
254
254
254
254
254
254
254
254
254
254
254
254
253
254
253
253
254
253
253
250
253
255
237
252
254
234
251
253
233
251
254
233
252
254
233
250
252
230
246
248
224
245
246
221
245
246
219
246
247
219
249
249
219
249
249
217
249
248
216
249
247
214
248
247
213
249
247
211
249
248
211
250
248
210
250
249
210
251
249
210
254
252
191
252
250
180
247
244
173
243
238
165
242
238
159
245
239
157
247
241
155
248
241
151
243
235
139
241
232
130
242
232
125
245
232
122
245
230
117
245
228
111
246
227
108
246
226
105
248
226
103
247
224
100
246
223
97
246
222
96
246
220
94
246
219
91
241
215
86
238
211
83
236
209
81
235
208
80
235
208
80
234
207
80
233
206
78
230
203
75
227
200
72
24
31
0
54
61
29
67
74
40
70
76
40
77
82
43
65
69
29
74
78
34
85
88
42
92
95
46
90
95
42
98
104
48
119
126
66
143
152
88
159
170
102
147
162
88
143
161
81
143
164
80
146
171
82
143
170
77
141
168
74
147
173
75
153
178
78
155
181
81
159
185
85
161
188
88
163
192
91
165
195
94
167
197
96
167
197
94
168
198
94
171
200
94
179
204
97
182
204
95
186
204
94
191
204
91
195
203
89
199
204
87
199
200
82
196
195
76
193
190
69
190
185
63
212
194
68
211
192
65
210
190
61
209
188
58
211
190
58
224
199
65
233
207
70
238
211
72
239
211
70
235
205
62
242
209
65
244
211
65
245
212
64
246
213
64
247
214
65
248
215
66
249
216
67
249
216
68
250
217
69
250
216
69
252
219
76
252
219
80
249
216
77
245
214
76
244
215
77
243
214
76
241
212
74
237
208
73
241
214
79
247
220
86
252
226
92
254
228
97
235
207
76
232
202
72
238
207
78
247
215
86
248
216
89
237
202
75
237
200
73
242
204
79
248
212
88
225
194
75
224
191
70
224
188
65
226
186
61
227
186
58
234
189
61
235
190
65
234
190
69
230
189
74
222
187
82
214
185
93
211
189
108
197
182
112
165
154
95
140
137
87
160
159
117
157
159
121
145
149
114
156
161
129
193
197
167
187
188
151
190
188
146
210
208
167
236
234
194
193
191
153
194
192
156
211
208
175
211
207
178
185
180
155
177
171
150
168
162
144
163
155
141
213
204
194
183
173
168
165
155
154
162
152
152
181
170
172
210
198
204
218
208
214
234
224
232
247
235
245
197
182
195
146
131
143
165
149
161
199
182
193
230
212
221
208
188
193
184
161
164
162
136
136
139
110
108
106
74
68
127
92
83
136
99
86
148
109
94
164
124
106
159
119
97
170
131
105
180
142
114
183
146
117
169
132
101
189
153
121
201
166
133
205
172
135
206
175
131
231
204
150
240
215
149
232
210
135
224
204
123
225
210
124
231
218
134
220
208
132
219
209
142
227
219
163
240
233
193
250
245
217
253
250
232
254
252
243
254
251
249
253
254
253
252
254
254
250
252
253
248
251
252
254
254
254
254
254
254
254
254
254
254
254
254
254
254
254
254
254
254
254
254
254
254
254
254
254
254
254
254
254
254
254
254
254
254
254
254
254
254
254
254
254
254
254
254
254
254
254
254
254
254
254
254
254
254
254
254
254
254
254
254
254
254
254
254
254
254
254
254
254
254
254
254
254
255
253
254
255
253
254
255
253
254
255
253
254
255
253
254
255
253
253
254
253
253
253
253
254
254
254
254
254
254
254
254
254
254
254
254
254
253
255
254
253
255
254
253
255
253
252
254
253
252
251
254
255
241
252
255
239
253
254
238
253
254
238
253
255
238
251
253
235
249
249
231
248
248
228
248
248
227
248
249
228
251
250
228
251
251
226
251
251
224
252
251
224
252
250
223
251
250
221
252
250
220
252
250
220
252
250
220
253
251
219
254
253
197
253
251
185
249
247
180
244
242
172
244
241
167
246
242
164
248
243
160
249
242
154
245
237
144
243
234
135
245
234
130
247
234
126
247
233
121
246
229
114
245
228
109
246
227
106
247
226
104
248
226
100
247
224
98
246
223
97
245
221
95
244
216
88
242
215
87
239
212
84
237
210
81
235
208
80
236
209
81
237
210
82
235
208
80
232
205
77
228
201
73
27
34
1
58
66
32
67
73
39
61
67
31
63
69
30
57
61
20
64
67
24
75
78
32
89
92
43
117
121
69
106
111
55
111
118
59
126
134
71
146
157
89
157
172
98
150
168
89
144
165
81
141
166
77
150
177
84
149
176
82
152
178
81
156
180
80
157
182
82
160
186
86
161
189
89
163
192
91
164
194
93
166
196
95
166
196
93
167
197
92
169
199
93
175
203
96
185
208
100
187
208
98
189
206
93
191
204
89
199
208
91
209
214
95
207
209
90
200
200
80
190
188
66
200
182
56
203
185
59
206
188
60
210
190
61
215
193
63
224
202
67
232
207
70
236
209
70
237
209
67
234
204
61
242
211
66
245
213
67
246
213
65
247
214
65
247
214
65
247
214
65
247
214
65
247
214
65
247
214
65
247
214
66
249
215
73
248
214
77
243
209
72
237
205
68
236
206
70
234
204
69
230
201
65
225
195
61
229
201
68
237
210
78
243
215
83
241
213
82
227
198
68
223
192
63
228
196
68
237
204
77
244
212
85
242
207
82
237
199
75
232
194
70
229
192
68
222
192
73
213
182
62
213
179
56
219
182
57
233
192
65
241
198
71
235
192
68
230
189
68
228
188
73
226
193
90
239
211
121
222
200
121
189
173
106
144
135
78
142
139
94
134
133
94
112
113
79
91
93
63
104
108
79
162
167
139
179
181
144
198
197
154
223
224
182
240
240
200
201
201
162
197
196
160
205
202
170
199
195
166
195
191
165
183
178
157
169
163
145
157
150
135
179
171
162
157
149
144
150
141
139
154
144
145
172
163
165
167
156
164
163
152
160
192
181
191
233
222
232
183
169
185
129
116
130
131
117
130
149
134
145
173
156
165
165
144
152
171
148
151
189
163
164
196
167
165
123
91
85
133
98
86
137
100
84
139
100
81
139
98
77
148
107
82
168
126
98
173
132
101
168
128
95
154
116
82
166
129
91
174
136
95
178
140
94
177
141
90
196
163
101
242
219
146
253
235
155
244
230
144
221
207
119
234
226
142
233
228
152
232
228
163
233
230
178
247
245
210
254
253
231
255
254
243
254
253
249
253
251
251
252
251
253
254
253
254
252
252
253
250
250
250
254
254
254
254
254
254
254
254
254
254
254
254
254
254
254
254
254
254
254
254
254
254
254
254
254
254
254
254
254
254
254
254
254
254
254
254
254
254
254
254
254
254
254
254
254
254
254
254
254
254
254
254
254
254
254
254
254
254
254
254
254
254
253
254
255
253
254
255
253
254
255
253
254
255
253
254
255
253
254
255
253
254
255
253
254
255
253
254
255
253
254
254
252
253
254
252
254
254
254
254
254
254
254
254
254
254
254
254
254
253
255
254
253
255
253
252
255
253
251
255
253
252
253
255
255
245
253
255
243
253
255
242
254
255
242
255
255
241
254
254
240
251
252
236
250
251
234
250
250
233
251
252
233
252
252
233
254
253
233
255
254
232
255
254
232
255
255
233
255
255
230
255
254
229
255
253
229
255
253
228
254
252
227
254
253
201
253
252
189
252
250
185
250
246
181
249
246
175
249
245
170
249
245
164
249
243
158
247
240
148
247
238
141
248
238
136
249
239
131
249
236
125
248
233
117
247
231
112
247
229
108
249
228
105
250
228
103
249
225
101
248
224
99
246
222
96
244
217
89
245
217
89
242
215
87
240
213
85
239
212
84
240
213
85
243
216
88
241
214
86
237
210
82
232
205
77
16
22
0
59
65
37
69
75
43
62
68
34
70
74
37
88
92
52
83
86
43
73
76
30
65
68
19
90
94
42
113
118
63
101
108
50
83
92
30
94
106
39
152
168
96
155
174
97
153
175
92
150
176
88
157
187
94
142
171
77
148
174
78
158
182
83
160
185
85
161
188
87
161
190
88
162
192
90
164
195
91
165
196
92
165
196
91
166
197
91
169
198
92
174
201
94
188
212
104
192
211
102
191
207
96
189
203
89
196
205
89
207
213
95
205
209
90
198
200
79
186
187
64
187
171
45
196
180
52
206
188
60
216
196
66
223
200
70
228
204
69
232
205
69
235
206
68
237
206
67
237
205
63
241
209
66
243
210
65
243
210
64
243
210
63
242
210
62
241
209
61
240
207
60
240
206
59
239
206
59
241
207
60
236
201
60
230
194
58
224
189
52
219
186
50
218
187
50
216
185
49
213
182
46
210
180
44
215
187
51
225
196
62
233
203
71
238
208
77
238
208
79
234
202
74
227
195
67
222
188
62
220
187
61
227
193
66
230
194
67
229
192
66
224
188
63
214
184
68
220
188
69
224
189
67
228
190
66
233
192
65
242
199
71
243
201
77
240
199
80
231
193
81
215
183
83
205
181
93
197
180
104
177
166
102
140
132
79
169
168
124
167
168
131
166
168
136
165
168
138
165
168
139
145
147
119
147
148
110
166
167
123
200
201
159
197
197
156
211
211
172
199
199
162
182
181
148
184
183
153
173
170
146
187
183
163
189
185
168
177
172
159
171
165
157
156
148
143
116
108
107
85
77
79
93
84
87
166
155
163
175
165
173
164
153
162
139
128
138
121
109
124
110
97
110
103
89
101
107
92
103
126
109
119
187
167
174
232
219
223
234
216
217
204
175
174
154
121
115
138
103
92
156
119
104
168
128
109
162
121
98
172
130
102
189
148
116
178
138
103
158
118
81
147
108
68
173
134
93
171
130
82
183
142
88
208
169
111
206
172
103
236
209
133
249
228
146
246
231
145
222
211
124
225
219
140
220
217
147
230
228
169
248
247
201
254
252
223
254
254
238
252
252
244
250
249
247
247
245
248
248
246
248
252
251
253
254
253
255
254
254
255
254
254
254
254
254
254
254
254
254
254
254
254
254
254
254
254
254
254
254
254
254
254
254
254
254
254
254
254
254
254
254
254
254
254
254
254
254
254
254
254
254
254
254
254
254
254
254
254
254
254
254
254
254
254
254
254
254
254
254
254
254
254
253
254
255
253
254
255
253
254
255
253
254
255
252
254
255
251
254
255
251
254
255
251
254
255
251
254
255
253
253
254
253
253
254
252
254
255
253
254
254
254
254
253
254
254
253
255
254
253
255
254
253
255
253
252
255
253
252
255
253
252
253
255
255
247
254
255
245
254
255
245
254
255
245
255
255
246
255
255
245
253
253
241
252
252
240
252
252
239
254
254
240
254
254
238
254
254
238
255
254
238
255
254
237
255
254
237
255
254
235
254
253
234
254
252
231
252
249
229
250
247
227
253
252
205
255
254
196
255
254
194
255
252
189
253
251
182
253
249
176
252
248
169
252
247
164
251
244
155
250
243
147
251
242
141
251
241
136
251
239
129
250
236
120
249
233
115
249
232
111
250
230
108
250
229
104
250
227
102
249
226
101
248
224
98
246
219
92
246
219
92
245
218
90
243
217
89
242
216
87
244
217
89
246
220
92
245
219
90
241
216
86
236
210
81
12
12
2
55
55
42
74
75
57
73
75
52
59
62
31
79
82
44
70
73
30
68
71
24
79
83
33
68
72
21
80
85
33
88
96
42
90
99
44
75
89
31
130
149
85
127
152
81
131
161
84
145
180
96
142
183
92
137
180
86
141
179
83
148
182
84
157
191
91
158
192
87
157
193
83
159
196
82
163
200
84
164
200
82
163
198
80
168
199
85
172
200
88
173
198
90
181
201
96
186
203
100
190
203
100
193
204
99
198
207
98
204
211
98
206
213
96
207
214
93
206
211
88
202
197
65
205
195
63
211
196
64
219
198
67
229
202
71
239
205
72
242
203
69
243
202
67
244
202
66
245
204
67
247
209
71
244
209
70
240
207
68
238
207
67
238
207
68
235
203
65
233
199
62
232
195
59
235
196
62
242
201
68
242
200
67
239
196
63
234
193
58
225
186
47
220
182
40
217
180
35
215
179
32
216
182
33
218
184
38
220
185
43
225
189
51
232
197
61
230
193
64
228
192
64
228
192
65
228
194
65
229
197
65
229
199
62
227
198
59
225
197
55
222
194
53
219
179
69
231
189
76
235
191
74
237
191
69
238
190
63
250
203
74
250
208
81
243
206
85
231
199
86
213
190
92
204
191
107
175
171
100
145
147
88
119
125
77
158
166
126
180
185
149
189
191
155
187
184
149
171
163
125
171
159
120
158
153
109
167
168
121
205
207
161
202
205
161
180
183
143
171
174
137
168
172
139
172
175
147
167
170
148
176
179
161
186
188
174
198
199
189
243
243
237
234
232
230
199
195
195
154
148
150
106
99
103
102
92
98
116
105
111
119
106
113
111
99
106
108
97
103
130
118
124
134
121
126
129
115
121
120
104
111
198
180
187
205
184
190
190
166
170
170
144
147
191
161
160
177
145
140
177
144
133
179
143
126
179
142
119
197
160
127
202
163
126
188
148
106
172
131
84
174
134
82
186
147
93
188
150
77
195
159
75
208
172
88
213
182
97
228
203
119
239
219
138
245
230
153
243
233
163
210
204
145
228
224
175
243
242
202
253
254
224
253
255
236
251
253
245
249
251
249
246
248
250
244
247
252
247
251
255
249
252
255
248
252
255
249
252
255
254
254
254
254
254
254
254
254
254
254
254
254
254
254
254
254
254
254
254
254
254
254
254
254
254
254
254
254
254
254
254
254
254
254
254
254
254
254
254
254
254
254
254
254
254
254
254
254
254
254
254
254
254
254
254
254
254
254
254
254
254
254
254
254
254
254
254
254
254
254
254
254
254
254
254
254
254
254
254
254
254
254
254
254
254
254
254
254
254
254
254
254
254
254
254
254
254
254
254
254
254
254
254
254
254
254
254
254
254
254
254
254
254
254
254
254
254
254
254
254
254
254
253
255
255
250
255
255
251
255
255
251
255
255
251
255
255
251
255
254
253
255
253
252
255
253
252
255
253
252
255
253
252
253
252
248
254
251
247
254
251
245
253
251
243
253
252
242
253
252
239
252
252
237
250
250
234
248
248
231
244
244
226
252
249
210
255
251
203
255
252
201
253
249
195
248
245
185
248
246
180
249
248
175
251
250
171
248
247
159
243
242
148
242
240
140
243
240
134
244
240
129
247
239
123
247
237
118
247
235
114
247
232
110
247
230
107
248
228
104
248
228
103
249
226
102
247
223
99
243
219
95
240
217
92
240
217
90
240
219
89
243
221
90
243
221
89
240
219
85
236
216
81
233
212
77
14
16
4
55
56
40
71
73
52
69
72
46
60
64
31
81
85
44
75
78
33
73
76
28
82
85
35
71
75
23
80
85
32
93
100
47
102
111
57
93
106
49
90
108
47
85
109
41
99
128
54
131
164
84
149
187
101
138
178
89
140
176
83
146
179
82
154
188
89
153
189
84
153
189
80
156
193
80
162
200
84
166
203
86
167
202
86
171
203
90
174
203
93
174
200
93
182
203
100
187
205
103
191
206
103
194
206
102
200
209
102
207
215
103
209
218
101
209
218
99
209
217
95
216
212
80
216
208
76
218
205
73
222
204
72
230
205
73
240
206
73
243
205
72
245
205
71
248
207
71
250
211
73
250
213
75
246
212
73
241
209
70
236
205
66
232
200
62
228
195
58
224
189
53
222
184
50
225
183
50
229
186
54
230
185
55
228
183
53
226
182
51
223
179
44
220
178
40
218
177
37
217
178
36
218
179
37
219
181
41
220
182
44
220
181
47
219
181
49
219
180
53
221
182
57
223
184
60
225
188
62
228
192
64
228
194
62
227
194
59
224
192
55
222
190
54
224
184
70
226
183
68
229
185
66
233
187
65
239
192
67
242
194
70
234
190
68
226
187
71
218
186
79
213
191
98
211
198
121
158
152
88
128
128
76
158
162
119
173
179
144
185
190
156
208
210
177
230
228
194
222
215
179
191
182
144
175
171
128
164
165
119
160
161
116
163
165
123
178
180
141
191
194
159
198
200
170
183
186
160
191
193
172
182
185
168
184
186
173
198
199
190
231
230
225
230
226
225
237
231
233
218
211
215
139
130
136
112
101
108
113
100
108
122
108
118
139
125
134
164
152
158
207
195
201
219
208
214
196
184
190
129
113
120
156
136
142
160
139
144
162
137
141
160
133
135
155
124
122
169
137
130
182
148
136
191
156
138
196
160
135
214
176
143
210
171
133
195
155
112
181
141
92
184
144
91
199
160
105
200
163
89
203
167
84
210
176
91
211
182
98
227
202
120
237
217
137
244
229
153
246
236
167
218
213
154
235
233
183
248
247
208
254
254
226
253
255
237
252
254
246
249
251
249
246
248
251
244
247
252
248
251
255
249
252
255
249
252
255
249
252
255
254
254
254
254
254
254
254
254
254
254
254
254
254
254
254
254
254
254
254
254
254
254
254
254
254
254
254
254
254
254
254
254
254
254
254
254
254
254
254
254
254
254
254
254
254
254
254
254
254
254
254
254
254
254
254
254
254
254
254
254
254
254
254
254
254
254
254
254
254
254
254
254
254
254
254
254
254
254
254
254
254
254
254
254
254
254
254
254
254
254
254
254
254
254
254
254
254
254
254
254
254
254
254
254
254
254
254
254
254
254
254
254
254
254
254
254
254
254
254
254
254
254
253
255
255
250
255
255
251
255
255
251
255
255
251
255
254
252
255
254
253
255
253
252
255
253
252
255
253
252
255
253
252
253
252
248
253
251
247
254
251
245
253
252
243
254
253
243
254
253
242
254
253
239
252
252
236
250
250
234
248
248
230
253
250
212
255
250
205
254
251
203
252
248
196
248
245
187
248
246
182
249
247
178
250
250
173
247
247
162
243
242
151
243
241
144
245
242
139
246
242
133
248
241
127
248
238
122
248
235
117
248
233
112
247
230
108
248
229
106
248
228
104
248
227
103
251
227
104
247
224
100
245
222
97
244
222
95
244
222
93
245
224
94
245
225
93
243
223
90
240
220
86
237
218
83
18
23
4
50
55
33
63
67
41
65
71
39
78
84
46
98
104
60
85
89
41
75
79
28
77
82
30
78
82
30
89
94
41
99
106
53
105
114
61
98
111
56
89
105
46
85
106
42
87
113
43
97
127
52
141
176
95
137
174
89
141
176
86
149
181
87
158
190
94
155
190
88
152
188
81
154
191
80
159
197
84
165
203
88
166
202
87
169
202
90
171
202
93
172
198
93
179
202
100
184
203
103
187
204
104
190
205
103
196
209
102
204
215
104
208
218
104
209
219
101
208
219
98
224
223
93
221
217
85
219
210
79
221
205
74
226
203
73
234
203
71
237
201
69
240
202
68
242
203
68
244
206
69
240
204
66
236
201
64
231
198
61
226
195
57
221
189
52
218
184
48
215
179
44
213
174
42
214
172
40
217
173
42
219
171
43
219
169
44
218
169
43
217
170
40
217
170
38
217
171
37
217
172
37
217
174
38
218
175
41
218
175
44
217
174
45
215
172
45
217
172
50
219
175
53
221
178
56
224
181
59
225
184
61
226
186
60
225
186
58
224
185
55
223
184
55
223
184
64
220
178
58
223
180
59
230
185
62
239
194
70
236
190
71
228
184
71
222
182
77
217
184
88
214
191
109
197
183
116
168
159
106
149
146
103
155
157
122
170
174
145
174
178
150
172
173
145
172
170
140
196
190
158
199
190
156
183
180
139
162
163
119
141
142
99
148
150
109
186
187
151
200
202
169
199
202
172
186
189
163
197
198
178
164
165
150
154
154
143
173
172
165
204
201
198
202
196
198
213
205
210
197
187
195
114
103
112
134
120
131
135
120
131
141
125
137
158
142
153
217
205
211
239
227
233
244
232
238
233
219
225
201
184
189
166
145
150
151
128
132
137
112
114
127
99
100
126
95
91
156
123
114
189
155
141
210
175
155
213
176
150
209
171
136
203
165
123
206
167
121
213
173
123
221
182
128
221
182
126
222
184
111
222
187
103
220
188
105
218
189
107
230
207
126
236
218
139
241
227
153
247
237
170
225
220
163
240
238
191
251
249
213
255
254
227
255
255
240
252
254
247
249
251
250
247
249
251
245
248
253
248
251
255
249
252
255
249
252
255
249
252
255
254
254
254
254
254
254
254
254
254
254
254
254
254
254
254
254
254
254
254
254
254
254
254
254
254
254
254
254
254
254
254
254
254
254
254
254
254
254
254
254
254
254
254
254
254
254
254
254
254
254
254
254
254
254
254
254
254
254
254
254
254
254
254
254
254
254
254
254
254
254
254
254
254
254
254
254
254
254
254
254
254
254
254
254
254
254
254
254
254
254
254
254
254
254
254
254
254
254
254
254
254
254
254
254
254
254
254
254
254
254
254
254
254
254
254
254
254
254
254
254
254
254
253
254
255
251
254
255
251
254
255
251
254
255
252
255
254
253
255
254
253
255
253
252
255
253
252
255
253
252
255
253
252
252
251
247
253
251
246
254
252
245
255
253
245
255
255
245
255
255
244
255
254
242
254
254
239
253
253
237
252
252
234
254
252
217
255
251
210
255
251
208
254
250
201
251
248
194
251
249
189
251
250
185
251
251
179
249
248
166
245
244
156
244
243
150
245
242
144
246
242
137
248
241
131
248
239
126
248
237
121
248
235
116
249
233
112
249
231
110
249
231
108
249
229
106
248
226
105
245
224
101
244
223
99
244
224
98
245
225
97
248
228
98
249
230
99
248
230
98
247
229
97
246
228
95
12
20
0
48
57
30
61
71
38
63
73
35
80
90
45
95
103
54
84
92
39
75
83
28
75
81
26
76
81
27
90
96
43
98
105
53
99
106
55
84
94
42
105
119
62
107
126
66
91
115
49
67
96
25
134
166
90
131
165
85
137
171
85
148
181
88
159
193
98
158
194
94
153
190
86
153
191
83
157
196
85
163
201
89
163
200
88
164
200
90
166
198
92
168
196
93
174
199
99
179
200
102
182
201
103
185
202
102
191
206
100
198
213
104
202
216
103
204
217
101
204
218
99
222
226
95
217
217
87
215
209
79
216
203
73
221
200
70
226
198
67
229
196
64
230
194
61
230
193
59
231
194
59
226
191
54
223
190
53
221
189
52
218
186
51
215
183
47
213
179
45
212
175
42
211
171
40
211
167
38
211
164
35
215
164
39
217
163
42
217
163
41
214
162
37
213
162
37
213
162
36
213
163
36
214
165
37
215
166
40
216
166
42
217
167
45
219
168
47
219
169
49
220
171
52
221
173
54
223
175
56
224
177
58
226
180
59
228
182
60
229
184
61
230
185
61
222
183
56
219
180
53
223
182
56
228
186
61
232
189
67
228
185
71
229
187
82
226
187
92
217
184
99
193
170
99
165
149
95
178
168
124
180
176
140
149
148
119
190
192
169
192
195
170
165
167
140
134
133
104
152
149
118
179
173
140
192
190
151
185
186
144
157
158
118
149
150
113
192
192
159
188
189
159
172
173
147
178
178
157
175
174
159
137
135
124
118
115
108
128
123
120
186
180
182
208
198
204
185
174
182
144
133
143
100
87
98
137
121
135
110
93
107
138
121
136
202
185
200
206
193
197
224
210
214
236
220
224
243
226
230
246
227
231
169
146
151
145
119
123
131
103
105
128
98
97
144
111
106
137
102
90
178
142
125
208
171
149
212
174
145
203
166
129
196
157
114
211
172
124
234
195
142
248
210
152
245
208
149
245
210
137
242
209
128
235
205
124
232
204
124
239
217
138
239
222
146
239
227
154
244
235
171
227
222
168
239
238
193
249
249
214
254
255
230
255
255
241
253
254
248
250
251
250
247
249
251
245
248
253
248
251
255
249
252
255
249
253
255
250
252
255
254
254
254
254
254
254
254
254
254
254
254
254
254
254
254
254
254
254
254
254
254
254
254
254
254
254
254
254
254
254
254
254
254
254
254
254
254
254
254
254
254
254
254
254
254
254
254
254
254
254
254
254
254
254
254
254
254
254
254
254
254
254
254
254
254
254
254
254
254
254
254
254
254
254
254
254
254
254
254
254
254
254
254
254
254
254
254
254
254
254
254
254
254
254
254
254
254
254
254
254
254
254
254
254
254
254
254
254
254
254
254
254
254
254
254
254
254
254
254
254
254
254
253
254
255
251
254
255
251
254
255
251
254
255
252
254
255
253
255
254
253
255
253
253
255
253
253
255
253
252
255
253
252
253
251
249
254
251
248
255
252
247
255
252
246
255
255
245
255
255
245
255
255
243
255
255
241
255
255
239
254
254
237
254
252
222
255
251
214
255
250
211
253
249
207
254
250
202
254
252
198
254
253
193
252
251
185
248
247
172
246
244
163
245
243
155
245
242
149
248
242
143
248
242
136
249
240
131
249
239
126
249
237
122
251
236
118
251
235
115
251
235
114
250
232
111
244
224
105
243
223
103
242
223
102
243
224
100
244
226
100
246
229
101
248
231
102
249
232
102
249
233
102
249
233
101
15
29
0
75
88
53
94
107
67
88
101
57
83
94
45
86
97
42
94
104
47
100
110
50
102
110
50
87
93
37
86
92
38
93
99
47
95
101
50
73
82
32
93
105
53
101
117
61
92
113
52
76
101
35
141
169
99
123
153
80
123
155
73
134
167
77
153
186
94
159
194
97
155
191
89
154
192
86
157
196
87
162
201
91
164
201
91
165
201
93
166
200
96
166
198
96
173
201
102
177
200
104
179
200
104
181
201
103
186
205
102
193
211
104
197
215
104
199
217
103
200
217
100
217
225
95
213
215
86
210
207
79
210
202
72
216
200
70
224
199
69
227
196
65
227
193
62
226
191
58
227
190
56
229
193
59
228
195
60
226
194
59
223
191
56
218
185
52
217
181
49
217
178
47
217
174
45
214
168
40
211
162
35
215
163
39
218
164
42
218
163
42
216
160
40
215
159
40
214
159
39
214
158
39
214
158
39
213
160
40
213
160
40
214
161
41
216
163
43
218
165
45
219
167
48
221
170
50
224
172
52
226
174
54
231
179
59
236
184
65
240
187
70
241
190
71
225
189
52
224
188
52
228
190
57
229
190
63
224
184
62
216
177
67
224
187
88
222
188
100
206
177
101
160
136
75
189
171
125
195
184
148
186
180
151
160
158
133
183
185
163
184
187
163
181
184
157
176
177
147
166
167
133
176
175
140
170
171
133
158
158
120
141
141
105
143
142
108
186
186
155
177
176
149
161
160
137
199
197
179
216
213
201
225
220
212
233
229
225
227
225
226
80
71
76
66
53
62
102
88
99
138
124
136
139
122
136
132
114
131
114
95
112
124
105
122
156
138
153
186
171
175
221
205
208
232
213
218
219
199
204
179
158
161
124
100
103
129
103
103
145
115
114
158
126
121
136
101
92
146
110
95
166
129
109
176
138
112
173
134
102
213
174
135
224
185
140
239
203
153
252
218
163
251
214
154
250
213
151
253
219
146
250
220
140
243
214
134
240
217
139
248
228
152
243
227
154
237
227
158
242
235
172
228
225
173
240
238
196
249
249
216
255
255
232
255
255
244
254
255
251
251
253
252
248
250
252
246
249
254
248
251
255
249
252
255
249
252
254
249
252
253
254
254
254
254
254
254
254
254
254
254
254
254
254
254
254
254
254
254
254
254
254
254
254
254
254
254
254
254
254
254
254
254
254
254
254
254
254
254
254
254
254
254
254
254
254
254
254
254
254
254
254
254
254
254
254
254
254
254
254
254
254
254
254
254
254
254
254
254
254
254
254
254
254
254
254
254
254
254
254
254
254
254
254
254
254
254
254
254
254
254
254
254
254
254
254
254
254
254
254
254
254
254
254
254
254
254
254
254
254
254
254
254
254
254
254
254
254
254
254
254
254
254
253
254
255
251
254
255
251
254
255
252
254
255
253
254
255
253
254
254
254
255
253
253
255
253
253
255
253
253
255
253
252
253
251
250
254
252
248
255
252
247
255
252
247
255
255
245
255
255
244
255
255
243
255
255
241
255
255
239
254
254
238
255
252
225
254
249
217
252
247
213
250
247
209
254
250
207
254
252
204
254
251
198
251
249
190
246
245
176
245
243
169
245
243
162
245
244
156
248
243
149
248
242
143
248
241
138
249
239
132
250
239
127
251
237
123
251
236
120
252
235
119
251
233
118
247
228
113
246
228
111
245
228
108
244
226
106
242
225
103
241
225
102
242
226
100
242
227
100
243
228
100
244
228
101
13
31
0
79
97
56
103
120
74
101
118
68
99
116
61
90
106
45
95
108
47
100
110
48
100
108
47
93
100
42
94
100
46
97
103
51
98
103
53
89
95
46
77
88
37
86
99
46
101
117
60
119
139
77
140
164
99
114
141
72
108
137
59
116
148
61
141
173
84
157
191
96
155
191
91
154
192
89
156
194
88
160
199
91
161
200
91
164
201
95
167
201
98
167
199
100
172
201
105
174
201
106
175
200
105
177
200
103
181
203
102
189
210
104
192
213
104
193
215
103
194
216
100
214
222
96
208
213
87
205
204
78
206
198
72
213
198
71
224
200
72
229
200
71
232
199
70
234
198
68
234
199
67
244
209
76
244
210
78
240
207
74
232
199
67
222
187
57
220
183
54
221
180
52
221
177
51
221
172
47
216
165
41
218
164
42
220
164
43
220
165
44
222
165
47
222
165
49
222
164
50
221
163
49
219
161
47
215
158
44
214
158
41
213
158
38
212
158
36
215
163
38
218
166
41
221
169
44
223
172
47
226
174
49
230
177
55
234
181
60
237
184
65
239
187
67
230
199
49
227
194
49
230
196
57
232
198
66
226
193
70
214
181
74
223
193
98
223
195
114
208
184
115
157
138
83
183
168
126
173
162
128
167
161
131
184
180
154
197
197
172
208
211
182
215
218
187
212
215
181
182
187
150
189
194
153
185
186
150
171
170
137
148
147
114
133
132
103
137
136
110
141
138
116
161
157
139
235
229
217
231
224
215
236
227
223
241
231
230
236
224
228
139
126
134
120
103
115
123
106
120
128
111
125
120
101
118
151
131
148
135
115
134
130
110
129
140
120
137
185
167
172
207
187
192
189
168
172
159
137
140
125
101
105
123
95
95
168
138
135
195
162
157
196
161
153
139
103
90
155
117
98
169
130
105
174
135
104
171
130
94
231
192
147
237
198
147
244
208
153
250
215
156
244
210
146
252
226
162
245
218
147
238
210
135
233
207
131
241
219
144
252
234
162
245
231
162
237
228
163
243
237
179
236
232
184
247
246
207
253
253
224
253
255
235
255
255
246
254
255
252
251
252
254
249
250
254
248
249
253
250
251
255
251
253
255
251
253
253
251
252
252
254
254
254
254
254
254
254
254
254
254
254
254
254
254
254
254
254
254
254
254
254
254
254
254
254
254
254
254
254
254
254
254
254
254
254
254
254
254
254
254
254
254
254
254
254
254
254
254
254
254
254
254
254
254
254
254
254
254
254
254
254
254
254
254
254
254
254
254
254
254
254
254
254
254
254
254
254
254
254
254
254
254
254
254
254
254
254
254
254
254
254
254
254
254
254
254
254
254
254
254
254
254
254
254
254
254
254
254
254
254
254
254
254
254
254
254
254
254
254
254
254
254
254
255
255
252
255
255
254
255
255
254
254
255
254
254
255
253
254
254
254
253
253
253
254
253
253
255
253
253
255
253
253
255
253
252
254
253
250
254
252
248
255
252
247
255
253
245
255
255
244
255
255
243
255
254
241
255
254
240
252
252
236
254
253
229
254
251
224
253
248
220
253
248
218
255
253
216
255
254
214
254
253
209
253
250
200
247
246
186
247
246
180
247
246
174
248
246
168
249
246
162
251
244
153
250
242
147
249
240
141
248
237
134
248
235
128
247
233
125
247
232
122
246
232
121
247
230
120
246
230
119
245
229
115
242
227
112
239
225
108
237
223
104
236
223
102
236
224
102
237
226
102
239
227
102
18
40
0
79
100
54
104
125
74
109
130
75
126
147
86
101
119
55
98
113
49
95
109
44
91
102
39
100
108
48
107
113
57
101
106
53
93
97
47
94
99
50
82
90
40
90
102
50
111
126
69
135
153
93
124
145
80
115
139
72
107
133
56
109
138
52
139
168
80
156
189
96
155
189
91
153
189
88
154
192
87
160
198
91
160
198
92
161
198
94
163
199
97
165
200
100
169
200
105
171
200
105
173
200
106
176
201
105
180
205
104
185
209
104
186
210
102
186
210
99
185
210
96
212
220
95
209
214
89
208
207
83
208
200
75
208
192
67
219
195
70
229
199
73
235
200
74
237
199
72
239
202
73
246
209
80
246
211
81
244
209
80
238
204
75
231
194
66
228
189
61
226
184
58
227
180
56
226
175
52
222
169
48
220
167
45
219
166
43
218
164
43
220
164
48
225
168
55
227
169
59
225
167
58
217
160
51
214
158
46
214
159
44
212
159
40
210
159
34
216
166
37
219
170
39
222
173
40
223
174
42
225
175
46
227
176
50
230
178
55
232
179
58
233
182
59
232
202
47
227
198
47
228
200
57
229
201
67
224
197
74
212
188
83
223
199
108
218
197
119
201
182
117
175
161
108
152
142
99
142
133
96
145
139
106
165
163
132
182
183
150
203
206
170
203
208
170
191
197
156
177
185
140
201
209
163
195
198
162
187
187
159
185
184
156
172
170
146
139
136
115
130
126
108
152
146
131
229
222
212
215
204
200
212
200
199
214
201
203
214
199
204
170
153
162
111
93
105
119
99
114
138
118
134
133
113
129
116
94
111
155
133
151
201
179
198
242
221
238
246
225
231
203
181
186
161
138
142
145
121
124
174
147
149
182
152
150
179
146
142
172
137
130
169
132
121
189
149
132
191
150
127
182
141
112
171
130
95
163
121
81
213
175
126
229
191
137
244
213
155
253
228
166
247
212
147
241
207
140
231
202
131
227
202
128
229
206
133
238
219
148
248
233
164
244
232
167
239
230
170
240
235
181
242
239
195
251
250
216
254
254
230
254
254
238
255
255
248
255
254
254
251
252
254
249
250
254
248
249
253
251
252
254
252
254
254
252
254
253
252
253
252
254
254
254
254
254
254
254
254
254
254
254
254
254
254
254
254
254
254
254
254
254
254
254
254
254
254
254
254
254
254
254
254
254
254
254
254
254
254
254
254
254
254
254
254
254
254
254
254
254
254
254
254
254
254
254
254
254
254
254
254
254
254
254
254
254
254
254
254
254
254
254
254
254
254
254
254
254
254
254
254
254
254
254
254
254
254
254
254
254
254
254
254
254
254
254
254
254
254
254
254
254
254
254
254
254
254
254
254
254
254
254
254
254
254
254
254
254
254
254
254
254
254
254
254
255
254
254
255
254
254
255
254
254
254
254
254
254
254
254
254
254
253
253
254
254
253
254
255
253
253
255
253
253
255
253
252
255
253
251
255
253
249
255
252
247
255
253
245
255
254
245
255
254
243
255
253
241
254
253
239
252
252
236
254
253
234
255
253
230
255
251
226
254
250
223
254
253
222
255
254
220
255
254
215
255
252
208
250
248
196
249
248
190
249
248
184
250
247
178
251
247
171
249
244
162
248
241
154
246
238
146
245
235
141
244
233
133
244
231
130
244
230
128
244
230
126
246
230
126
243
227
122
241
226
119
239
226
117
238
225
114
237
225
110
236
224
109
237
226
108
238
228
109
240
230
110
15
40
0
87
111
63
117
141
88
119
142
86
117
139
77
77
96
30
86
103
37
98
112
46
101
112
48
104
112
51
112
118
61
99
105
51
85
90
38
93
98
48
80
86
35
92
103
49
99
112
55
97
113
51
105
124
58
120
141
73
113
137
60
112
137
52
137
163
77
154
184
91
156
188
90
156
191
90
158
194
90
159
197
91
160
198
92
164
201
98
167
204
103
168
203
106
169
201
106
170
200
106
173
200
107
176
202
107
179
206
106
183
209
105
183
208
101
182
208
97
181
208
93
212
218
96
215
217
95
216
213
91
214
204
82
203
185
63
213
187
64
227
194
71
232
195
71
228
189
64
234
194
67
237
198
71
240
202
75
243
205
78
245
208
81
243
205
80
237
197
72
231
187
64
225
177
56
221
169
48
218
165
46
215
164
43
213
164
43
213
164
46
211
160
47
215
162
54
221
167
62
224
170
66
208
152
49
209
155
47
212
160
47
215
165
45
215
168
41
215
170
36
217
173
34
220
177
36
223
180
40
227
182
45
229
182
50
232
183
56
234
185
61
237
188
64
230
201
48
231
205
56
228
202
62
222
198
68
216
195
78
214
196
97
206
191
105
177
163
89
141
130
67
175
166
115
176
170
125
179
174
132
179
175
135
173
171
133
162
163
121
180
183
140
191
196
152
194
201
156
182
192
143
202
213
163
193
197
163
181
181
157
172
171
149
153
151
131
152
147
131
134
128
115
130
121
111
184
174
167
178
165
164
190
176
178
199
184
188
198
181
188
137
117
127
127
106
118
133
112
125
140
118
132
137
115
129
166
144
158
199
176
192
220
198
214
222
202
216
182
159
165
181
158
162
177
152
156
167
140
143
151
121
121
191
158
155
197
161
155
196
158
148
195
155
140
208
165
145
198
157
129
178
135
102
168
126
87
177
135
91
204
164
113
206
169
112
223
190
128
240
209
144
235
202
133
221
188
117
217
191
121
225
203
133
240
219
150
240
223
155
244
231
165
245
236
173
243
236
179
235
231
180
246
245
205
251
251
220
254
254
231
254
254
241
254
255
250
253
253
254
251
251
255
249
249
254
248
249
253
252
252
254
254
254
254
254
255
253
254
255
252
254
254
254
254
254
254
254
254
254
254
254
254
254
254
254
254
254
254
254
254
254
254
254
254
254
254
254
254
254
254
254
254
254
254
254
254
254
254
254
254
254
254
254
254
254
254
254
254
254
254
254
254
254
254
254
254
254
254
254
254
254
254
254
254
254
254
254
254
254
254
254
254
254
254
254
254
254
254
254
254
254
254
254
254
254
254
254
254
254
254
254
254
254
254
254
254
254
254
254
254
254
254
254
254
254
254
254
254
254
254
254
254
254
254
254
254
254
254
254
254
254
254
254
254
255
253
254
255
253
254
254
253
254
254
254
254
254
254
254
253
254
254
253
255
254
253
255
255
253
255
255
253
254
255
253
253
255
253
252
255
253
251
255
253
248
255
252
246
255
254
244
255
253
243
255
253
241
254
253
239
254
253
239
255
253
236
255
252
233
254
250
230
252
249
226
253
250
224
254
252
222
255
253
219
255
253
215
251
249
205
249
247
197
248
247
191
249
247
185
250
246
179
248
243
170
247
240
163
245
238
156
244
235
150
243
233
143
243
232
140
243
232
139
244
232
137
245
232
135
240
227
128
237
225
125
237
225
123
238
227
123
239
229
122
238
228
119
238
229
118
238
230
118
240
232
118
12
40
0
89
116
68
126
152
99
130
156
99
102
127
65
86
108
43
80
100
32
86
102
34
104
116
50
110
119
56
102
108
49
109
115
58
117
122
69
108
112
61
76
82
28
89
98
41
93
104
44
83
98
34
88
107
37
102
122
51
109
131
53
118
142
57
136
161
73
153
181
88
160
189
92
163
195
94
163
197
93
155
192
86
158
195
89
169
205
101
175
210
109
172
206
107
171
203
108
171
201
107
171
200
105
172
200
104
174
202
102
178
206
101
182
211
102
186
215
103
189
218
103
210
212
93
205
202
83
205
197
78
206
192
73
205
183
63
216
185
65
226
189
69
227
187
66
222
180
58
227
186
62
225
183
59
225
185
61
227
188
63
228
190
65
225
186
63
220
178
56
215
170
50
211
163
43
208
156
37
207
153
36
206
158
42
205
162
47
205
160
49
208
161
56
203
155
55
208
158
62
214
163
71
208
156
62
213
163
63
214
166
58
216
170
53
219
178
51
212
174
36
212
175
32
216
180
35
222
186
41
227
189
48
226
186
51
227
185
56
231
186
62
234
190
67
226
198
55
231
205
67
227
204
74
220
199
80
210
194
87
204
192
103
183
174
97
149
143
76
121
116
57
169
164
114
181
177
132
201
197
152
207
203
158
186
183
137
134
133
86
149
149
102
163
166
118
172
177
129
166
174
126
200
210
161
190
194
164
178
177
159
170
167
151
144
141
126
168
162
150
129
121
112
82
72
65
92
79
77
102
87
88
137
119
123
149
129
135
136
115
122
130
108
117
126
102
113
127
104
115
132
109
120
140
116
128
166
142
154
201
177
189
200
176
188
168
144
155
120
96
101
108
82
86
119
92
95
133
103
106
141
108
108
178
142
137
190
152
143
194
154
141
191
148
131
178
133
110
181
136
106
177
133
96
176
132
90
180
137
89
205
165
109
200
162
101
211
176
111
226
192
124
229
197
125
213
182
108
216
192
122
226
207
140
242
224
157
243
228
162
247
236
174
248
240
181
245
241
186
238
235
188
247
247
210
250
251
224
252
253
234
253
253
243
253
254
252
252
253
254
250
251
255
249
249
254
249
249
253
253
252
253
254
254
254
255
255
252
254
255
251
254
254
254
254
254
254
254
254
254
254
254
254
254
254
254
254
254
254
254
254
254
254
254
254
254
254
254
254
254
254
254
254
254
254
254
254
254
254
254
254
254
254
254
254
254
254
254
254
254
254
254
254
254
254
254
254
254
254
254
254
254
254
254
254
254
254
254
254
254
254
254
254
254
254
254
254
254
254
254
254
254
254
254
254
254
254
254
254
254
254
254
254
254
254
254
254
254
254
254
254
254
254
254
254
254
254
254
254
254
254
254
254
254
254
254
254
254
254
254
254
254
254
254
254
255
253
254
254
254
254
254
254
254
254
254
254
254
254
254
253
255
254
253
255
254
253
255
254
253
255
255
253
255
255
253
253
255
253
252
255
253
250
255
253
249
255
252
247
255
253
245
255
253
243
255
253
242
254
253
241
254
253
239
255
253
236
255
252
234
254
250
232
252
249
229
253
250
228
254
252
227
255
254
225
255
253
221
253
251
214
251
249
207
250
248
201
249
248
195
251
248
190
252
247
184
251
245
178
250
243
171
249
241
165
247
237
156
245
235
152
244
233
149
243
232
146
244
231
142
239
227
137
237
226
134
237
227
132
239
229
132
240
232
131
239
231
128
240
232
128
241
234
128
242
236
128
16
45
1
83
112
64
119
148
96
132
160
104
133
158
98
138
161
96
102
122
56
79
96
29
83
96
30
96
105
42
97
104
43
98
105
46
103
109
53
118
124
68
109
116
58
102
112
50
96
108
43
93
108
38
123
140
67
81
101
24
97
117
36
129
150
64
152
175
87
167
191
98
164
191
93
164
193
92
167
199
94
171
205
97
169
202
97
167
201
97
167
201
99
170
205
104
173
205
110
175
206
111
177
206
111
178
206
109
176
206
105
177
207
100
180
210
99
183
213
100
186
215
100
201
197
81
184
176
60
183
170
53
190
170
54
200
172
57
211
175
58
217
176
59
216
173
54
212
166
48
219
173
51
210
166
44
210
166
45
211
169
47
212
172
50
213
172
50
213
169
49
213
167
48
213
165
47
216
163
47
218
163
48
206
161
50
194
155
51
187
147
46
200
157
66
195
150
64
186
139
58
183
133
56
211
162
83
221
174
86
203
159
61
197
156
47
209
172
52
214
182
46
216
185
43
216
186
41
217
186
41
219
188
46
224
190
56
225
188
61
224
184
63
222
182
64
232
202
75
226
199
78
227
203
91
224
204
101
204
192
100
192
185
110
206
202
138
197
196
139
168
168
117
125
126
79
172
172
126
196
193
147
211
207
159
221
216
167
187
183
134
178
175
127
183
183
136
195
197
151
195
199
156
192
198
156
168
170
146
162
160
148
180
177
165
156
152
141
208
201
193
209
200
194
191
180
176
186
170
171
144
126
128
125
105
109
112
90
95
105
82
88
127
103
111
154
130
138
128
105
112
103
80
86
117
93
99
138
116
121
180
158
163
178
156
161
149
126
131
175
149
155
156
129
134
154
125
129
148
117
118
129
94
92
142
105
99
162
121
111
173
130
114
173
129
107
155
108
81
192
147
112
187
142
102
175
131
85
167
125
73
219
179
120
223
187
123
227
192
125
230
197
126
236
205
130
226
196
119
222
201
131
229
212
147
244
229
165
244
232
169
250
241
181
251
245
189
248
245
194
240
238
194
247
248
214
250
251
226
251
252
236
252
253
245
253
253
253
252
252
254
250
250
255
249
249
254
250
249
253
253
253
253
254
254
252
255
255
250
255
255
250
254
254
254
254
254
254
254
254
254
254
254
254
254
254
254
254
254
254
254
254
254
254
254
254
254
254
254
254
254
254
254
254
254
254
254
254
254
254
254
254
254
254
254
254
254
254
254
254
254
254
254
254
254
254
254
254
254
254
254
254
254
254
254
254
254
254
254
254
254
254
254
254
254
254
254
254
254
254
254
254
254
254
254
254
254
254
254
254
254
254
254
254
254
254
254
254
254
254
254
254
254
254
254
254
254
254
254
254
254
254
254
254
254
254
254
254
254
254
254
254
254
254
254
254
254
254
254
254
254
254
254
254
254
254
254
254
253
255
254
253
255
254
253
255
254
253
255
254
253
255
255
253
255
254
252
252
254
252
251
254
252
250
255
253
249
255
252
247
255
253
245
255
253
244
254
253
242
255
253
242
255
254
240
255
253
236
255
251
233
254
250
232
252
248
230
253
249
230
254
251
229
255
253
228
255
254
227
255
253
221
254
252
217
252
250
211
251
249
205
254
251
202
255
251
197
254
251
192
254
250
187
254
247
180
250
241
171
247
237
164
244
234
159
242
232
155
245
233
152
240
229
145
238
227
143
238
229
141
240
232
141
241
233
139
239
232
136
239
232
135
240
233
134
241
235
135
31
61
17
99
128
83
120
149
99
115
143
89
124
149
91
136
160
96
120
141
75
106
123
56
99
113
47
89
99
33
99
107
44
94
100
40
90
95
36
107
113
54
136
143
81
110
120
54
92
104
34
91
106
31
129
148
68
101
121
39
124
142
59
157
174
89
175
194
105
176
198
105
167
192
94
166
194
92
172
202
97
182
214
106
176
210
102
170
204
97
168
200
97
173
205
104
176
207
110
177
208
111
178
208
111
179
208
108
177
207
104
177
208
100
180
210
99
183
214
99
186
217
99
202
193
79
177
162
49
173
154
40
182
157
43
199
165
51
205
165
49
208
163
47
208
160
43
206
156
38
210
161
42
212
165
44
211
166
45
210
167
46
209
167
48
210
167
48
211
165
48
212
164
48
214
164
48
218
164
50
220
164
51
198
154
52
184
150
58
193
158
71
191
152
76
183
140
71
163
118
54
150
105
43
192
148
84
193
149
76
197
157
73
202
166
69
207
174
62
208
181
53
211
186
49
214
189
48
216
191
50
216
190
53
217
188
59
223
190
68
228
192
77
231
194
84
225
191
86
233
202
104
244
220
130
242
224
144
208
195
125
162
159
102
180
180
130
193
196
151
193
197
155
151
153
112
196
194
153
203
200
157
210
204
158
226
219
171
217
209
162
206
200
154
207
203
160
211
210
170
201
200
166
176
179
146
169
169
151
169
166
158
173
170
162
169
163
158
229
221
217
250
244
243
253
248
248
252
238
239
208
189
192
135
114
118
106
83
88
122
99
103
116
91
95
152
127
131
147
122
126
130
106
108
116
94
96
105
83
83
133
112
111
160
140
138
185
165
163
212
184
190
169
140
145
145
114
117
127
94
94
116
78
76
155
116
108
163
121
108
164
120
102
164
117
94
170
123
92
194
147
110
187
140
97
172
127
78
159
115
61
214
173
112
226
188
121
229
194
124
230
197
124
233
203
126
229
199
121
225
204
136
231
216
153
245
232
170
245
235
174
251
243
185
252
247
193
250
248
199
241
242
199
246
248
217
249
251
228
251
252
238
252
252
247
253
252
254
251
251
255
249
249
255
248
247
254
250
249
253
253
253
253
254
254
251
255
255
249
255
255
248
254
254
254
254
254
254
254
254
254
254
254
254
254
254
254
254
254
254
254
254
254
254
254
254
254
254
254
254
254
254
254
254
254
254
254
254
254
254
254
254
254
254
254
254
254
254
254
254
254
254
254
254
254
254
254
254
254
254
254
254
254
254
254
254
254
254
254
254
254
254
254
254
254
254
254
254
254
254
254
254
254
254
254
254
254
254
254
254
254
254
254
254
254
254
254
254
254
254
254
254
254
254
254
254
254
254
254
254
254
254
254
254
254
254
254
254
254
254
254
254
254
254
254
254
254
254
254
254
254
254
254
254
254
254
254
254
253
255
254
253
255
254
253
255
254
253
255
254
253
255
254
253
255
254
251
253
254
252
252
254
251
251
253
251
249
255
252
247
255
253
245
255
254
244
255
254
243
255
253
242
255
253
242
253
251
235
252
250
232
251
249
231
250
248
230
250
249
229
251
250
229
252
251
229
254
252
228
253
252
224
254
252
221
252
250
217
252
249
213
255
252
210
255
254
206
255
253
201
255
252
196
255
249
190
252
245
181
248
239
175
245
236
170
245
236
167
251
240
166
246
236
158
243
233
155
243
234
153
244
237
152
244
237
149
240
235
144
239
234
141
238
233
140
239
234
140
5
30
4
101
129
91
131
161
115
124
153
102
130
157
101
134
158
95
149
171
105
153
172
105
138
152
86
69
79
13
65
73
9
95
101
39
121
127
65
89
94
31
99
107
42
103
113
43
122
134
59
148
162
83
107
126
40
112
131
44
143
160
73
171
186
99
171
187
98
165
184
89
164
187
87
168
193
89
172
200
93
170
200
91
169
200
91
173
205
98
177
208
104
176
208
106
174
205
105
172
202
104
171
201
102
171
200
100
173
203
98
178
209
100
184
215
103
190
221
105
194
224
106
217
200
89
185
165
55
180
156
45
189
159
47
204
165
53
202
156
44
206
156
43
209
156
41
208
154
39
209
156
39
206
157
39
204
157
39
202
157
39
201
158
39
201
157
40
203
157
41
206
157
42
208
158
44
213
158
45
214
158
46
194
152
60
168
137
62
143
110
40
106
69
9
112
73
20
113
71
25
109
65
23
94
51
5
101
59
3
190
153
83
238
206
121
215
186
85
201
178
58
202
181
53
210
191
58
220
201
66
223
202
72
216
190
70
220
191
79
230
199
93
243
210
111
247
211
135
220
187
114
190
161
96
162
140
83
142
129
80
167
164
126
163
164
131
162
166
136
167
172
142
181
184
153
192
192
155
212
208
168
230
222
179
240
229
185
223
209
166
218
205
167
207
197
163
193
185
155
169
163
140
181
177
157
173
169
159
161
157
154
152
147
144
172
164
162
210
201
200
225
213
214
233
220
221
255
243
245
248
239
242
164
146
150
119
95
99
124
100
103
152
128
130
132
106
108
130
104
105
136
112
110
147
124
121
250
233
228
233
215
208
199
180
172
163
143
137
167
136
143
184
152
157
204
171
174
213
178
178
199
161
158
198
156
147
181
137
124
172
125
106
169
121
96
181
132
100
185
136
96
196
147
102
199
153
101
193
149
91
204
163
99
204
167
98
216
182
109
229
197
121
233
203
124
233
206
126
228
210
142
233
221
159
246
235
174
244
236
177
249
243
187
252
248
196
251
250
203
243
243
203
249
251
222
251
253
233
251
253
241
250
252
247
251
252
255
251
250
255
249
248
255
249
247
254
250
249
253
255
253
253
255
254
251
255
255
249
255
255
248
254
254
254
254
254
254
254
254
254
254
254
254
254
254
254
254
254
254
254
254
254
254
254
254
254
254
254
254
254
254
254
254
254
254
254
254
254
254
254
254
254
254
254
254
254
254
254
254
254
254
254
254
254
254
254
254
254
254
254
254
254
254
254
254
254
254
254
254
254
254
254
254
254
254
254
254
254
254
254
254
254
254
254
254
254
254
254
254
254
254
254
254
254
254
254
254
254
254
254
254
254
254
254
254
254
254
254
254
254
254
254
254
254
254
254
254
254
254
254
254
254
254
254
254
254
254
254
254
254
254
253
255
254
253
255
254
253
255
254
253
255
254
253
255
254
253
255
253
253
255
253
252
254
253
250
252
253
250
251
253
251
250
253
251
250
255
252
247
255
253
245
255
253
244
255
254
244
255
254
243
255
254
243
253
251
235
252
250
232
251
249
231
250
249
230
250
248
230
250
249
230
250
249
229
251
250
229
254
252
229
254
253
227
253
252
223
253
251
219
255
252
215
255
252
212
255
251
207
255
250
201
254
248
196
253
246
190
251
243
186
250
242
183
251
243
182
255
250
181
254
245
175
252
243
171
252
244
169
252
246
167
252
246
164
248
243
158
245
241
155
245
240
152
246
240
151
17
48
11
86
116
76
100
130
86
89
117
68
105
132
76
95
119
57
100
122
58
115
133
68
136
150
84
113
124
58
107
115
51
106
113
50
109
114
51
110
116
51
93
100
32
101
111
39
119
133
55
142
158
74
133
152
63
119
140
48
133
150
61
154
167
80
167
182
91
173
191
96
173
194
94
175
198
94
177
204
96
176
205
96
172
202
93
172
204
95
174
205
99
177
207
104
174
202
104
172
201
102
172
201
102
173
203
101
177
207
103
181
213
103
184
216
102
186
218
101
188
218
99
216
196
86
185
162
52
180
153
43
189
156
45
201
160
48
195
147
35
204
151
38
211
156
42
215
159
44
213
158
43
211
160
42
208
160
42
205
159
41
203
160
42
203
160
42
206
160
44
209
160
46
211
161
47
216
161
50
216
160
49
208
167
81
179
150
85
121
90
31
121
85
37
119
79
39
121
79
45
122
79
48
102
58
24
112
72
27
159
123
63
193
162
86
203
177
84
211
191
77
214
196
73
216
200
71
220
203
73
227
208
83
234
209
95
227
200
93
217
187
87
206
174
81
220
176
116
206
166
111
189
157
107
171
147
105
150
137
102
163
159
133
151
152
130
152
156
136
165
171
148
177
181
153
192
191
159
203
197
161
215
204
165
229
214
173
214
197
158
201
184
150
191
177
148
182
171
147
161
152
135
153
145
133
139
134
128
131
127
126
130
126
125
128
120
121
174
163
165
202
190
192
218
205
207
220
207
210
182
161
165
136
112
116
114
88
92
118
92
96
123
96
98
122
96
96
143
117
115
166
142
137
178
157
150
233
217
208
227
210
199
225
207
195
221
202
193
184
153
159
174
143
148
191
157
160
201
166
165
191
153
149
184
141
132
187
142
127
193
145
125
197
147
122
186
135
103
191
141
100
199
150
103
204
157
104
204
161
102
198
158
93
196
160
89
211
177
103
227
195
119
224
194
115
241
214
133
234
216
148
236
224
164
248
237
178
244
236
178
249
243
188
252
248
198
252
251
205
245
246
207
252
253
227
254
255
237
253
253
244
250
251
248
251
252
255
251
250
255
249
248
255
248
247
254
250
249
253
255
253
252
255
254
251
255
255
248
255
255
248
254
254
254
254
254
254
254
254
254
254
254
254
254
254
254
254
254
254
254
254
254
254
254
254
254
254
254
254
254
254
254
254
254
254
254
254
254
254
254
254
254
254
254
254
254
254
254
254
254
254
254
254
254
254
254
254
254
254
254
254
254
254
254
254
254
254
254
254
254
254
254
254
254
254
254
254
254
254
254
254
254
254
254
254
254
254
254
254
254
254
254
254
254
254
254
254
254
254
254
254
254
254
254
254
254
254
254
254
254
254
254
254
254
254
254
254
254
254
254
254
254
254
254
254
254
254
254
254
254
254
253
254
254
253
255
254
253
255
254
253
255
254
253
255
253
252
255
253
252
255
253
252
254
253
250
252
253
250
251
253
251
250
253
251
250
255
252
247
255
253
245
255
253
244
255
254
244
255
254
243
255
254
243
255
253
237
254
253
235
254
252
234
254
252
234
252
250
232
251
249
231
251
250
231
252
251
231
253
252
232
254
254
231
255
254
228
255
253
224
254
252
219
254
251
214
254
249
209
254
248
204
253
247
200
253
247
195
254
247
194
255
248
192
255
248
190
255
251
185
254
246
179
254
245
177
254
247
176
255
249
175
255
250
172
252
247
165
250
245
162
250
245
159
250
245
158
11
37
0
62
87
48
74
101
59
71
98
53
98
125
77
94
122
70
79
105
51
81
103
48
103
121
66
105
117
62
115
124
68
124
128
72
126
126
69
108
107
46
112
112
46
114
116
46
121
126
50
129
138
56
108
119
33
153
167
78
155
164
82
152
156
80
166
174
94
177
191
105
179
198
108
176
200
105
171
200
99
179
213
107
172
212
102
164
206
94
160
203
91
164
206
94
170
210
100
176
214
104
180
215
106
182
213
105
183
209
103
189
213
105
191
211
103
189
207
98
183
197
90
209
176
68
194
158
50
191
153
45
196
154
46
202
156
47
202
152
42
207
154
43
212
156
45
213
158
44
209
154
40
208
156
39
210
158
41
211
161
44
211
164
46
209
163
44
206
161
42
204
159
40
204
158
39
207
159
42
210
163
45
196
163
61
173
151
66
143
119
44
152
122
69
134
99
64
124
85
64
116
76
65
102
62
55
121
87
69
102
74
41
104
83
32
143
130
56
202
196
98
212
211
100
214
214
97
213
212
95
211
206
97
214
201
108
192
174
94
170
147
77
156
132
70
205
182
148
202
182
150
184
167
138
164
151
126
156
149
127
164
161
143
163
161
145
167
166
150
176
175
157
178
176
154
213
207
183
199
191
163
190
179
148
207
194
161
204
190
155
196
181
148
188
175
142
183
171
141
185
173
146
136
125
99
117
106
97
115
102
106
125
113
117
100
86
90
134
118
122
152
135
138
155
137
138
134
113
114
105
84
83
130
107
106
142
117
115
132
108
103
97
73
67
105
81
75
133
110
101
163
141
131
184
164
152
202
183
169
199
181
166
212
194
179
225
206
193
160
131
131
139
108
107
159
128
123
186
153
146
205
169
159
207
166
152
201
157
137
196
150
125
193
145
115
195
146
109
203
155
111
205
157
107
207
161
105
211
168
105
212
173
105
203
168
93
215
183
105
233
204
123
237
211
126
247
221
136
237
221
144
238
228
157
248
240
172
250
242
182
249
244
191
249
246
200
248
247
209
247
247
218
250
254
235
250
254
243
249
253
248
248
252
251
247
253
254
248
252
254
248
251
254
249
251
254
250
252
253
254
253
253
255
254
253
255
254
251
255
253
250
254
254
254
254
254
254
254
254
254
254
254
254
254
254
254
254
254
254
254
254
254
254
254
254
254
254
254
254
254
254
254
254
254
254
254
254
254
254
254
254
254
254
254
254
254
254
254
254
254
254
254
254
254
254
254
254
254
254
254
254
254
254
254
254
254
254
254
254
254
254
254
254
254
254
254
254
254
254
254
254
254
254
254
254
254
254
254
254
254
254
254
254
254
254
254
254
254
254
254
254
254
254
254
254
254
254
254
254
254
254
254
254
254
254
254
254
254
254
254
254
254
254
254
254
254
252
254
254
253
254
254
254
254
254
254
254
253
254
254
253
254
254
253
255
254
253
255
254
252
255
254
252
255
254
251
253
254
252
253
254
252
252
254
253
251
255
253
249
255
253
247
255
254
246
255
254
244
255
254
243
255
253
243
255
254
236
255
254
233
254
254
232
254
253
232
253
252
231
253
251
231
253
251
230
253
252
230
254
252
230
254
252
229
254
252
227
254
251
224
254
250
221
254
248
217
253
247
213
253
247
210
253
247
207
254
246
203
254
247
202
254
248
201
254
248
198
255
250
189
254
247
185
253
247
183
252
247
181
252
248
179
251
247
176
249
246
171
248
244
168
247
243
166
247
244
164
15
34
0
70
91
53
86
108
68
79
104
62
84
112
69
93
122
78
82
110
67
81
107
62
95
116
72
87
100
55
89
95
48
99
100
50
106
103
49
92
85
27
116
108
45
128
122
53
143
139
64
156
156
77
121
125
42
150
158
70
144
146
68
135
132
65
146
147
77
163
171
96
175
190
110
171
194
107
159
188
94
164
204
102
161
207
97
158
207
94
160
211
95
169
220
101
165
212
94
170
211
94
174
209
93
177
206
93
184
204
96
204
217
111
208
213
111
198
199
100
178
175
76
198
154
47
203
157
50
207
160
53
209
163
55
211
163
55
210
159
50
210
157
47
210
157
46
212
158
47
215
161
47
212
158
43
211
159
42
212
161
43
213
163
43
211
164
43
209
164
42
207
165
42
207
166
43
208
168
43
208
170
44
196
171
53
183
166
59
173
154
58
160
133
72
160
129
92
147
113
98
125
88
91
92
57
69
104
76
81
85
64
55
73
61
32
80
78
26
132
140
61
172
184
91
196
208
111
208
219
123
207
214
127
137
133
66
120
110
58
128
113
74
156
140
110
192
192
179
192
192
179
166
165
152
151
151
137
182
181
167
184
181
168
181
177
162
174
168
152
171
164
147
211
204
185
194
186
164
196
186
163
201
191
166
205
195
167
202
192
160
199
187
153
191
180
144
181
170
132
170
157
117
139
127
86
126
109
98
112
91
100
94
73
82
101
78
86
184
167
172
210
191
195
192
169
171
121
97
97
130
108
103
131
107
102
140
116
109
154
132
122
129
107
96
114
92
80
112
91
77
120
100
85
141
122
107
214
195
180
229
210
194
207
189
172
168
149
133
186
158
151
193
164
155
206
182
170
205
180
166
177
143
127
158
119
98
178
135
110
181
137
107
179
134
99
199
153
111
207
160
112
209
164
109
211
167
107
213
172
106
219
182
109
206
174
95
223
194
111
247
220
134
253
229
141
228
204
114
230
216
130
238
229
148
248
241
165
255
250
186
252
247
195
249
245
204
247
245
215
250
249
229
250
253
243
246
251
246
245
251
250
246
254
253
244
254
254
246
254
253
248
254
253
249
255
254
250
255
254
254
254
254
255
253
255
255
252
254
255
252
254
254
254
254
254
254
254
254
254
254
254
254
254
254
254
254
254
254
254
254
254
254
254
254
254
254
254
254
254
254
254
254
254
254
254
254
254
254
254
254
254
254
254
254
254
254
254
254
254
254
254
254
254
254
254
254
254
254
254
254
254
254
254
254
254
254
254
254
254
254
254
254
254
254
254
254
254
254
254
254
254
254
254
254
254
254
254
254
254
254
254
254
254
254
254
254
254
254
254
254
254
254
254
254
254
254
254
254
254
254
254
254
254
254
254
254
254
254
254
254
254
254
254
253
254
255
251
254
255
253
254
255
253
254
255
253
254
254
254
254
254
254
254
253
255
254
253
255
254
253
255
255
253
255
255
253
255
255
253
254
255
254
253
255
254
253
255
255
251
255
254
249
255
254
247
255
254
245
255
254
244
255
253
243
255
254
234
254
255
230
254
254
229
253
253
229
253
253
229
254
252
230
255
252
230
255
252
230
255
252
228
254
250
226
254
249
225
254
248
223
255
248
221
253
248
219
254
247
216
254
247
214
253
247
212
255
247
209
254
247
208
253
247
207
253
248
203
255
252
193
255
251
191
253
250
190
251
249
186
249
247
183
247
245
180
246
244
175
244
242
172
243
241
169
242
241
167
11
29
0
72
91
55
93
114
74
89
112
70
84
112
69
89
116
72
79
106
61
76
100
55
83
103
56
70
82
32
73
79
28
81
82
27
94
89
31
112
104
42
138
129
62
128
121
48
133
129
50
155
154
70
139
144
54
136
144
52
126
128
47
121
117
47
130
128
57
141
146
70
160
172
91
168
186
100
167
191
100
174
206
108
164
201
97
162
203
95
164
206
96
170
212
99
166
204
89
178
211
97
186
212
99
190
209
98
192
203
93
217
220
114
228
226
121
222
216
113
201
190
87
199
156
47
205
161
52
211
166
56
214
169
58
213
167
57
208
160
49
207
157
44
208
157
44
213
160
47
218
167
51
216
165
48
214
164
45
211
162
42
208
161
40
207
162
40
208
165
41
209
168
42
210
170
44
211
172
46
211
173
46
210
182
65
209
188
83
208
185
93
209
181
117
200
169
128
183
148
128
154
119
114
101
66
73
91
63
68
94
73
67
91
76
57
77
69
32
55
57
7
101
106
38
156
163
89
194
200
127
167
169
103
88
83
32
94
85
45
136
122
92
197
181
160
197
196
185
188
187
177
163
163
151
154
154
142
195
193
182
178
175
160
200
197
180
198
193
175
182
176
157
222
214
195
200
192
170
214
205
180
224
214
188
212
201
173
175
164
135
197
185
155
199
187
156
184
170
140
145
131
98
115
102
69
106
88
81
108
86
97
120
97
108
115
91
101
196
174
182
227
205
211
206
183
186
94
72
72
126
103
101
135
112
108
143
120
113
149
127
118
140
118
107
135
113
102
127
105
92
128
107
92
157
136
121
230
210
195
247
239
225
220
210
196
172
152
138
196
168
161
218
190
181
241
214
202
227
199
185
156
122
106
120
81
59
167
125
99
181
137
105
179
133
96
196
149
105
207
160
109
211
166
109
213
170
107
212
171
103
214
178
102
208
176
95
229
200
116
253
227
140
250
227
137
213
191
100
226
213
128
239
231
153
247
241
166
255
249
186
254
249
198
254
249
210
253
251
222
254
254
236
251
254
244
245
249
245
244
250
248
246
254
253
244
254
254
245
254
253
248
254
254
249
255
254
250
255
254
254
254
254
254
253
254
255
252
254
255
252
254
254
254
254
254
254
254
254
254
254
254
254
254
254
254
254
254
254
254
254
254
254
254
254
254
254
254
254
254
254
254
254
254
254
254
254
254
254
254
254
254
254
254
254
254
254
254
254
254
254
254
254
254
254
254
254
254
254
254
254
254
254
254
254
254
254
254
254
254
254
254
254
254
254
254
254
254
254
254
254
254
254
254
254
254
254
254
254
254
254
254
254
254
254
254
254
254
254
254
254
254
254
254
254
254
254
254
254
254
254
254
254
254
254
254
254
254
254
254
254
254
254
254
253
254
255
251
254
255
253
254
255
253
254
254
253
254
254
254
254
254
254
254
253
255
254
253
255
254
253
255
255
253
255
255
253
255
255
254
254
255
254
254
255
254
253
255
255
251
255
254
249
255
254
247
255
254
245
255
254
244
255
253
243
255
254
236
254
254
232
254
253
231
253
252
231
253
252
231
254
252
231
255
252
231
255
252
231
255
251
229
254
250
227
254
250
225
255
250
224
255
249
222
255
249
219
255
249
217
255
249
214
255
249
212
255
248
210
255
248
208
254
248
206
254
249
203
255
253
195
255
252
193
254
250
190
252
249
187
249
248
183
247
245
180
245
243
174
244
242
171
243
241
169
242
241
167
18
30
0
74
88
53
93
109
71
86
105
66
72
96
52
74
98
53
70
92
45
70
91
41
78
95
44
72
80
27
81
85
28
86
84
24
95
88
24
121
110
42
146
136
62
135
126
46
139
134
49
160
159
69
158
159
65
148
153
55
150
149
64
150
145
72
143
140
65
128
131
52
145
153
71
160
173
88
171
190
100
186
211
117
175
203
105
174
203
101
173
203
99
172
200
93
180
204
95
194
214
104
193
206
95
177
184
73
146
143
34
161
152
41
180
166
56
186
169
59
177
156
47
212
170
57
210
168
55
208
165
52
207
163
50
208
163
48
212
165
51
213
166
51
213
166
49
213
164
46
208
160
42
212
165
45
216
169
48
220
174
51
222
178
55
218
173
49
212
170
44
208
168
41
209
170
43
218
181
54
229
192
64
214
186
69
205
183
78
214
189
95
206
177
108
176
143
93
183
149
117
196
162
147
142
109
106
99
70
72
99
74
72
102
82
73
101
86
69
101
96
64
87
85
45
93
91
49
95
94
52
60
57
18
128
122
91
154
144
121
184
171
154
218
205
193
235
232
228
211
208
203
173
171
164
144
142
133
144
142
131
128
125
110
184
181
165
201
198
179
189
186
164
208
203
180
235
229
205
215
208
182
199
192
165
211
202
175
212
201
174
206
193
168
161
148
125
107
93
70
99
82
61
135
118
97
135
113
113
121
96
110
98
73
87
89
65
77
140
116
125
159
135
142
149
126
131
99
77
79
145
123
121
159
137
132
160
138
132
159
138
129
241
219
208
247
229
217
238
218
206
233
213
201
250
233
221
254
247
233
247
231
216
203
183
168
144
123
109
157
131
124
165
137
128
183
152
141
180
147
133
139
106
88
140
102
78
183
142
113
193
150
115
185
140
101
190
144
96
201
155
100
210
166
105
215
173
106
215
175
103
212
179
100
202
172
88
216
189
102
237
213
123
242
221
129
229
211
116
235
223
140
242
234
159
247
240
170
252
246
187
254
248
200
254
250
213
255
253
227
255
255
239
251
254
245
245
249
245
243
250
248
246
254
254
246
254
254
246
254
253
247
255
253
249
255
254
250
255
254
254
254
254
255
253
255
255
252
255
255
252
254
254
254
254
254
254
254
254
254
254
254
254
254
254
254
254
254
254
254
254
254
254
254
254
254
254
254
254
254
254
254
254
254
254
254
254
254
254
254
254
254
254
254
254
254
254
254
254
254
254
254
254
254
254
254
254
254
254
254
254
254
254
254
254
254
254
254
254
254
254
254
254
254
254
254
254
254
254
254
254
254
254
254
254
254
254
254
254
254
254
254
254
254
254
254
254
254
254
254
254
254
254
254
254
254
254
254
254
254
254
254
254
254
254
254
254
254
254
254
254
254
254
254
253
254
255
251
254
255
253
254
255
253
254
255
253
254
254
254
254
254
254
254
253
255
254
253
255
254
253
255
255
253
255
255
253
255
255
254
254
255
254
253
255
254
253
255
255
251
255
254
249
255
254
247
255
254
245
255
253
243
254
252
242
255
254
237
255
254
234
254
253
233
253
252
232
253
252
232
254
251
232
255
251
232
255
251
232
255
250
229
254
250
227
254
250
226
255
250
224
255
251
222
255
251
220
255
251
217
255
251
214
255
251
212
255
251
208
255
251
206
255
250
205
255
251
203
255
254
196
255
253
194
254
251
191
253
250
188
250
248
184
247
245
180
246
244
175
244
242
172
243
241
169
242
241
167
23
32
0
68
78
44
84
97
60
82
96
58
73
91
48
77
96
49
71
89
39
68
85
31
74
86
29
80
86
25
86
85
21
101
95
28
124
114
43
156
143
67
162
149
66
145
135
47
134
128
35
135
131
33
139
141
37
167
171
65
168
168
75
158
156
75
147
147
65
131
135
52
140
147
64
144
154
69
146
159
72
169
184
96
172
189
98
174
190
98
180
195
101
193
206
109
197
206
103
199
203
98
191
190
83
178
171
61
166
152
39
192
172
56
212
188
71
219
192
74
210
180
63
207
167
49
205
166
48
205
165
46
205
165
46
207
165
47
211
169
49
214
172
52
216
173
53
219
174
53
219
176
52
222
179
55
225
182
57
227
184
58
228
187
60
228
187
60
226
187
59
227
189
60
229
194
63
236
201
70
242
207
76
236
206
87
235
210
104
248
226
127
239
209
129
205
174
110
175
144
94
153
121
87
147
117
98
121
93
85
110
84
82
89
66
67
58
39
40
117
102
100
119
106
103
116
105
100
120
110
103
149
140
133
183
174
168
175
164
162
189
178
177
227
216
216
238
233
235
197
193
193
176
172
170
166
163
158
167
165
155
170
167
153
174
171
153
172
171
149
173
172
147
209
206
178
204
200
172
183
177
150
163
155
129
153
143
119
173
160
139
145
131
113
129
114
100
124
106
95
121
102
94
189
170
164
216
192
199
224
196
212
210
183
199
141
114
127
145
119
130
140
116
124
134
112
116
135
113
115
159
137
135
149
127
122
160
139
132
197
176
167
240
220
209
244
222
211
249
227
215
247
225
213
230
207
195
210
188
176
194
170
158
180
155
144
170
146
135
174
148
141
181
153
143
182
152
139
178
146
130
170
135
114
168
129
100
176
135
101
184
141
101
191
146
100
194
147
94
210
165
104
216
173
106
217
177
105
216
178
101
224
193
109
214
186
99
219
195
104
229
208
114
232
214
119
242
226
129
243
233
152
244
237
168
246
239
175
247
242
188
251
245
202
253
248
215
254
252
228
255
255
240
252
254
248
248
252
249
247
252
251
248
253
254
246
254
253
246
254
253
248
254
253
250
255
254
252
254
254
254
254
254
255
253
255
255
252
254
255
252
254
254
254
254
254
254
254
254
254
254
254
254
254
254
254
254
254
254
254
254
254
254
254
254
254
254
254
254
254
254
254
254
254
254
254
254
254
254
254
254
254
254
254
254
254
254
254
254
254
254
254
254
254
254
254
254
254
254
254
254
254
254
254
254
254
254
254
254
254
254
254
254
254
254
254
254
254
254
254
254
254
254
254
254
254
254
254
254
254
254
254
254
254
254
254
254
254
254
254
254
254
254
254
254
254
254
254
254
254
254
254
254
254
254
254
254
254
254
254
254
254
254
254
253
254
255
251
254
255
253
254
255
253
254
254
253
254
254
254
254
254
254
254
253
255
254
253
255
254
253
255
255
253
255
255
252
254
255
252
253
255
253
252
255
253
252
255
254
250
255
253
248
255
253
246
255
253
244
255
253
243
254
252
242
255
253
239
254
252
237
254
251
236
253
250
235
253
251
234
254
251
234
255
251
233
255
251
233
255
249
230
254
250
227
254
250
226
255
250
224
255
251
221
255
251
218
255
251
215
255
251
212
255
252
210
255
252
206
255
252
204
255
251
202
255
251
200
255
254
196
255
252
193
254
251
191
253
250
188
250
248
184
248
246
181
247
245
175
245
243
173
244
242
171
243
242
168
26
30
0
60
65
32
78
85
50
86
96
57
97
111
67
107
122
73
94
108
55
82
94
36
79
87
25
98
101
33
119
116
44
129
121
44
136
124
43
151
135
51
157
142
51
161
149
53
164
155
54
163
158
52
149
149
38
155
157
46
156
159
59
150
154
66
134
139
51
128
134
47
136
143
57
135
143
57
129
139
53
159
169
83
165
175
88
155
163
76
153
159
70
172
176
82
203
201
104
210
204
103
207
196
90
199
184
73
199
178
62
212
186
65
215
185
61
211
178
53
202
168
42
206
170
48
210
174
52
214
177
54
216
178
55
214
175
51
208
168
45
208
168
44
211
171
46
217
177
52
226
186
59
233
193
66
231
191
63
226
188
59
224
186
57
231
194
64
241
205
74
248
213
82
251
219
86
249
216
83
243
211
77
237
207
85
234
206
94
236
207
100
218
189
95
234
206
123
209
181
111
175
148
92
208
180
142
197
170
149
169
143
133
140
115
116
118
95
104
179
159
176
192
173
192
167
150
169
134
119
137
131
118
134
197
186
198
204
194
204
210
201
208
218
210
215
213
206
213
167
161
165
153
148
149
159
154
152
183
179
172
220
217
203
184
180
162
169
166
144
180
178
152
230
227
199
210
206
177
178
172
145
147
139
114
125
114
93
104
90
76
111
95
84
128
110
103
147
127
126
153
131
134
195
172
177
221
193
205
241
211
227
252
224
240
170
142
155
164
138
148
159
134
141
154
130
134
145
124
124
161
142
136
148
128
122
172
152
143
228
208
196
207
188
176
225
205
193
237
216
204
225
203
191
168
144
132
122
96
85
116
91
81
134
107
97
162
135
125
166
140
133
151
125
114
145
116
102
148
116
98
163
129
105
163
125
94
156
114
76
165
122
78
187
143
93
220
175
116
223
179
113
224
182
110
221
182
105
215
179
97
229
199
111
227
201
111
231
210
116
235
217
122
230
215
117
238
226
128
241
233
156
242
237
175
244
239
181
247
243
194
251
246
207
253
249
220
254
252
231
255
254
241
252
254
248
249
253
251
248
253
253
248
253
254
247
254
253
248
254
253
249
254
253
250
255
253
252
254
254
254
254
254
255
253
255
255
252
254
255
252
254
254
254
254
254
254
254
254
254
254
254
254
254
254
254
254
254
254
254
254
254
254
254
254
254
254
254
254
254
254
254
254
254
254
254
254
254
254
254
254
254
254
254
254
254
254
254
254
254
254
254
254
254
254
254
254
254
254
254
254
254
254
254
254
254
254
254
254
254
254
254
254
254
254
254
254
254
254
254
254
254
254
254
254
254
254
254
254
254
254
254
254
254
254
254
254
254
254
254
254
254
254
254
254
254
254
254
254
254
254
254
254
254
254
254
254
254
254
254
254
254
254
254
253
254
255
251
254
255
253
254
255
253
254
254
253
254
254
254
254
254
254
254
253
255
254
253
255
254
253
255
255
253
255
254
252
254
254
252
253
255
253
252
255
253
252
255
254
250
255
253
248
255
252
246
254
252
244
254
252
242
254
252
241
254
252
240
254
251
239
254
250
237
253
250
237
253
250
237
254
250
236
255
250
235
255
250
234
255
250
231
254
249
229
254
249
226
255
250
223
255
250
219
255
251
215
255
251
212
255
251
209
255
252
206
255
252
203
255
252
200
254
251
199
254
251
197
255
252
194
254
251
192
254
251
190
253
250
188
250
248
184
248
246
181
248
246
177
247
245
175
246
244
172
245
244
170
30
29
1
52
53
22
70
74
40
88
94
57
120
129
85
138
149
98
121
132
74
105
113
50
98
103
35
132
131
56
142
135
55
143
131
48
146
130
42
164
145
52
158
141
42
158
144
40
164
153
45
174
168
55
172
171
55
159
161
43
157
163
57
153
164
68
141
151
57
150
160
69
153
162
72
135
145
56
112
121
33
143
152
65
160
167
81
147
151
64
138
140
51
151
149
58
204
198
101
215
204
102
213
197
90
207
187
75
216
192
72
225
195
70
220
189
61
217
185
52
218
183
50
214
180
54
213
179
52
213
178
52
213
177
51
212
176
49
212
176
49
214
178
50
217
181
53
220
185
55
224
188
59
228
192
62
227
192
61
226
192
60
228
194
62
238
204
71
247
214
80
253
221
87
255
225
91
253
222
87
249
218
83
245
216
89
246
218
99
252
227
110
228
202
91
236
212
110
227
204
113
206
186
106
186
164
102
197
175
134
197
173
149
181
157
149
150
126
134
152
128
151
174
152
181
145
124
156
114
96
127
153
138
166
164
153
172
172
164
177
179
173
182
184
179
185
176
166
177
185
176
183
183
175
178
177
169
169
171
163
158
194
190
177
159
154
136
146
141
120
155
151
126
176
172
144
163
158
130
125
118
92
100
91
69
110
98
81
125
110
99
127
109
104
160
141
142
199
180
187
191
166
177
146
120
133
157
127
141
183
152
166
215
186
199
203
174
185
173
146
154
169
144
148
171
147
148
152
132
128
150
131
122
174
156
146
198
180
168
216
199
185
236
222
207
251
238
223
215
198
183
170
147
134
144
119
107
153
126
116
143
115
105
144
115
106
156
126
118
171
145
137
169
143
131
176
148
133
179
148
129
169
136
111
155
116
83
158
118
76
166
123
74
180
136
79
211
167
102
220
177
105
227
186
109
226
188
107
217
182
97
220
190
100
218
194
101
227
207
112
235
220
124
233
221
124
244
234
136
241
234
162
240
235
179
243
238
187
250
245
203
254
250
217
255
252
228
255
254
237
255
253
243
252
253
250
251
254
252
250
253
254
248
253
254
248
254
253
248
254
252
249
255
253
250
255
253
252
255
253
254
254
254
255
253
255
255
252
254
255
252
254
254
254
254
254
254
254
254
254
254
254
254
254
254
254
254
254
254
254
254
254
254
254
254
254
254
254
254
254
254
254
254
254
254
254
254
254
254
254
254
254
254
254
254
254
254
254
254
254
254
254
254
254
254
254
254
254
254
254
254
254
254
254
254
254
254
254
254
254
254
254
254
254
254
254
254
254
254
254
254
254
254
254
254
254
254
254
254
254
254
254
254
254
254
254
254
254
254
254
254
254
254
254
254
254
254
254
254
254
254
254
254
254
254
254
254
254
254
254
254
254
254
254
253
254
255
251
254
255
253
254
255
253
254
255
253
254
254
254
254
254
254
254
253
255
254
253
255
254
253
255
255
253
255
254
251
253
254
251
252
254
252
252
254
252
251
255
253
249
255
252
247
254
252
245
254
252
243
254
252
242
253
251
241
254
250
241
254
249
241
254
249
239
253
248
238
253
248
238
254
249
238
255
249
236
255
250
235
255
249
232
254
249
229
254
249
225
254
249
221
254
249
218
253
250
213
254
251
210
254
251
207
253
251
203
254
251
200
254
252
197
253
252
196
253
252
194
254
250
192
254
250
191
253
249
189
252
249
187
251
249
184
249
247
182
249
247
178
248
246
176
247
246
174
247
246
172
30
26
0
52
50
21
68
69
34
85
89
49
132
139
92
144
152
98
130
138
76
117
123
54
114
116
42
160
155
73
159
149
63
158
145
54
161
144
48
172
151
50
174
155
48
175
159
48
178
166
51
181
174
56
179
176
55
169
169
47
156
164
52
147
162
60
151
166
66
162
177
78
170
182
87
159
170
77
137
147
55
126
135
45
147
153
63
157
160
70
165
165
73
171
167
74
195
186
86
211
199
94
214
198
88
210
191
74
212
189
66
220
194
64
215
187
53
214
184
47
220
190
51
214
182
52
215
183
54
216
184
54
217
184
54
216
183
54
221
188
59
225
192
63
226
194
64
225
194
61
220
189
56
224
194
61
226
196
63
228
197
64
232
200
67
240
209
75
247
216
81
252
221
86
254
224
89
252
222
87
249
219
84
241
213
81
238
213
84
247
224
96
244
221
96
239
219
99
238
220
108
237
221
120
226
210
124
214
196
134
193
173
130
181
160
137
186
163
158
187
164
179
206
184
208
154
132
162
101
81
113
141
126
154
123
112
131
136
128
141
137
133
140
127
123
126
140
127
138
185
171
179
195
182
187
180
169
170
136
126
122
141
132
121
114
106
91
107
99
80
113
106
84
104
97
73
114
105
81
106
96
75
107
95
77
128
112
98
138
120
114
124
102
103
173
151
157
243
223
232
245
228
241
145
118
136
155
124
137
175
143
151
187
157
164
239
210
215
194
168
169
170
146
144
156
134
129
141
123
112
177
160
145
209
193
177
232
218
200
244
233
212
250
237
217
244
228
210
187
167
151
134
110
95
128
102
88
160
132
122
156
126
118
156
124
117
162
130
124
191
166
156
227
201
189
241
213
197
242
211
190
231
198
170
175
136
99
171
130
85
176
133
80
186
141
80
195
150
81
209
166
89
220
179
98
226
188
103
224
190
102
213
185
94
213
190
98
217
199
105
225
210
116
236
224
131
252
244
150
242
236
169
238
234
185
243
240
195
252
248
211
254
251
223
255
253
233
255
255
242
255
254
249
253
254
253
250
251
252
249
252
252
249
254
254
249
254
254
249
255
253
250
255
253
250
255
253
252
255
253
254
254
254
254
253
254
254
252
254
255
252
254
254
254
254
254
254
254
254
254
254
254
254
254
254
254
254
254
254
254
254
254
254
254
254
254
254
254
254
254
254
254
254
254
254
254
254
254
254
254
254
254
254
254
254
254
254
254
254
254
254
254
254
254
254
254
254
254
254
254
254
254
254
254
254
254
254
254
254
254
254
254
254
254
254
254
254
254
254
254
254
254
254
254
254
254
254
254
254
254
254
254
254
254
254
254
254
254
254
254
254
254
254
254
254
254
254
254
254
254
254
254
254
254
254
254
254
254
254
254
254
254
254
254
253
254
255
251
254
255
253
254
255
253
254
254
253
254
254
254
254
254
254
254
253
255
254
253
255
254
253
255
255
253
255
253
250
252
253
251
251
253
251
250
253
251
249
254
251
248
254
251
246
254
251
244
253
251
243
254
252
242
254
252
242
255
250
242
255
249
242
254
249
241
254
248
240
253
248
239
254
249
238
255
249
237
254
248
235
255
248
231
255
249
229
253
249
225
252
248
219
252
248
216
252
248
211
253
250
208
253
251
205
253
252
202
254
252
199
254
253
197
253
252
195
252
251
193
254
250
192
254
250
191
253
249
189
251
249
187
251
249
185
249
247
182
250
248
179
249
247
176
248
246
174
248
247
173
25
21
0
56
53
26
76
75
41
91
93
53
122
127
78
129
135
78
127
132
66
128
130
57
134
134
54
163
156
68
166
154
61
171
154
57
176
156
55
182
160
55
187
166
56
189
171
57
189
175
57
186
178
57
183
178
56
180
180
55
172
182
66
167
186
78
173
190
84
168
183
79
173
187
85
176
189
89
177
188
90
173
181
85
178
181
86
173
174
78
171
170
72
178
173
72
181
171
65
201
188
78
212
196
81
217
199
78
222
201
75
227
204
73
219
194
58
215
189
50
219
193
54
220
189
57
219
188
56
220
189
57
222
193
59
227
198
65
232
202
69
231
203
69
230
203
69
230
203
69
230
203
69
224
197
63
225
198
64
229
201
67
232
204
70
236
207
72
241
212
77
246
217
82
250
221
86
249
219
84
245
215
80
241
214
78
239
216
79
241
220
82
248
228
93
245
228
96
243
227
101
243
228
110
248
234
130
238
223
141
219
203
140
188
170
126
148
126
102
194
172
169
171
150
158
143
123
139
125
106
126
143
127
146
98
87
98
103
95
101
105
99
101
100
95
95
113
97
106
120
104
111
119
104
109
112
98
99
97
83
81
101
88
80
88
76
65
88
76
62
99
87
70
108
96
77
119
106
88
132
118
102
135
119
106
121
103
94
125
105
102
118
96
98
150
126
132
196
170
181
204
178
192
158
129
146
158
127
134
160
129
129
156
126
126
181
155
151
146
122
114
126
105
94
117
98
84
116
100
82
184
171
149
227
215
191
250
240
214
255
245
220
254
251
227
252
244
222
241
225
206
227
204
187
212
186
172
128
98
87
127
95
86
141
107
100
161
126
120
157
133
121
175
150
135
193
165
147
210
180
157
228
194
165
192
154
113
186
145
96
183
140
83
185
140
75
202
157
84
209
165
85
219
177
93
225
186
100
225
191
101
213
186
95
216
193
102
218
200
110
223
210
120
235
225
136
251
244
155
242
238
178
239
237
195
247
244
205
255
251
221
255
252
230
255
253
238
255
254
244
255
255
251
253
253
253
249
251
252
249
251
252
250
254
255
250
255
254
250
255
253
251
255
253
252
255
253
252
255
253
254
254
254
253
253
254
254
252
254
255
252
254
254
254
254
254
254
254
254
254
254
254
254
254
254
254
254
254
254
254
254
254
254
254
254
254
254
254
254
254
254
254
254
254
254
254
254
254
254
254
254
254
254
254
254
254
254
254
254
254
254
254
254
254
254
254
254
254
254
254
254
254
254
254
254
254
254
254
254
254
254
254
254
254
254
254
254
254
254
254
254
254
254
254
254
254
254
254
254
254
254
254
254
254
254
254
254
254
254
254
254
254
254
254
254
254
254
254
254
254
254
254
254
254
254
254
254
254
254
254
254
254
254
254
253
254
255
251
254
255
253
254
255
253
254
254
253
254
254
254
254
254
254
254
253
255
254
253
255
254
253
255
255
253
255
254
251
253
253
251
252
253
251
250
253
251
249
255
252
248
254
251
246
254
251
245
254
252
243
255
253
243
254
252
242
255
250
242
255
249
242
255
249
242
254
248
241
253
248
239
254
249
238
255
249
237
254
248
235
255
248
231
255
250
229
253
249
224
252
248
219
252
247
216
251
248
210
252
249
207
253
251
204
253
252
202
255
253
199
254
253
196
253
252
194
252
251
193
254
250
192
254
250
191
253
249
189
251
249
187
251
249
185
249
247
182
250
248
178
249
247
176
248
246
174
248
247
173
27
20
0
66
61
34
94
91
58
111
110
70
106
109
60
112
117
58
123
127
59
140
142
66
162
160
76
155
147
54
166
152
54
176
158
55
184
163
56
193
170
60
198
177
63
199
180
62
197
182
61
193
183
61
187
183
58
184
182
57
171
178
61
164
180
69
178
194
83
178
191
83
182
193
86
186
195
89
190
197
92
195
199
94
197
198
92
185
184
77
179
175
67
187
180
71
171
161
47
181
169
52
195
180
60
211
194
70
229
210
81
234
213
82
225
204
69
220
197
60
222
199
60
232
204
70
235
206
72
236
207
73
236
207
73
233
206
72
234
207
73
233
207
73
233
208
74
233
207
74
230
205
71
222
197
63
226
201
67
233
208
74
238
213
79
236
209
75
238
211
77
243
216
81
250
221
87
251
222
88
245
216
82
247
223
85
247
227
86
242
222
81
248
231
90
252
238
99
249
236
102
243
230
102
235
223
105
235
222
122
232
219
134
218
203
135
191
173
124
196
178
149
162
143
127
143
124
117
142
122
122
169
152
156
166
154
154
132
120
119
98
87
84
71
61
58
87
67
73
93
73
78
110
91
95
127
109
110
134
116
115
111
93
88
110
92
84
109
92
82
108
92
80
112
94
83
134
116
105
172
152
143
193
172
164
178
156
151
94
70
70
120
94
97
124
97
103
125
96
105
167
137
148
203
173
186
211
180
180
202
172
162
178
150
139
156
131
115
163
142
122
173
155
132
184
170
143
198
186
157
232
223
191
242
233
200
241
232
198
232
223
190
254
243
211
255
245
216
212
196
171
167
144
124
149
123
106
113
81
70
126
91
82
163
127
120
205
169
163
173
149
137
164
139
124
177
150
130
193
163
137
202
169
137
193
154
110
199
157
104
195
151
90
193
148
79
226
180
103
216
172
90
221
180
94
224
186
98
220
186
97
215
188
98
218
196
108
223
206
120
230
217
132
237
226
144
249
242
161
243
240
187
244
242
206
251
249
216
255
255
231
255
255
238
255
253
242
255
252
246
255
252
251
252
251
253
250
251
252
250
252
253
251
254
255
250
255
254
250
255
253
251
255
252
252
255
252
252
255
253
254
254
254
254
253
255
253
253
255
253
252
255
254
254
254
254
254
254
254
254
254
254
254
254
254
254
254
254
254
254
254
254
254
254
254
254
254
254
254
254
254
254
254
254
254
254
254
254
254
254
254
254
254
254
254
254
254
254
254
254
254
254
254
254
254
254
254
254
254
254
254
254
254
254
254
254
254
254
254
254
254
254
254
254
254
254
254
254
254
254
254
254
254
254
254
254
254
254
254
254
254
254
254
254
254
254
254
254
254
254
254
254
254
254
254
254
254
254
254
254
254
254
254
254
254
254
254
254
254
254
254
254
254
254
253
254
255
251
254
255
253
254
255
253
254
255
253
254
254
254
254
254
254
254
253
255
254
253
255
254
253
255
255
253
255
255
252
254
254
252
253
254
252
251
254
252
251
255
253
249
255
252
247
255
253
246
255
253
245
255
254
244
255
253
243
255
250
242
255
249
242
255
249
241
254
249
240
253
248
239
254
248
238
255
249
237
254
248
235
255
248
231
255
249
229
253
249
225
252
248
219
252
247
216
251
248
210
252
249
207
253
250
204
253
252
202
255
253
199
254
253
197
253
252
195
252
251
193
254
250
192
254
250
191
253
249
189
252
249
187
251
249
184
249
247
182
250
248
179
249
247
176
248
246
174
248
247
173
29
22
0
68
63
36
101
99
65
122
122
81
105
108
58
110
114
52
121
124
53
143
143
63
171
169
80
150
140
43
157
142
39
167
148
42
180
158
48
195
170
56
202
179
63
205
186
67
205
190
70
204
193
72
199
194
71
195
192
69
191
193
75
191
196
84
199
203
92
191
194
83
190
192
79
189
189
75
188
187
73
192
189
73
211
204
87
215
207
88
215
204
85
212
199
79
180
166
42
174
157
33
184
166
40
205
186
58
230
209
78
232
211
80
229
208
75
227
206
72
230
207
73
231
202
68
242
214
80
246
219
85
245
218
84
233
208
74
230
206
71
234
211
77
237
215
80
235
214
79
225
205
70
223
203
69
232
211
77
242
220
86
246
225
91
240
216
82
238
213
80
242
216
83
249
221
88
253
223
92
248
218
87
249
225
91
249
230
92
243
224
86
247
230
92
250
235
99
246
233
99
238
226
97
231
220
98
233
222
111
232
220
119
236
225
135
243
236
159
206
191
132
165
149
102
134
117
81
116
98
72
121
104
86
100
82
71
110
92
85
123
106
101
135
117
115
134
111
111
110
87
87
111
89
88
115
93
92
105
83
81
100
78
76
117
93
92
131
107
106
139
115
112
124
100
97
117
91
89
151
124
123
185
159
158
204
177
176
127
98
98
129
100
101
131
102
104
132
103
105
129
100
102
171
141
144
166
136
124
156
127
105
149
123
99
146
124
95
206
187
156
233
217
184
242
229
192
240
232
192
251
245
203
254
251
206
254
252
208
251
249
208
245
237
198
227
215
181
180
164
134
131
110
86
102
77
57
122
90
76
130
95
85
152
114
107
178
141
134
170
148
133
185
162
144
192
166
144
191
162
134
181
146
111
170
132
84
177
136
80
186
142
78
199
152
80
222
174
95
225
179
95
229
186
100
226
187
99
216
180
93
217
187
103
218
194
113
228
210
130
239
225
148
239
229
154
250
243
170
244
241
195
244
243
214
251
250
224
255
255
236
255
255
241
254
253
245
253
250
248
252
250
250
251
250
254
250
250
254
251
252
254
252
254
255
252
255
253
251
255
250
251
255
250
252
255
251
252
255
253
254
254
254
254
253
255
253
252
255
253
252
255
254
254
254
254
254
254
254
254
254
254
254
254
254
254
254
254
254
254
254
254
254
254
254
254
254
254
254
254
254
254
254
254
254
254
254
254
254
254
254
254
254
254
254
254
254
254
254
254
254
254
254
254
254
254
254
254
254
254
254
254
254
254
254
254
254
254
254
254
254
254
254
254
254
254
254
254
254
254
254
254
254
254
254
254
254
254
254
254
254
254
254
254
254
254
254
254
254
254
254
254
254
254
254
254
254
254
254
254
254
254
254
254
254
254
254
254
254
254
254
254
254
254
253
254
255
251
254
255
253
254
255
253
254
254
253
254
254
254
254
254
254
254
253
255
254
253
255
254
253
255
255
253
255
255
252
254
255
253
253
255
253
253
255
253
252
255
253
249
255
253
248
255
253
247
255
254
245
255
254
244
255
254
244
255
252
242
255
251
242
255
250
241
254
249
240
254
250
239
254
249
237
254
248
235
254
249
234
255
248
231
254
249
228
253
249
224
252
248
219
252
247
216
251
248
210
252
249
208
253
250
205
253
251
203
255
252
201
254
252
198
253
252
195
252
251
193
254
250
192
254
250
191
253
249
189
252
249
187
251
249
184
249
247
182
250
248
179
249
247
176
248
246
174
248
247
173
28
22
0
64
60
32
96
95
60
119
120
78
119
121
69
124
127
64
129
132
58
144
144
62
168
165
74
159
149
48
163
148
42
171
152
43
182
158
47
191
165
51
195
172
53
199
180
60
204
189
69
209
199
78
211
206
83
208
205
82
202
197
80
195
188
76
189
180
68
171
163
49
180
170
54
190
179
61
199
188
67
203
190
67
218
203
76
220
205
76
223
206
76
231
212
82
206
185
54
197
175
44
206
183
52
225
202
71
242
218
88
235
211
82
235
210
81
235
210
82
236
210
82
241
213
79
238
211
77
239
213
79
242
216
82
243
220
86
237
215
80
229
209
74
227
207
72
229
210
75
238
220
86
238
220
86
244
225
92
250
231
98
252
234
101
246
224
93
243
219
88
244
218
87
247
219
89
249
220
90
247
218
88
245
221
90
243
224
92
241
223
91
245
228
98
245
229
101
243
229
102
242
228
103
246
232
111
247
235
119
239
228
117
233
222
117
229
218
121
231
219
135
171
158
87
147
132
73
138
121
74
126
107
73
118
96
76
141
118
107
141
116
112
119
92
91
136
111
105
105
80
74
120
94
90
149
123
121
177
151
150
174
151
152
130
103
106
126
96
101
159
128
134
210
179
185
198
167
173
160
129
134
145
114
119
181
149
153
130
98
99
150
119
118
156
126
123
152
122
119
144
115
109
163
135
128
177
149
126
176
150
117
160
137
101
151
132
93
214
198
156
241
228
183
247
238
190
244
240
189
244
241
189
248
247
194
249
249
198
244
243
194
217
211
166
177
167
128
161
146
113
152
131
103
138
111
89
164
131
116
171
135
123
166
128
120
156
117
110
147
127
111
172
148
129
169
143
119
163
133
103
160
126
89
172
134
84
169
128
69
184
139
73
207
160
87
221
173
93
227
181
97
233
188
102
228
187
101
212
176
91
220
191
109
220
196
118
232
213
139
245
231
160
241
231
162
253
246
179
245
242
202
244
243
218
250
249
228
255
255
239
255
255
244
254
252
248
254
250
250
252
249
252
252
251
255
253
252
255
253
253
255
252
254
255
252
255
253
251
255
250
251
255
250
251
255
251
253
255
252
254
254
254
254
253
255
254
253
255
254
253
255
254
254
254
254
254
254
254
254
254
254
254
254
254
254
254
254
254
254
254
254
254
254
254
254
254
254
254
254
254
254
254
254
254
254
254
254
254
254
254
254
254
254
254
254
254
254
254
254
254
254
254
254
254
254
254
254
254
254
254
254
254
254
254
254
254
254
254
254
254
254
254
254
254
254
254
254
254
254
254
254
254
254
254
254
254
254
254
254
254
254
254
254
254
254
254
254
254
254
254
254
254
254
254
254
254
254
254
254
254
254
254
254
254
254
254
254
254
254
254
254
254
254
253
254
255
251
254
255
253
254
255
253
254
255
253
254
254
254
254
254
254
254
253
255
254
253
255
254
253
255
255
253
255
255
252
254
255
252
253
255
252
252
255
253
251
255
253
249
255
253
248
255
253
246
255
253
245
255
254
244
255
253
243
255
252
242
255
251
242
255
251
241
255
251
240
254
250
238
254
249
236
254
248
234
253
248
233
254
247
229
253
248
228
253
248
224
252
247
220
252
247
216
251
247
211
252
248
209
253
249
206
253
250
203
255
252
201
254
252
199
253
251
197
252
250
194
254
250
192
254
250
191
252
249
189
252
249
187
251
249
185
249
247
182
250
248
179
249
247
176
248
246
174
248
247
173
31
26
2
69
65
36
96
94
60
116
116
74
135
137
83
140
144
78
142
145
69
148
148
63
159
156
63
169
160
57
178
163
55
185
165
54
191
168
54
193
168
52
194
170
51
196
177
57
201
186
66
207
196
76
205
200
80
198
196
75
187
176
60
180
160
48
182
162
50
188
168
52
210
189
71
225
204
82
230
209
84
220
198
68
225
202
69
227
203
67
230
206
68
239
213
75
235
208
70
229
201
65
236
208
74
248
221
88
251
222
93
234
206
78
236
207
82
240
210
87
242
212
89
252
225
92
242
215
80
237
211
77
237
212
78
242
220
85
232
212
77
219
199
65
214
195
62
220
202
69
242
225
92
247
230
97
249
232
100
251
233
101
253
234
103
252
231
101
250
227
97
248
223
94
247
221
92
250
221
92
251
222
94
246
223
96
242
223
98
241
222
99
243
226
104
243
225
106
241
224
106
241
224
106
248
231
114
249
235
118
241
229
112
238
227
112
241
231
119
226
216
113
187
176
85
175
162
83
171
155
91
155
134
88
171
146
120
168
140
127
148
117
114
118
86
87
142
116
106
125
98
90
130
102
96
156
128
124
214
185
184
233
207
210
155
124
130
127
93
102
149
114
125
215
181
193
223
188
200
177
142
153
147
112
121
165
130
136
152
119
120
162
130
127
161
130
124
155
126
116
155
126
114
182
154
139
213
188
157
227
203
161
216
194
150
218
200
154
243
230
180
247
238
184
243
237
180
241
239
181
236
237
177
244
245
186
250
252
195
248
248
194
177
174
124
162
154
110
157
142
105
161
140
110
180
155
129
192
159
142
180
143
132
186
146
138
202
162
154
188
168
151
194
171
150
178
152
126
158
128
97
141
108
68
168
128
78
166
124
64
181
136
68
204
156
82
222
173
93
221
174
90
227
183
98
225
184
99
211
174
90
228
198
118
226
201
126
239
221
150
251
239
172
244
234
170
254
248
187
248
247
210
246
247
226
251
251
233
255
255
243
255
254
246
255
252
249
254
251
252
254
250
254
254
251
255
253
252
255
253
253
255
253
254
255
252
255
253
251
255
250
251
255
250
252
255
250
254
255
251
254
254
254
254
253
255
254
253
255
254
253
255
254
254
254
254
254
254
254
254
254
254
254
254
254
254
254
254
254
254
254
254
254
254
254
254
254
254
254
254
254
254
254
254
254
254
254
254
254
254
254
254
254
254
254
254
254
254
254
254
254
254
254
254
254
254
254
254
254
254
254
254
254
254
254
254
254
254
254
254
254
254
254
254
254
254
254
254
254
254
254
254
254
254
254
254
254
254
254
254
254
254
254
254
254
254
254
254
254
254
254
254
254
254
254
254
254
254
254
254
254
254
254
254
254
254
254
254
254
254
254
254
254
254
253
254
255
251
254
255
253
254
255
253
254
255
253
254
254
254
254
254
254
254
253
255
254
253
255
254
253
255
255
253
255
254
251
253
254
251
252
253
251
251
254
251
250
255
252
248
254
251
247
254
252
245
254
253
244
255
253
243
254
252
242
255
253
241
255
253
241
255
253
240
255
252
239
254
251
237
254
249
235
253
248
233
252
248
231
253
247
228
253
248
227
252
247
225
252
247
221
252
247
216
251
247
212
252
248
210
253
249
207
253
250
205
255
251
202
254
251
200
253
250
198
252
249
196
254
250
192
254
250
191
252
249
189
251
249
187
251
249
184
249
247
182
250
248
179
249
247
176
248
246
174
248
247
173
32
27
2
74
70
41
96
95
59
109
110
66
136
139
84
140
145
77
142
145
68
142
142
57
141
139
44
164
155
52
181
166
58
192
172
60
200
175
61
202
177
61
202
178
59
202
182
64
202
186
68
200
188
70
185
179
60
167
164
46
189
173
59
215
187
77
221
193
82
223
195
80
235
206
87
238
209
86
234
205
76
218
190
56
225
196
59
229
199
59
233
204
61
241
210
67
251
220
78
245
215
75
248
217
80
252
221
87
241
209
80
221
190
64
231
199
76
241
209
88
245
214
93
233
206
72
237
210
76
236
210
76
231
206
72
219
197
61
210
190
55
215
195
61
223
205
72
233
216
83
241
226
92
238
222
90
236
219
87
235
217
86
239
219
88
247
225
94
248
224
95
247
221
93
245
218
90
248
219
91
254
226
98
250
228
104
244
227
107
241
222
104
244
225
111
246
226
113
244
225
112
241
223
110
245
227
114
249
235
117
248
235
116
245
235
114
243
235
114
245
241
126
237
227
123
234
223
135
233
223
151
232
218
165
211
184
155
221
188
175
195
159
157
138
102
106
151
124
111
184
156
145
157
129
121
129
100
95
140
109
108
185
151
156
156
122
130
142
106
118
141
105
119
145
107
122
156
118
134
166
128
141
169
132
143
165
128
136
128
94
95
139
106
103
141
110
101
141
112
99
160
132
115
172
145
126
210
185
149
232
210
162
231
210
160
250
234
182
245
234
178
239
231
172
236
232
171
248
248
185
242
245
181
246
249
185
249
252
190
250
251
192
227
226
178
211
204
159
177
163
124
164
144
111
210
185
160
195
161
145
199
162
149
212
172
163
229
190
181
234
214
196
241
222
200
236
212
185
211
181
148
158
126
85
177
138
86
189
147
87
200
154
86
209
161
86
223
175
93
210
163
80
219
174
90
221
179
95
211
174
91
237
207
129
233
208
136
243
228
159
253
246
181
247
236
176
254
250
192
251
251
217
251
252
232
254
254
237
255
255
244
255
253
248
254
252
251
254
251
253
255
251
255
253
251
255
253
251
255
253
252
255
254
253
255
252
255
253
251
255
250
251
255
250
252
255
250
254
255
251
254
254
254
254
253
254
254
253
255
254
253
255
254
254
254
254
254
254
254
254
254
254
254
254
254
254
254
254
254
254
254
254
254
254
254
254
254
254
254
254
254
254
254
254
254
254
254
254
254
254
254
254
254
254
254
254
254
254
254
254
254
254
254
254
254
254
254
254
254
254
254
254
254
254
254
254
254
254
254
254
254
254
254
254
254
254
254
254
254
254
254
254
254
254
254
254
254
254
254
254
254
254
254
254
254
254
254
254
254
254
254
254
254
254
254
254
254
254
254
254
254
254
254
254
254
254
254
254
254
254
254
254
254
254
253
254
255
251
254
255
253
254
255
253
254
254
253
254
254
254
254
254
254
254
253
255
254
253
255
254
253
255
255
253
255
253
250
252
253
251
251
252
251
250
252
250
249
254
251
247
254
251
246
254
251
244
253
252
243
254
252
242
254
252
242
254
254
241
255
254
240
255
254
240
255
253
239
254
251
236
254
250
235
253
248
233
252
248
230
253
247
228
252
247
227
252
247
224
252
247
221
252
247
216
251
247
212
252
247
210
253
248
208
253
250
205
255
251
203
254
250
201
253
250
199
252
249
196
254
250
192
254
250
191
252
249
189
252
249
187
251
249
184
249
247
182
250
248
178
249
247
176
248
246
174
248
247
173
30
25
0
79
75
40
113
110
67
134
132
80
142
140
77
162
159
83
145
142
58
136
132
40
146
141
43
178
172
67
176
168
61
182
172
64
189
179
70
193
183
73
191
184
70
188
184
68
184
183
65
181
182
59
185
187
62
196
202
74
212
210
84
223
212
87
219
207
82
217
203
77
223
207
80
228
210
81
230
210
79
226
204
72
227
202
67
229
202
66
235
206
69
247
217
79
246
215
76
244
212
73
243
212
73
243
213
73
240
210
71
236
206
67
237
207
69
239
211
73
242
214
76
234
206
76
236
208
77
235
208
76
232
207
75
230
205
71
229
205
71
232
209
73
235
212
76
237
215
80
238
217
82
237
216
81
237
217
82
238
219
85
242
221
89
243
221
91
243
221
91
242
219
91
241
218
92
243
220
94
246
223
97
249
225
103
251
226
107
249
225
106
250
226
107
250
227
107
250
228
107
249
229
106
248
230
107
248
233
108
247
234
110
244
232
110
238
228
107
239
230
115
242
232
124
247
238
134
251
243
145
251
241
150
227
215
134
209
196
119
186
172
99
158
143
74
127
97
53
164
135
93
168
139
98
155
126
89
133
104
71
146
117
89
166
137
113
160
130
109
136
105
86
127
98
80
134
104
86
155
126
107
174
145
123
179
149
125
135
108
77
141
114
79
141
115
76
146
120
78
186
160
115
233
206
159
239
226
156
239
236
151
240
238
154
244
243
162
247
246
168
249
249
176
247
246
179
227
228
162
247
246
187
243
241
185
245
242
191
252
249
203
230
219
180
240
225
189
196
178
145
158
136
106
170
143
117
193
162
137
181
148
124
188
153
129
206
173
148
202
187
154
224
205
174
233
206
175
221
185
154
181
138
105
162
107
72
193
135
93
224
167
117
241
188
126
203
152
78
207
167
80
209
178
84
209
187
90
208
195
97
218
211
122
226
223
144
237
237
169
247
248
191
250
250
205
251
249
211
251
251
233
251
252
246
252
253
247
253
254
249
254
254
252
254
254
253
254
254
253
254
254
253
254
254
254
253
253
253
253
253
254
254
254
254
254
254
254
254
253
254
254
253
254
254
253
254
254
253
254
254
253
255
254
253
255
254
253
255
254
253
255
254
254
254
254
254
254
254
254
254
254
254
254
254
254
254
254
254
254
254
254
254
254
254
254
254
254
254
254
254
254
254
254
254
254
254
254
254
254
254
254
254
254
254
254
254
254
254
254
254
254
254
254
254
254
254
254
254
254
254
254
254
254
254
254
254
254
254
254
254
254
254
254
254
254
254
254
254
254
254
254
254
254
254
254
254
254
254
254
254
254
253
253
253
253
253
253
254
254
254
254
254
254
254
254
254
254
254
254
254
254
254
253
253
253
252
252
252
252
252
252
251
252
252
252
255
253
252
255
253
252
255
253
252
255
253
252
255
253
254
255
253
254
255
252
254
255
251
254
255
251
255
255
251
255
253
250
255
254
250
255
254
249
254
254
250
255
254
249
255
254
248
255
254
247
255
254
246
255
254
245
255
253
244
254
253
241
254
253
238
253
253
237
254
251
236
253
251
234
252
251
232
253
250
231
254
251
230
254
252
227
254
253
225
254
251
222
253
249
218
252
249
215
253
249
212
252
250
211
252
250
208
253
250
206
253
250
205
253
250
205
254
250
204
254
250
201
254
250
191
254
251
190
253
250
187
251
249
185
251
249
184
249
249
179
248
249
177
247
248
175
247
247
174
246
247
173
38
34
1
86
84
46
123
121
76
147
145
92
159
157
92
165
161
84
149
146
60
143
139
46
154
149
49
180
174
69
178
170
63
182
174
66
188
180
71
189
182
73
190
184
71
194
190
74
196
195
75
195
197
74
193
197
71
198
203
74
212
210
82
223
215
88
221
212
84
223
212
84
229
216
86
234
218
88
238
220
89
237
216
84
237
213
80
239
212
78
242
213
77
245
216
79
244
212
75
243
212
73
244
213
73
244
214
74
244
214
73
242
213
72
242
213
72
243
214
74
245
217
76
245
217
86
245
216
85
244
216
84
243
215
83
243
216
82
242
218
82
243
219
82
244
220
83
245
221
85
244
222
85
243
221
85
244
222
86
246
224
90
247
226
94
248
225
95
247
225
95
246
224
96
246
224
97
248
225
99
249
227
102
251
226
103
251
225
105
250
225
105
251
227
105
251
228
105
251
229
106
251
231
106
250
232
107
249
234
108
248
235
110
249
239
116
253
247
126
248
239
122
241
232
119
237
228
120
236
227
125
239
231
133
246
237
146
250
242
153
252
245
159
251
244
162
235
209
152
219
194
138
180
154
100
144
118
67
135
110
63
142
117
75
144
118
80
136
110
76
124
99
67
130
104
75
142
116
88
179
154
123
215
191
156
235
212
174
255
233
191
253
230
184
250
228
178
243
223
169
232
209
152
252
232
173
249
241
163
242
242
153
235
237
149
248
248
164
247
247
168
234
234
159
226
227
157
251
251
188
244
241
186
250
248
200
253
251
208
241
238
196
119
106
69
116
99
65
103
84
52
97
74
45
109
82
55
172
142
115
200
168
142
218
185
159
225
192
166
205
189
157
198
178
146
196
168
137
191
154
124
178
132
101
175
120
85
217
158
116
234
174
124
229
172
111
200
150
76
207
169
83
207
178
84
208
189
91
213
203
106
228
227
137
235
236
159
239
239
175
240
241
189
245
245
206
254
252
223
252
252
239
251
252
248
252
253
249
253
254
250
254
255
252
254
255
253
254
255
253
254
255
253
254
254
254
253
253
253
253
253
253
254
254
254
254
254
254
254
253
255
254
253
255
254
253
255
254
253
255
254
253
255
254
253
255
254
253
255
254
253
255
254
254
254
254
254
254
254
254
254
254
254
254
254
254
254
254
254
254
254
254
254
254
254
254
254
254
254
254
254
254
254
254
254
254
254
254
254
254
254
254
254
254
254
254
254
254
254
254
254
254
254
254
254
254
254
254
254
254
254
254
254
254
254
254
254
254
254
254
254
254
254
254
254
254
254
254
254
254
254
254
254
254
254
254
254
254
254
254
254
254
253
253
253
253
253
253
254
254
254
254
254
254
254
254
254
254
254
254
254
254
254
253
253
253
252
252
252
251
251
251
251
251
251
250
254
252
250
254
252
250
254
252
251
254
252
253
254
252
253
254
252
253
254
250
253
254
250
253
254
250
255
254
250
254
254
248
254
254
248
254
253
248
255
253
247
255
255
247
255
254
246
255
253
245
255
252
244
255
252
244
255
252
244
254
252
240
253
253
238
253
252
236
254
251
235
252
250
232
252
250
231
252
251
229
253
251
227
253
252
226
254
253
224
254
252
221
253
250
218
252
250
215
253
250
212
252
250
210
252
250
208
253
250
206
252
249
204
253
250
204
254
250
204
255
251
200
255
251
192
254
251
190
253
251
188
252
250
186
251
249
184
250
250
180
248
249
177
247
249
175
247
248
174
246
247
173
33
31
0
86
85
47
125
123
78
150
149
95
164
163
98
140
139
61
133
131
44
139
136
42
158
153
53
188
182
77
169
161
55
175
166
58
190
180
71
197
187
76
192
185
72
195
189
73
197
194
74
200
198
76
200
202
76
203
206
78
212
210
82
220
212
85
221
212
85
227
216
88
233
220
91
237
221
92
239
221
92
238
217
86
239
215
83
241
215
82
243
215
81
243
214
79
241
212
75
242
212
74
244
214
75
247
216
77
247
217
76
243
215
74
243
215
74
244
216
75
246
218
78
247
218
86
247
218
86
246
217
84
244
216
82
243
216
80
244
217
80
244
218
80
244
219
80
244
220
81
245
221
82
246
222
85
247
224
87
248
226
90
250
227
92
250
228
94
250
227
96
249
227
97
249
227
97
250
227
100
251
228
101
251
226
102
250
224
103
249
225
102
251
227
104
251
228
104
251
230
105
251
233
105
251
235
107
251
236
109
250
236
110
246
235
110
242
231
109
244
235
117
246
237
124
246
237
129
245
237
133
242
233
134
239
230
136
238
229
138
238
229
140
239
229
143
249
229
159
242
224
155
213
194
128
192
173
109
207
188
128
212
192
137
196
177
126
180
161
113
166
146
101
158
138
96
194
176
133
224
205
162
238
220
174
229
211
162
253
242
188
243
227
169
245
232
171
251
241
176
233
217
148
250
236
167
248
243
162
243
242
156
237
237
153
249
248
168
249
248
172
241
240
169
236
235
171
251
250
193
247
242
190
232
226
178
217
209
166
199
188
149
125
110
75
134
114
83
141
119
90
145
120
93
139
111
86
144
112
88
166
133
108
190
155
131
210
176
151
198
179
150
179
156
127
176
147
118
182
144
114
195
149
117
215
160
124
238
181
137
234
178
124
218
165
101
220
172
96
210
175
88
207
181
88
210
192
98
219
210
118
239
237
155
243
243
174
241
242
185
239
240
196
244
242
211
254
254
232
252
253
243
251
252
248
252
253
249
253
254
250
254
255
252
254
255
253
254
255
253
254
255
253
254
254
254
253
253
253
253
253
253
254
254
254
254
254
254
254
253
255
254
253
255
254
253
255
254
253
255
254
253
255
254
253
255
254
253
255
254
253
255
254
254
254
254
254
254
254
254
254
254
254
254
254
254
254
254
254
254
254
254
254
254
254
254
254
254
254
254
254
254
254
254
254
254
254
254
254
254
254
254
254
254
254
254
254
254
254
254
254
254
254
254
254
254
254
254
254
254
254
254
254
254
254
254
254
254
254
254
254
254
254
254
254
254
254
254
254
254
254
254
254
254
254
254
254
254
254
254
254
254
253
253
253
253
253
253
254
254
254
254
254
254
254
254
254
254
254
254
254
254
254
253
253
253
252
252
252
251
251
251
251
251
251
249
252
250
249
252
250
249
252
250
250
252
250
251
252
250
251
252
250
251
252
249
252
252
248
252
252
248
253
253
248
252
252
246
254
252
246
255
252
245
255
253
245
255
253
245
255
253
244
255
252
244
254
252
243
253
252
241
253
251
241
253
252
238
252
252
236
252
251
235
253
251
233
252
251
231
251
250
229
252
250
228
253
251
226
255
252
224
255
252
222
253
251
219
252
250
215
252
250
214
252
250
210
252
249
208
252
249
206
252
249
205
252
249
203
253
250
202
254
250
202
254
250
199
255
251
192
255
252
191
254
252
189
253
251
186
252
250
184
250
250
180
249
250
178
248
249
176
248
249
174
247
248
174
30
30
0
85
85
48
123
123
78
146
146
93
158
160
94
124
125
46
125
124
37
138
136
41
160
156
54
185
180
74
175
166
59
187
177
69
206
195
86
215
204
93
201
192
79
196
187
72
193
187
68
194
190
68
200
198
73
207
207
79
214
211
83
220
213
86
223
214
87
231
220
92
237
223
96
240
225
96
240
223
93
238
217
87
236
214
83
239
214
82
241
214
81
242
213
79
240
211
76
241
212
75
244
215
76
246
217
78
246
217
77
242
214
73
242
213
72
242
214
73
244
216
75
249
219
85
248
218
84
247
217
82
246
217
80
245
216
79
245
216
78
244
217
78
244
218
79
245
219
79
246
220
80
247
222
83
247
223
84
248
224
86
250
225
88
249
226
91
250
226
93
251
226
95
251
226
96
251
226
97
251
225
97
249
224
99
248
224
101
249
225
100
250
227
102
251
229
103
252
232
104
252
234
105
252
236
106
252
237
109
251
238
111
250
238
112
247
236
113
246
236
117
244
235
120
243
234
123
242
233
126
240
232
130
243
234
135
246
237
141
248
240
147
249
242
151
247
232
147
253
245
161
249
241
160
246
235
157
250
236
161
243
229
159
246
234
168
243
232
169
236
224
163
235
226
169
235
223
166
244
233
174
245
234
174
228
218
155
245
235
168
232
222
151
238
228
154
249
239
163
233
224
144
246
236
154
247
243
160
246
245
164
245
243
164
247
245
168
249
246
175
252
251
186
252
251
192
240
235
180
244
236
189
201
191
149
160
148
109
133
119
85
180
162
132
176
155
128
160
136
111
148
122
98
156
127
104
152
120
97
145
112
88
153
118
95
170
136
112
174
154
128
173
148
122
178
147
120
192
154
125
219
173
141
249
206
168
234
182
134
225
171
114
221
171
105
224
182
105
211
179
92
211
188
99
216
202
113
227
219
133
240
238
163
246
245
185
248
248
202
249
249
217
252
250
231
255
253
242
252
252
246
251
252
248
252
253
249
253
254
250
254
255
252
254
255
253
254
255
253
254
255
253
254
254
254
253
253
253
253
253
253
254
254
254
254
254
254
254
253
255
254
253
255
254
253
255
254
253
255
254
253
255
254
253
255
254
253
255
254
253
255
254
254
254
254
254
254
254
254
254
254
254
254
254
254
254
254
254
254
254
254
254
254
254
254
254
254
254
254
254
254
254
254
254
254
254
254
254
254
254
254
254
254
254
254
254
254
254
254
254
254
254
254
254
254
254
254
254
254
254
254
254
254
254
254
254
254
254
254
254
254
254
254
254
254
254
254
254
254
254
254
254
254
254
254
254
254
254
254
254
254
254
254
254
253
253
253
254
254
254
254
254
254
254
254
254
254
254
254
254
254
254
253
253
253
252
252
252
251
251
251
251
251
251
251
253
251
251
253
251
251
253
251
252
253
251
252
253
251
252
253
249
253
253
249
253
253
249
254
253
248
254
254
248
253
252
246
254
252
245
254
253
244
255
253
244
255
253
244
255
253
243
254
253
242
254
252
242
253
251
241
253
251
240
253
251
236
253
251
234
253
251
233
251
250
231
251
250
229
251
249
228
251
249
226
251
251
224
254
251
222
254
251
221
253
251
218
252
250
215
253
250
212
251
250
209
252
250
207
252
249
205
251
248
203
252
250
201
253
250
201
254
250
201
254
250
198
255
251
192
255
251
191
254
251
188
253
251
186
252
251
183
250
250
180
249
250
178
248
249
176
247
248
174
247
249
173
29
32
0
81
83
45
114
117
71
134
137
83
151
153
87
146
147
69
156
156
69
168
167
71
179
175
73
181
175
69
188
179
71
200
188
81
210
198
89
210
198
87
199
187
75
198
188
73
200
191
73
202
195
73
204
198
73
208
204
76
216
211
83
223
216
89
225
216
89
232
220
93
237
225
97
240
226
98
240
224
96
238
218
90
234
213
84
236
212
82
238
213
82
240
215
82
239
212
77
241
212
76
242
214
77
244
215
77
244
215
76
241
212
73
240
212
71
241
213
72
243
215
74
252
220
84
251
220
83
250
219
82
249
218
81
248
218
79
247
218
79
247
219
79
248
220
80
249
221
81
249
223
82
250
224
83
250
224
84
250
223
84
250
224
86
250
225
90
252
226
93
253
227
95
253
227
96
252
226
96
252
225
96
250
225
98
249
226
100
249
227
99
252
229
101
252
231
102
252
233
103
253
234
104
252
237
106
252
238
108
251
238
109
251
238
111
249
237
112
245
237
114
244
235
118
244
235
121
245
236
126
246
237
131
246
238
135
246
237
136
244
236
138
241
234
138
242
235
136
242
236
140
247
243
148
252
247
156
251
244
157
238
231
148
248
244
165
247
242
167
237
232
158
248
246
175
243
238
168
245
240
168
243
239
166
236
232
157
237
232
155
232
229
148
237
234
151
246
243
157
247
245
156
253
250
159
251
249
166
247
245
169
243
240
165
246
241
171
249
244
179
248
244
184
247
244
189
248
245
198
239
228
187
229
214
178
194
177
145
146
128
99
191
170
146
185
161
139
183
156
135
192
162
143
223
191
171
225
202
181
195
165
143
170
136
114
154
121
99
159
135
113
177
148
126
186
152
128
199
160
132
222
177
144
255
227
184
217
173
122
212
163
103
220
174
105
199
162
84
202
173
90
210
190
105
219
207
124
229
222
144
233
231
167
241
240
191
249
248
214
255
255
234
255
255
247
253
246
247
251
249
247
251
252
248
252
253
249
253
254
250
254
255
252
254
255
253
254
255
253
254
255
253
254
254
254
253
253
253
253
253
253
254
254
254
254
254
254
254
253
255
254
253
255
254
253
255
254
253
255
254
253
255
254
253
255
254
253
255
254
253
255
254
254
254
254
254
254
254
254
254
254
254
254
254
254
254
254
254
254
254
254
254
254
254
254
254
254
254
254
254
254
254
254
254
254
254
254
254
254
254
254
254
254
254
254
254
254
254
254
254
254
254
254
254
254
254
254
254
254
254
254
254
254
254
254
254
254
254
254
254
254
254
254
254
254
254
254
254
254
254
254
254
254
254
254
254
254
254
254
254
254
253
253
253
253
253
253
254
254
254
254
254
254
254
254
254
254
254
254
254
254
254
253
253
253
252
252
252
251
251
251
251
251
251
252
253
252
252
253
252
252
253
252
252
253
251
252
253
250
252
253
249
254
254
249
255
254
249
255
255
248
255
255
247
254
252
244
255
253
244
255
254
244
255
254
244
255
254
243
255
254
243
255
254
242
255
253
240
254
252
240
253
252
239
253
252
234
253
251
232
252
251
231
251
250
229
250
249
226
251
249
225
251
249
224
252
249
222
252
250
220
253
251
219
252
250
216
252
250
213
252
250
211
252
250
207
252
249
205
252
249
203
252
249
202
253
249
200
253
249
200
253
249
199
253
250
197
255
251
191
255
250
189
254
250
187
253
250
185
252
250
182
250
249
179
249
249
176
248
248
174
247
248
173
247
248
172
25
29
0
79
83
45
113
117
69
130
135
78
138
142
74
166
168
88
179
179
90
188
187
90
196
192
90
192
184
77
192
182
74
196
184
75
199
185
76
196
182
72
196
182
70
205
192
77
211
200
82
214
206
83
213
207
80
218
212
83
221
215
87
224
216
89
223
214
87
226
217
90
233
221
94
237
224
97
239
224
98
238
220
93
234
215
87
234
213
85
236
213
83
239
215
84
237
212
79
238
211
78
240
212
78
243
214
78
243
215
77
242
213
74
242
213
73
243
215
74
246
218
77
251
218
81
249
217
80
248
217
79
248
216
78
247
216
77
248
218
77
248
219
77
249
220
78
249
222
79
250
223
80
253
225
84
253
225
84
252
225
84
251
225
85
253
226
88
254
228
92
255
229
95
255
229
96
254
228
97
253
226
95
252
227
98
251
229
100
251
229
100
252
231
101
253
232
102
253
234
103
253
235
104
252
237
105
251
238
106
251
237
107
250
237
109
249
237
111
245
235
113
243
233
115
243
234
118
245
235
122
247
238
128
250
240
134
250
241
137
250
242
139
249
242
141
251
250
146
247
243
139
245
241
139
246
242
143
252
249
153
240
237
145
247
246
157
247
246
161
242
241
159
252
250
171
243
242
163
243
243
164
246
246
167
250
250
170
249
249
169
247
247
161
247
248
160
250
251
161
251
252
158
246
247
153
247
245
165
247
242
171
243
238
169
244
238
174
250
244
184
249
240
186
244
233
185
242
231
190
207
191
156
227
208
178
207
186
159
151
129
106
184
159
140
190
163
145
186
158
140
187
157
139
205
173
154
253
235
216
229
200
181
185
151
130
139
105
85
155
128
110
186
154
135
200
166
142
211
171
143
219
174
140
252
211
165
217
171
117
214
169
107
222
182
112
191
158
81
197
173
92
207
191
112
218
209
134
230
225
158
237
236
183
243
241
204
249
247
223
254
251
240
255
249
250
249
240
249
250
247
248
251
252
248
252
253
249
253
254
250
254
255
252
254
255
253
254
255
253
254
255
253
254
254
254
253
253
253
253
253
253
254
254
254
254
254
254
254
253
255
254
253
255
254
253
255
254
253
255
254
253
255
254
253
255
254
253
255
254
253
255
254
254
254
254
254
254
254
254
254
254
254
254
254
254
254
254
254
254
254
254
254
254
254
254
254
254
254
254
254
254
254
254
254
254
254
254
254
254
254
254
254
254
254
254
254
254
254
254
254
254
254
254
254
254
254
254
254
254
254
254
254
254
254
254
254
254
254
254
254
254
254
254
254
254
254
254
254
254
254
254
254
254
254
254
254
254
254
254
254
254
253
253
253
253
253
253
254
254
254
254
254
254
254
254
254
254
254
254
254
254
254
253
253
253
252
252
252
251
251
251
251
251
251
251
252
250
251
252
250
251
252
250
251
252
250
251
252
248
253
252
248
253
253
248
253
253
247
254
253
247
255
253
245
253
252
243
253
253
242
254
253
242
254
252
242
254
253
240
254
253
240
254
253
239
254
253
237
254
251
237
254
251
236
252
251
232
252
251
230
251
250
229
252
250
227
251
250
224
250
249
223
251
249
221
252
250
220
252
250
219
253
251
217
253
251
214
252
250
211
252
250
209
253
250
206
252
250
203
252
249
202
253
249
200
253
250
199
253
250
198
253
250
197
254
250
195
255
250
189
254
249
187
254
249
185
252
249
183
251
248
180
250
248
177
248
247
174
247
247
172
247
247
171
246
246
170
29
33
0
92
96
56
129
133
86
142
147
90
124
129
60
153
156
75
157
158
69
166
165
68
184
180
78
197
189
82
198
187
80
204
191
82
210
196
85
212
197
86
214
199
86
217
203
87
217
204
85
213
203
80
217
208
81
229
220
92
230
222
95
227
220
93
224
216
89
227
218
91
234
223
97
240
228
102
245
231
105
244
229
103
241
223
98
240
221
95
239
218
91
237
214
87
235
211
81
236
211
79
238
212
79
241
213
79
244
216
78
243
216
76
245
217
77
248
220
79
251
223
82
252
219
80
251
218
79
250
218
79
250
218
78
249
218
78
250
219
78
251
221
79
252
222
79
253
224
81
253
226
81
253
226
82
252
225
83
252
224
83
250
223
83
253
225
87
254
227
91
255
229
94
255
230
96
255
227
96
253
225
93
252
227
97
252
230
100
253
231
101
253
233
102
253
233
102
253
234
103
253
235
104
252
237
105
250
237
105
249
237
106
250
237
109
252
240
114
250
240
116
250
240
119
250
240
121
250
239
124
248
237
125
246
236
128
246
236
129
246
237
130
246
237
131
237
235
126
251
249
141
249
247
141
246
244
142
255
254
158
240
240
144
242
243
150
247
248
158
249
250
164
233
236
151
242
246
164
246
249
167
246
250
168
246
250
168
254
255
172
244
246
161
245
248
160
252
255
165
253
255
164
249
252
160
249
248
171
250
247
182
253
251
188
243
237
178
251
242
188
254
246
197
237
230
187
169
153
117
134
114
86
133
110
86
128
104
83
119
93
76
117
89
74
142
111
97
168
137
123
190
159
143
201
168
152
222
190
171
191
159
139
178
145
125
176
143
124
153
123
107
195
162
143
223
187
163
235
195
164
223
182
143
228
185
134
219
177
118
225
185
120
233
198
127
215
188
112
204
187
110
212
200
128
225
218
153
240
237
181
253
253
213
254
253
228
254
252
239
255
249
247
255
246
254
254
244
254
252
249
250
251
252
248
252
253
249
253
254
250
254
255
252
254
255
253
254
255
253
254
255
253
254
254
254
253
253
253
253
253
253
254
254
254
254
254
254
254
253
255
254
253
255
254
253
255
254
253
255
254
253
255
254
253
255
254
253
255
254
253
255
254
254
254
254
254
254
254
254
254
254
254
254
254
254
254
254
254
254
254
254
254
254
254
254
254
254
254
254
254
254
254
254
254
254
254
254
254
254
254
254
254
254
254
254
254
254
254
254
254
254
254
254
254
254
254
254
254
254
254
254
254
254
254
254
254
254
254
254
254
254
254
254
254
254
254
254
254
254
254
254
254
254
254
254
254
254
254
254
254
254
253
253
253
253
253
253
254
254
254
254
254
254
254
254
254
254
254
254
254
254
254
253
253
253
252
252
252
251
251
251
251
251
250
250
251
249
250
251
249
251
251
249
252
251
248
252
251
247
252
251
247
252
252
246
253
252
245
254
252
244
254
253
243
251
251
239
252
250
239
252
251
239
253
252
238
253
253
237
253
253
236
253
252
235
253
252
234
253
251
233
252
250
232
252
251
229
252
251
228
252
251
227
252
251
225
251
250
224
251
250
221
252
250
220
252
250
219
253
251
217
253
252
215
253
251
212
253
251
209
254
251
207
253
251
203
253
250
202
253
250
200
253
250
199
253
251
197
254
251
196
254
251
196
254
250
194
254
249
188
253
248
185
252
248
184
251
248
181
250
247
179
249
247
176
247
246
173
246
246
171
246
246
169
245
245
167
32
35
0
104
107
67
143
147
99
152
156
99
124
127
58
137
139
58
159
159
70
176
175
77
184
181
77
194
186
78
196
186
76
197
184
74
200
185
74
212
195
84
224
208
95
223
208
92
222
208
89
222
210
87
228
219
92
229
220
91
227
219
91
226
219
92
227
220
93
226
216
92
234
224
100
241
230
107
246
234
110
237
222
99
244
228
105
242
225
102
239
220
97
238
217
92
238
216
88
238
215
86
239
214
83
239
214
80
241
215
79
244
217
78
247
219
79
249
221
80
250
222
81
250
217
78
250
217
78
250
217
78
249
217
78
249
219
78
250
220
79
250
220
78
251
221
78
251
222
79
251
224
80
253
225
82
252
224
82
251
223
82
251
224
84
255
228
90
255
228
92
255
227
93
254
226
92
253
225
94
255
227
96
252
228
97
250
228
98
251
229
99
252
232
101
253
233
102
253
233
102
252
234
103
251
236
104
251
235
105
250
234
106
250
235
109
252
238
112
251
239
115
251
240
118
251
240
121
251
240
123
251
240
126
250
239
127
249
239
127
249
237
127
248
237
129
249
246
138
249
246
138
249
246
140
249
246
143
248
246
146
246
247
151
246
246
154
246
246
157
245
246
160
243
246
161
245
248
166
245
248
168
245
248
168
246
249
169
247
250
169
247
251
168
247
252
167
248
251
167
248
250
166
248
250
166
250
250
179
250
247
186
245
239
181
252
244
190
251
248
203
247
237
197
222
204
167
141
120
90
140
116
93
147
120
102
152
123
108
151
121
108
129
96
86
142
108
97
184
149
138
220
187
173
225
192
176
200
167
148
180
148
128
178
146
124
188
156
133
186
152
135
212
177
157
220
183
158
225
186
152
228
189
146
214
174
121
217
180
120
221
187
122
221
192
123
206
183
112
179
165
98
219
211
150
247
243
190
243
243
200
252
253
224
254
254
239
251
249
244
249
244
247
255
248
255
251
242
255
252
249
251
252
253
249
252
253
249
252
253
249
253
254
251
253
254
252
253
254
252
254
255
253
254
254
254
254
254
254
254
254
254
254
254
254
254
254
254
254
253
255
254
253
255
254
253
255
254
253
255
254
253
255
254
253
255
254
253
255
254
253
255
254
254
254
254
254
254
254
254
254
254
254
254
254
254
254
254
254
254
254
254
254
254
254
254
254
254
254
254
254
254
254
254
254
254
254
254
254
254
254
254
254
254
254
254
254
254
254
254
254
254
254
254
254
254
254
254
254
254
254
254
255
255
255
254
254
254
254
254
254
254
254
254
253
253
253
253
253
253
253
253
253
254
254
254
254
254
254
255
255
255
254
254
254
254
254
254
254
254
254
254
254
254
253
253
253
253
253
253
253
253
253
252
252
252
252
252
252
252
252
252
252
252
251
253
251
250
253
251
250
254
252
250
254
252
250
254
253
249
254
254
248
255
253
246
254
252
244
254
252
243
253
252
242
251
249
238
252
250
237
252
252
237
253
253
236
254
254
236
255
254
234
254
253
233
253
252
232
252
251
230
251
250
229
254
253
228
254
253
227
253
253
226
252
251
223
251
250
222
252
250
220
252
250
218
251
250
216
252
250
214
253
251
212
253
252
210
253
252
208
255
252
207
254
253
203
254
252
201
254
252
199
253
251
197
253
250
194
252
250
192
252
250
192
252
249
190
254
246
186
254
247
184
254
247
183
253
248
181
253
248
178
251
247
175
249
246
172
248
245
170
247
244
168
246
244
166
32
33
0
94
96
55
134
136
87
151
153
96
135
138
69
137
137
55
143
141
50
152
149
51
167
161
58
204
194
86
209
196
87
211
197
87
214
199
88
223
206
95
234
219
105
236
221
104
235
222
101
232
223
98
233
224
96
230
223
92
230
223
94
231
224
97
233
226
99
225
217
93
232
223
99
237
227
104
238
227
105
233
221
99
243
229
107
245
229
108
243
226
105
240
223
100
240
218
94
237
215
88
237
214
85
239
216
83
244
219
83
247
220
83
247
220
80
245
218
78
244
216
75
250
216
79
249
216
79
249
217
79
249
218
79
249
218
79
249
220
79
250
220
79
250
222
79
250
223
80
250
224
80
252
225
83
251
224
83
250
223
83
250
224
84
254
228
90
255
228
92
254
227
93
253
225
93
252
225
94
254
228
97
252
228
98
250
228
98
250
229
99
252
232
101
253
232
102
253
233
103
252
234
104
251
235
105
251
235
105
250
234
106
250
235
109
253
239
114
252
239
117
253
240
119
253
240
121
253
241
123
252
242
125
252
241
127
251
240
127
251
239
127
251
240
129
250
245
139
250
245
140
249
245
142
249
245
144
248
245
147
248
245
152
247
245
155
245
245
157
244
245
160
243
245
163
243
246
166
244
247
168
245
247
169
245
247
170
246
248
171
246
249
171
246
248
171
246
248
170
247
248
170
248
248
170
244
241
175
245
241
183
255
251
195
252
244
194
244
232
188
234
218
179
207
188
155
135
111
85
156
128
109
169
137
123
175
142
131
174
139
131
161
124
117
140
104
95
141
106
95
149
114
101
154
120
104
175
142
123
178
147
124
185
155
130
195
165
140
200
163
145
226
189
166
222
184
155
224
186
149
250
211
166
201
164
110
217
183
122
212
182
117
195
170
104
182
163
98
193
182
123
229
223
172
249
247
205
243
244
212
250
252
232
253
254
244
250
250
248
247
245
250
254
248
255
250
243
255
251
249
251
252
253
249
252
253
249
252
253
249
253
254
251
253
254
252
253
254
252
254
255
253
254
254
254
254
254
254
254
254
254
254
254
254
254
254
254
254
253
255
254
253
255
254
253
255
254
253
255
254
253
255
254
253
255
254
253
255
254
253
255
254
254
254
254
254
254
254
254
254
254
254
254
254
254
254
254
254
254
254
254
254
254
254
254
254
254
254
254
254
254
254
254
254
254
254
254
254
254
254
254
254
254
254
254
254
254
254
254
254
254
254
254
254
254
254
254
254
254
254
254
254
254
254
254
254
254
254
254
254
254
254
254
253
253
253
253
253
253
253
253
253
254
254
254
254
254
254
254
254
254
254
254
254
254
254
254
254
254
254
254
254
254
253
253
253
253
253
253
253
253
253
252
252
252
252
252
252
252
252
252
252
252
252
254
252
251
254
252
251
254
253
250
254
253
249
254
253
249
255
253
248
255
253
246
255
253
244
254
253
243
254
254
242
252
251
237
252
252
236
252
252
235
254
253
235
255
254
234
255
254
232
254
253
231
253
253
230
252
252
228
252
251
227
254
253
226
254
254
225
254
253
224
254
253
223
253
251
221
252
251
218
252
251
216
252
250
214
252
251
213
253
252
211
254
252
209
254
252
207
255
253
204
255
253
202
255
253
200
255
253
198
255
252
196
253
251
193
253
251
193
253
251
192
253
250
189
254
247
184
254
247
184
254
247
182
253
247
180
252
248
178
251
248
174
249
246
171
248
245
169
247
245
167
246
244
166
35
35
0
80
80
38
113
114
64
135
136
77
140
140
70
144
143
61
143
140
50
147
142
44
158
152
48
197
187
79
208
196
87
216
202
91
221
206
95
228
211
99
233
218
103
234
221
102
232
220
99
227
218
94
223
215
87
222
217
85
220
214
84
220
213
86
228
220
95
224
216
92
236
228
105
241
232
110
239
229
108
235
224
105
240
228
109
242
228
109
243
228
109
245
228
108
242
222
101
239
218
94
238
216
89
240
216
86
244
219
85
246
220
83
246
219
80
244
217
76
242
214
74
249
217
81
249
217
81
249
217
81
249
218
80
249
218
80
248
219
80
248
220
80
249
221
81
250
222
81
250
223
82
251
225
84
250
224
84
249
222
84
249
223
85
253
227
92
254
228
94
253
227
95
252
225
94
251
225
95
253
227
98
251
228
98
250
229
98
250
229
99
252
231
101
253
232
102
252
232
104
252
233
105
253
234
107
251
234
107
250
234
108
250
235
111
254
238
116
253
238
117
254
238
119
253
239
121
253
240
123
254
241
124
253
240
126
253
240
127
253
240
128
253
240
128
250
243
139
251
243
140
251
243
143
250
243
145
250
243
146
248
243
151
247
243
154
245
243
157
244
243
160
243
243
163
243
245
166
243
245
168
244
245
170
244
245
172
245
246
173
246
247
174
246
247
174
246
247
174
247
246
174
248
246
174
249
247
183
252
249
192
253
250
196
250
242
195
233
221
179
228
213
176
211
192
162
140
114
92
145
113
98
165
130
119
178
141
133
181
144
137
182
143
138
180
142
135
180
144
133
171
136
122
142
108
92
145
114
92
162
132
107
183
154
127
202
172
145
198
161
139
227
190
163
211
174
141
204
166
127
229
190
144
186
151
95
201
170
109
197
169
107
186
163
102
199
182
125
219
210
161
242
238
198
251
252
221
243
247
224
248
252
240
250
254
249
248
251
251
247
248
251
252
251
255
249
247
254
251
250
251
252
253
249
252
253
249
252
253
249
253
254
251
253
254
252
253
254
252
254
255
253
254
254
254
254
254
254
254
254
254
254
254
254
254
254
254
254
253
255
254
253
255
254
253
255
254
253
255
254
253
255
254
253
255
254
253
255
254
253
255
254
254
254
254
254
254
254
254
254
254
254
254
254
254
254
254
254
254
254
254
254
254
254
254
254
254
254
254
254
254
254
254
254
254
254
254
254
254
254
254
254
254
254
254
254
254
254
254
254
254
254
254
254
254
254
254
254
254
254
254
254
254
254
254
254
254
254
254
254
253
253
253
252
252
252
252
252
252
253
253
253
253
253
253
254
254
254
254
254
254
254
254
254
254
254
254
254
254
254
254
254
254
253
253
253
253
253
253
253
253
253
252
252
252
252
252
252
252
252
252
252
252
252
254
252
251
255
253
252
255
253
251
255
254
250
255
254
249
255
254
249
255
254
246
255
254
245
255
254
243
255
253
241
252
252
236
253
252
235
254
253
234
254
253
233
254
254
231
254
254
229
254
254
229
254
253
228
254
253
226
254
253
226
255
254
226
255
255
225
255
254
224
255
253
222
253
251
219
253
251
217
252
251
215
252
251
212
253
252
211
254
253
209
254
253
208
255
254
206
255
254
204
255
253
201
255
254
198
255
254
196
255
253
194
254
253
192
254
252
191
254
252
191
254
250
189
254
247
184
254
247
182
254
247
181
253
247
179
253
247
177
251
247
174
250
246
171
248
245
168
247
244
166
246
243
165
38
33
0
75
71
30
105
102
53
128
125
68
142
138
69
151
148
66
155
150
60
158
152
54
162
154
49
180
168
60
194
182
72
208
195
84
220
206
94
226
211
98
224
211
96
223
212
93
220
211
89
215
208
83
214
209
80
224
219
88
215
209
80
210
202
76
223
215
91
223
215
91
243
234
112
248
239
118
242
233
114
240
230
113
237
226
109
237
225
108
240
226
109
246
232
113
246
228
107
244
225
101
242
221
94
241
218
88
240
216
83
242
216
78
244
217
78
246
219
79
248
220
79
248
219
84
248
219
84
248
218
83
247
218
82
247
218
82
248
219
81
247
220
81
247
221
82
248
222
82
249
223
83
249
224
85
248
224
85
247
223
84
248
223
86
250
227
93
251
228
95
251
227
95
250
225
95
250
224
95
252
226
98
251
228
99
249
228
99
250
229
100
252
230
103
252
231
104
252
232
105
252
232
107
253
233
107
251
233
109
250
233
110
251
233
112
253
236
115
252
235
117
253
235
118
252
236
120
252
237
121
253
238
122
253
238
125
253
239
126
253
240
126
254
240
128
252
241
138
252
242
139
252
242
140
251
242
143
249
243
145
248
243
148
247
242
152
246
242
155
245
242
158
243
242
162
244
244
165
244
244
168
244
245
170
244
245
172
245
246
174
247
246
175
247
247
176
248
247
176
248
246
176
248
246
176
247
245
183
248
245
190
254
248
195
249
239
192
178
162
122
149
130
97
137
114
87
111
82
62
105
72
58
133
97
87
153
115
109
163
124
120
183
143
138
225
186
178
238
207
197
225
198
184
172
139
121
150
120
96
160
131
103
168
140
110
177
148
118
207
168
142
229
191
160
209
172
135
190
153
110
188
152
103
210
177
119
199
170
110
191
166
107
193
172
115
224
210
160
243
236
196
251
249
220
252
253
234
246
250
236
246
252
245
248
254
251
247
253
252
247
252
251
250
253
253
249
251
251
251
252
250
252
253
249
252
253
249
252
253
249
253
254
251
253
254
252
253
254
252
254
255
253
254
254
254
254
254
254
254
254
254
254
254
254
254
254
254
254
253
255
254
253
255
254
253
255
254
253
255
254
253
255
254
253
255
254
253
255
254
253
255
254
254
254
254
254
254
254
254
254
254
254
254
254
254
254
254
254
254
254
254
254
254
254
254
254
254
254
254
254
254
254
254
254
254
254
254
254
254
254
254
254
254
254
254
254
254
254
254
254
254
254
254
254
254
254
254
254
254
254
254
254
254
254
254
254
254
253
253
253
252
252
252
252
252
252
252
252
252
252
252
252
252
252
252
253
253
253
254
254
254
254
254
254
254
254
254
254
254
254
254
254
254
253
253
253
253
253
253
253
253
253
252
252
252
252
252
252
252
252
252
252
252
252
255
252
251
255
252
251
255
253
250
255
254
250
255
254
249
255
254
248
255
254
246
255
254
244
255
254
242
255
254
240
253
252
235
254
252
234
254
252
232
253
252
231
253
253
229
254
253
228
254
253
227
254
253
226
254
254
224
254
254
224
255
254
225
255
255
224
255
254
223
254
253
220
253
252
217
253
251
215
252
251
213
252
252
212
253
252
209
254
253
208
255
253
206
255
254
204
255
253
202
255
254
199
255
253
197
255
253
195
254
253
193
254
252
191
254
252
189
254
251
188
254
250
187
255
246
183
255
246
182
254
246
180
254
247
178
253
247
176
252
246
173
250
245
170
249
244
168
248
244
165
247
243
164
34
26
0
80
73
34
118
112
63
146
140
82
150
144
75
149
144
62
155
148
58
160
152
55
165
157
52
171
159
51
181
169
58
200
188
75
220
206
94
227
213
100
221
210
93
222
212
93
221
213
90
218
212
86
220
217
87
239
236
105
230
225
95
221
214
87
234
226
102
223
215
92
244
235
114
247
238
118
237
229
110
242
233
116
236
226
110
236
226
110
239
227
111
244
229
112
247
231
110
248
230
107
247
227
101
244
222
93
239
216
84
241
215
79
244
218
79
249
221
81
253
225
84
249
219
87
249
219
87
247
219
86
246
219
84
246
219
84
246
220
83
246
220
82
246
221
82
245
222
83
246
223
84
248
224
87
246
223
86
245
222
86
245
223
88
250
227
94
249
227
96
249
226
96
247
225
96
247
224
97
250
226
100
250
227
100
249
227
101
250
228
101
252
230
104
253
231
105
252
231
107
252
231
108
253
232
109
251
232
110
251
232
111
251
232
113
251
233
116
251
233
116
251
233
118
251
234
118
251
234
119
251
235
122
253
237
124
254
238
125
254
239
126
254
240
127
253
241
134
253
241
135
253
241
137
252
242
139
250
242
142
249
242
146
247
242
148
246
242
151
244
243
154
244
243
158
245
244
163
245
245
166
245
245
168
246
246
171
247
247
173
248
247
175
249
247
176
250
248
177
250
248
178
250
248
178
245
242
181
239
235
181
235
229
176
226
216
169
149
133
93
118
98
66
116
92
66
132
102
83
124
89
77
154
116
108
182
142
137
200
157
154
171
129
124
192
151
144
217
181
170
222
190
175
179
146
126
144
114
90
149
121
92
161
134
102
178
150
117
196
158
127
219
181
148
219
181
142
208
172
126
191
157
105
237
205
146
198
169
111
190
166
110
207
188
136
247
234
191
253
251
219
253
253
231
251
253
239
246
252
245
245
253
251
245
252
251
246
253
251
247
254
251
249
255
250
249
254
246
251
253
248
252
253
249
252
253
249
252
253
249
253
254
251
253
254
252
253
254
252
254
255
253
254
254
254
254
254
254
254
254
254
254
254
254
254
254
254
254
253
255
254
253
255
254
253
255
254
253
255
254
253
255
254
253
255
254
253
255
254
253
255
254
254
254
254
254
254
254
254
254
254
254
254
254
254
254
254
254
254
254
254
254
254
254
254
254
254
254
254
254
254
254
254
254
254
254
254
254
254
254
254
254
254
254
254
254
254
254
254
254
254
254
254
254
254
254
254
254
254
254
254
253
253
253
253
253
253
253
253
253
252
252
252
252
252
252
252
252
252
252
252
252
252
252
252
253
253
253
253
253
253
254
254
254
254
254
254
254
254
254
254
254
254
253
253
253
253
253
253
253
253
253
252
252
252
252
252
252
252
252
252
252
252
251
255
251
250
255
251
250
255
252
249
255
253
249
255
253
248
255
253
245
255
254
244
255
254
243
255
253
241
254
254
238
254
252
234
254
252
233
253
253
232
253
253
229
254
253
227
253
252
225
253
253
224
253
253
223
254
254
224
254
255
223
255
255
222
255
254
221
254
253
220
253
252
218
252
251
216
252
250
213
251
250
211
252
250
209
252
251
207
254
252
205
254
252
204
254
252
202
255
253
200
254
253
197
254
253
195
254
253
193
253
252
191
254
252
189
253
251
187
253
251
186
253
249
185
255
246
182
255
246
182
254
246
180
253
246
178
253
247
175
251
245
172
249
245
168
249
244
167
247
243
165
246
242
163
35
26
0
86
77
38
129
121
72
159
152
95
158
150
81
147
139
58
151
143
52
159
151
52
170
160
55
173
161
51
177
165
53
197
184
72
220
206
93
227
213
100
220
209
93
223
214
95
223
216
94
219
215
90
221
219
89
240
240
107
237
234
104
233
226
99
242
234
110
220
213
90
241
234
112
244
236
115
233
225
106
244
235
118
236
226
111
237
226
112
238
227
112
237
224
108
244
228
108
248
231
109
250
231
106
251
229
102
248
225
93
247
222
86
248
221
83
248
221
81
250
222
81
248
220
89
247
219
88
247
219
88
247
219
87
246
219
85
244
220
84
244
220
84
244
220
84
245
221
85
244
222
86
246
223
87
245
223
87
244
222
88
243
222
90
248
226
96
249
227
97
248
226
98
247
224
98
247
224
98
249
226
101
249
227
101
249
227
101
250
228
102
252
230
105
253
231
106
253
231
107
252
231
109
253
232
111
251
231
112
251
231
113
251
232
115
252
234
117
252
233
118
251
233
118
251
233
119
252
234
121
253
235
122
254
238
125
254
239
126
255
241
128
255
242
129
254
241
131
254
241
133
253
242
134
252
242
136
251
242
138
249
244
142
249
243
145
247
243
149
246
243
152
244
242
154
248
246
161
248
247
165
248
247
168
248
248
170
249
249
173
250
249
175
251
250
177
252
250
179
254
250
179
254
250
179
254
252
191
237
235
182
200
192
142
148
138
91
129
113
73
124
103
70
128
103
76
141
109
90
140
104
94
167
129
122
193
151
147
212
169
166
225
183
178
202
161
153
185
146
135
170
134
119
157
124
104
158
129
102
151
123
93
155
128
96
170
144
110
201
163
129
201
164
127
206
169
127
211
176
128
218
184
130
216
186
127
195
169
111
204
182
127
232
215
166
255
253
215
255
255
229
249
250
234
246
249
241
247
254
251
244
254
254
241
252
250
242
252
249
245
254
247
246
255
244
247
255
241
250
254
246
252
253
249
252
253
249
252
253
249
253
254
251
253
254
252
253
254
252
254
255
253
254
254
254
254
254
254
254
254
254
254
254
254
254
254
254
254
253
255
254
253
255
254
253
255
254
253
255
254
253
255
254
253
255
254
253
255
254
253
255
254
254
254
254
254
254
254
254
254
254
254
254
254
254
254
254
254
254
254
254
254
254
254
254
254
254
254
254
254
254
254
254
254
254
254
254
254
254
254
254
254
254
254
254
254
254
254
254
254
254
254
254
254
254
254
254
254
254
254
254
253
253
253
253
253
253
252
252
252
252
252
252
251
251
251
251
251
251
251
251
251
252
252
252
252
252
252
253
253
253
253
253
253
254
254
254
254
254
254
254
254
254
253
253
253
253
253
253
253
253
253
252
252
252
252
252
252
252
252
252
252
251
251
254
250
249
254
250
249
255
251
248
255
252
248
255
252
247
254
252
244
254
252
243
254
252
241
253
252
239
253
253
237
255
253
235
254
253
233
253
253
230
252
252
228
253
252
226
253
252
224
253
253
223
253
253
223
254
255
223
254
255
223
254
254
220
254
253
219
253
252
217
251
251
215
251
250
213
250
249
210
249
249
208
250
248
207
250
250
204
252
250
203
252
251
201
252
251
200
253
251
197
254
252
194
253
251
192
252
251
190
253
250
189
252
250
186
251
249
184
251
249
184
252
248
183
254
245
181
254
245
181
254
246
180
253
246
178
253
247
175
251
245
172
249
245
168
248
244
165
247
243
164
246
242
163
39
33
1
83
77
36
124
118
67
154
147
88
155
148
77
152
144
61
158
149
57
167
156
58
177
165
61
175
164
53
176
165
53
193
180
69
211
198
87
216
203
90
210
201
85
215
208
88
217
210
88
213
209
82
210
207
79
226
224
92
228
223
95
229
221
97
239
231
109
221
213
91
240
232
111
244
235
116
236
227
110
247
237
121
236
226
110
235
224
108
235
223
107
233
220
101
240
224
105
246
229
106
251
232
107
253
234
106
253
234
101
252
229
93
248
224
86
245
220
81
242
217
77
246
219
88
248
220
88
246
221
88
245
220
86
243
219
84
245
220
85
245
220
85
244
220
85
243
220
85
244
221
86
245
223
88
244
223
88
243
222
88
244
222
90
248
225
95
249
226
97
248
225
97
247
224
97
247
223
98
248
225
100
249
226
100
249
227
100
250
228
102
252
230
104
253
230
106
252
231
108
252
231
109
253
232
110
251
231
111
251
231
112
252
232
115
255
234
118
253
234
118
253
233
120
253
234
121
253
235
121
254
236
122
255
238
125
255
240
128
255
242
129
255
243
129
253
242
129
253
242
130
253
242
132
253
242
134
251
243
137
251
244
141
250
244
144
248
244
148
247
244
151
245
243
153
250
248
161
250
249
164
250
249
167
251
249
169
251
250
175
251
249
176
252
250
178
255
250
182
255
250
185
253
247
183
252
245
190
243
234
187
221
210
166
154
140
100
176
158
124
170
148
120
152
127
105
140
109
96
130
97
89
125
89
84
121
83
80
124
86
84
198
160
155
202
164
156
198
162
150
200
166
150
219
187
167
192
162
136
170
141
110
182
155
120
220
193
157
254
219
180
199
160
119
178
141
96
183
149
100
219
187
135
186
159
103
212
189
136
236
218
169
253
240
197
253
244
210
254
253
230
247
248
233
244
247
238
248
253
249
247
254
252
243
252
248
244
253
246
246
255
245
247
255
240
248
254
238
251
253
245
252
253
249
252
253
249
252
253
249
253
254
251
253
254
252
253
254
252
254
255
252
254
254
253
253
254
253
253
254
253
253
254
254
253
254
254
253
253
254
253
253
254
253
253
254
253
253
254
253
253
254
253
253
254
253
253
254
253
253
255
254
254
254
254
254
254
254
254
254
254
254
254
254
254
254
254
254
254
254
254
254
254
254
254
254
254
254
254
254
254
254
254
254
254
254
254
254
254
254
254
254
254
254
254
254
254
254
254
254
254
254
254
254
254
254
254
254
254
254
254
253
253
253
252
252
253
251
252
252
250
251
251
249
250
250
249
250
250
250
250
251
251
252
252
252
252
252
253
253
253
253
253
253
254
254
254
254
254
253
253
254
253
253
253
253
253
253
252
253
253
252
252
252
251
252
252
251
252
252
251
252
251
250
253
249
248
253
249
248
254
250
247
254
251
247
254
251
246
254
251
243
254
251
242
253
251
241
253
251
239
252
252
237
255
252
235
254
252
234
254
252
231
253
252
229
253
252
227
252
251
224
253
252
224
253
253
224
254
254
224
255
254
225
253
252
220
252
251
218
251
250
216
249
249
213
249
248
211
249
248
209
249
248
208
249
247
206
249
249
203
251
249
201
251
249
199
251
249
197
252
251
195
253
251
192
252
251
191
252
250
189
252
249
187
251
249
184
250
248
183
250
248
182
251
247
182
254
244
181
254
244
182
254
246
180
254
246
178
253
246
176
251
245
172
249
244
168
248
243
166
247
242
165
246
241
164
31
35
6
77
82
39
120
126
68
153
158
85
152
151
69
163
155
69
165
153
63
169
155
59
177
164
60
174
161
51
177
167
56
180
171
61
184
175
66
190
184
71
196
192
75
199
193
75
201
194
74
205
196
74
218
207
83
230
217
90
230
218
97
230
219
105
240
230
116
241
231
114
237
227
111
239
228
111
243
231
113
244
233
112
238
226
104
235
223
99
232
219
95
229
215
89
236
223
94
241
228
98
244
230
99
243
230
97
241
226
93
239
225
89
239
224
88
239
224
88
239
224
88
241
218
79
247
224
85
248
225
86
246
223
84
243
220
81
248
224
88
248
224
88
245
221
86
242
217
83
244
219
85
245
220
88
246
221
89
247
222
91
249
223
93
250
224
94
251
224
95
250
224
95
250
223
95
249
222
94
248
221
93
248
224
95
248
226
96
249
227
97
251
229
99
252
230
101
253
231
104
254
232
106
255
233
107
253
233
108
253
232
109
253
233
111
254
235
114
252
235
115
252
234
116
252
234
117
252
235
118
254
236
121
254
238
124
255
239
126
255
240
127
255
241
128
250
244
125
249
245
127
250
244
130
250
243
134
250
244
139
252
243
145
252
243
148
252
244
151
252
245
152
250
245
154
254
251
160
250
248
159
249
246
161
252
250
169
248
244
171
246
239
175
244
235
179
243
234
186
251
241
201
234
221
185
206
183
157
182
152
133
162
133
116
94
67
52
131
104
94
135
109
102
132
109
104
157
136
135
184
163
165
196
176
178
187
168
170
159
140
142
120
97
95
153
128
122
168
142
131
184
157
141
217
188
167
186
153
126
186
153
121
202
168
134
225
190
152
230
190
138
185
146
96
189
153
105
198
168
121
197
172
128
172
154
114
218
206
169
241
235
202
247
245
217
243
244
218
251
253
230
252
254
233
252
254
236
253
254
238
254
254
240
255
254
240
255
254
242
255
253
243
255
253
243
255
253
242
254
252
246
253
252
248
252
253
249
253
253
250
253
254
250
254
255
251
254
255
251
254
255
251
253
255
250
252
255
250
251
255
251
252
255
253
252
255
253
250
254
252
249
254
252
249
254
252
249
254
252
250
255
253
250
255
253
250
255
253
251
255
254
255
255
254
255
255
254
255
255
254
255
255
254
255
255
254
255
255
254
255
255
254
255
255
254
255
255
254
255
255
254
255
255
253
255
255
253
255
255
253
255
255
253
255
255
253
255
255
253
255
255
253
255
255
253
255
255
253
255
255
253
251
253
254
248
252
254
247
250
253
245
249
250
243
247
248
243
247
248
245
248
249
248
250
251
252
253
253
253
254
254
253
254
254
253
253
253
253
254
252
252
253
251
253
252
251
254
252
251
254
252
250
253
253
248
253
252
248
253
252
248
253
252
248
255
251
249
255
252
248
255
251
247
255
250
246
254
249
245
253
249
244
253
250
242
253
249
241
254
249
240
254
250
239
254
251
237
255
251
236
255
251
235
255
251
233
254
250
232
254
249
230
254
250
229
255
250
229
254
249
228
254
249
228
253
250
222
252
249
218
251
248
216
249
246
213
248
246
211
250
247
211
251
248
210
251
249
208
252
249
205
253
249
202
253
249
200
252
249
197
252
249
194
251
250
191
252
250
189
252
249
187
251
249
185
252
249
181
251
248
180
251
248
179
252
247
180
254
239
183
254
241
184
254
242
183
254
243
181
254
243
179
250
242
174
248
240
171
247
239
169
247
239
168
247
240
168
28
33
4
74
81
38
118
125
66
150
156
83
150
149
68
161
154
68
164
153
63
170
156
61
180
167
63
177
166
55
177
167
56
178
170
60
180
173
63
185
179
66
190
186
69
193
188
69
195
188
69
199
190
69
210
199
76
221
209
82
224
213
92
227
217
103
238
227
113
239
229
113
236
226
109
237
227
110
243
232
113
245
234
113
241
228
107
239
226
103
236
223
99
233
219
93
233
220
92
235
221
91
236
222
91
238
222
90
239
223
90
242
226
92
246
230
94
249
233
97
251
235
99
240
217
78
249
226
88
252
229
90
250
227
88
246
223
84
248
224
88
247
223
87
244
219
84
241
216
82
244
219
85
245
221
88
246
221
89
247
222
90
249
223
93
250
224
94
251
224
95
251
224
95
250
223
95
249
222
94
248
221
93
248
224
94
248
226
96
249
227
97
251
229
99
252
230
101
253
231
103
254
232
105
254
232
106
253
233
108
253
232
109
253
233
111
253
234
113
251
234
114
252
234
116
252
235
117
252
235
118
254
236
121
254
239
123
255
239
125
255
240
127
255
241
128
251
245
126
250
246
128
250
245
130
251
244
134
251
244
139
252
243
145
252
244
148
252
244
151
252
245
152
251
246
153
250
248
157
243
241
152
243
241
155
255
254
173
239
233
160
246
240
176
241
234
178
234
224
177
247
235
195
197
182
148
144
120
97
117
88
72
124
97
82
117
90
78
92
66
58
104
79
74
138
114
112
186
164
165
216
194
197
241
220
224
250
230
234
233
214
217
111
87
86
141
116
110
153
126
116
164
136
120
188
156
136
211
177
152
214
179
149
212
176
144
205
168
133
193
155
104
199
162
113
206
172
124
199
169
124
168
145
102
184
167
128
235
225
189
254
250
219
253
252
225
244
245
219
250
252
230
251
253
233
251
253
235
252
253
237
253
253
239
254
253
239
254
253
241
255
253
242
255
252
241
255
252
241
253
252
245
253
252
248
253
252
248
253
253
249
254
254
250
253
254
250
253
254
250
253
254
250
253
254
250
252
254
250
251
254
251
251
254
252
251
254
252
251
254
252
250
254
252
250
254
252
249
254
252
250
255
253
250
255
253
250
255
254
252
255
254
255
255
254
255
255
254
255
255
254
255
255
254
255
255
254
255
255
254
255
255
254
255
255
254
255
255
254
255
255
254
254
254
253
254
254
252
254
254
252
254
254
252
254
254
252
255
253
252
255
253
252
255
253
252
255
253
252
255
253
252
252
253
254
249
253
254
248
252
253
247
251
252
247
251
252
247
250
251
247
250
251
249
251
252
250
252
252
252
253
253
253
254
253
253
254
252
253
254
252
253
253
251
254
252
250
254
252
249
253
252
248
253
252
248
253
252
248
253
252
248
253
251
247
255
252
248
255
251
247
255
251
247
255
250
246
254
250
245
253
249
243
252
250
241
253
249
240
254
249
240
254
250
239
254
251
237
255
250
236
255
250
234
255
251
233
254
250
231
255
250
230
254
249
229
254
249
228
254
249
227
254
249
227
254
251
222
254
251
220
252
249
218
250
248
214
250
247
213
251
248
211
252
249
210
253
250
209
253
250
206
254
250
202
254
250
200
253
250
199
254
251
196
253
251
192
253
251
190
253
250
188
252
250
185
252
249
181
251
249
180
251
248
179
251
246
179
252
240
179
252
242
180
253
243
179
253
244
177
251
243
174
248
241
170
247
241
167
247
241
166
246
241
165
247
242
165
28
35
5
74
82
38
118
127
67
151
158
85
150
151
69
162
156
69
164
154
64
170
159
63
182
170
66
181
171
60
179
171
60
178
171
61
178
173
63
180
178
65
187
185
67
191
187
68
194
188
69
199
190
71
207
198
75
216
207
80
219
211
90
224
215
100
235
225
111
235
226
109
232
223
105
233
224
106
239
229
110
243
232
111
240
227
105
238
225
102
236
224
99
236
222
96
235
220
93
237
222
93
240
224
94
244
227
95
247
230
98
250
232
99
251
233
99
252
234
100
253
235
100
235
211
72
248
225
86
253
231
92
253
230
91
247
224
86
246
222
86
245
220
84
243
218
83
241
216
82
245
220
86
246
221
88
246
221
89
247
222
91
249
223
93
250
224
94
250
224
95
250
224
95
250
223
95
249
222
94
248
221
93
247
223
94
248
225
95
248
226
96
250
228
98
252
230
100
253
231
102
253
232
103
254
232
106
252
232
107
253
232
109
253
232
111
253
234
113
251
234
113
252
235
115
252
235
116
252
235
118
253
235
120
253
238
122
254
239
124
255
239
126
255
241
127
252
246
127
252
246
128
252
245
131
252
244
135
253
244
140
252
243
143
252
244
147
252
245
150
251
245
151
250
245
152
249
246
154
249
247
158
249
248
163
251
249
168
246
240
167
245
238
175
247
240
186
249
241
194
238
225
186
147
132
99
131
109
88
129
102
90
128
101
90
110
83
76
83
57
53
107
82
81
151
128
129
188
165
168
177
155
160
221
200
204
223
201
205
178
155
159
146
121
121
148
121
117
143
113
104
146
114
101
173
141
122
190
154
130
199
162
135
201
162
133
198
159
127
209
175
126
207
173
126
212
182
135
213
188
142
204
184
141
237
228
189
248
242
206
249
245
212
245
244
214
253
253
229
250
252
230
249
252
232
250
252
234
251
252
236
252
252
238
253
252
238
253
252
239
254
252
240
255
251
240
255
251
240
253
251
244
252
251
247
252
251
247
253
252
248
254
253
249
254
253
249
253
253
249
252
253
249
252
253
249
252
253
250
252
253
251
252
254
252
251
254
252
251
254
252
251
253
252
251
253
252
250
253
252
251
254
254
250
255
254
250
255
254
251
255
255
253
254
254
253
254
254
253
254
254
253
254
254
253
254
254
253
254
254
254
254
254
254
254
254
254
254
254
254
254
254
253
253
253
253
253
252
253
253
252
253
253
252
253
253
252
253
253
252
254
253
252
254
253
252
254
253
252
254
253
252
251
254
254
250
254
255
250
254
254
249
253
254
250
253
254
250
252
253
250
252
252
250
252
252
250
252
252
251
252
251
252
253
251
253
254
252
253
254
252
254
253
250
254
253
249
254
252
248
253
252
248
252
251
247
253
251
247
253
251
246
253
250
246
255
251
246
255
251
246
255
250
246
254
250
245
254
250
243
253
250
242
253
249
240
253
249
239
253
249
238
253
250
237
254
250
236
255
250
234
255
250
233
254
250
232
254
250
230
255
250
229
254
250
228
254
249
226
253
249
225
253
249
225
254
251
222
253
251
219
252
249
216
249
247
213
251
247
212
251
248
211
252
249
210
254
250
209
253
250
205
253
250
202
254
251
200
254
252
199
255
252
196
254
251
192
254
251
190
254
251
187
253
250
184
252
249
181
251
248
179
250
248
178
250
246
177
249
242
175
250
244
175
250
244
174
249
244
171
247
244
168
245
242
165
244
242
162
244
243
161
245
244
161
246
245
162
29
37
7
75
85
41
120
130
71
153
162
89
152
155
73
162
159
72
165
156
66
170
160
64
180
171
67
181
172
61
180
172
63
179
173
63
178
174
64
180
178
66
187
187
71
193
191
73
197
193
75
202
195
76
209
201
78
216
207
81
219
211
90
224
216
101
233
226
109
232
224
107
228
220
103
230
220
103
235
225
107
240
229
107
236
223
102
236
222
99
236
221
97
235
221
94
234
218
91
237
219
91
241
222
94
247
227
97
250
230
100
249
228
97
248
228
96
249
228
96
249
228
96
226
203
66
243
219
82
250
226
90
251
227
90
244
220
84
243
219
83
243
218
83
243
218
84
243
218
84
247
222
89
246
221
89
246
221
89
247
222
90
249
224
92
250
224
94
250
224
94
250
224
95
250
224
94
249
223
93
248
222
92
247
224
93
247
226
94
248
227
95
250
228
98
251
229
99
252
231
101
252
231
103
253
231
105
252
232
107
252
232
107
252
232
109
252
234
111
251
234
113
251
234
114
251
234
116
252
234
118
253
236
119
253
238
122
254
239
123
255
240
125
255
241
125
252
246
127
252
245
128
252
245
131
251
244
135
252
243
139
251
243
142
251
243
145
250
243
148
251
244
149
251
245
150
249
244
151
252
248
158
251
248
162
242
238
157
253
249
178
249
242
179
250
240
187
251
240
195
241
227
191
165
150
117
127
105
88
127
102
95
166
141
134
130
105
102
85
61
60
109
85
86
161
138
142
210
187
194
199
176
184
216
193
200
209
185
192
176
150
156
137
109
111
134
104
101
148
117
110
167
134
123
183
147
131
182
144
122
202
163
138
204
163
137
193
155
124
212
181
134
194
166
120
206
180
135
222
200
156
235
219
176
255
254
216
254
251
216
251
249
217
248
248
219
247
249
224
248
251
228
248
252
230
248
252
232
249
252
234
251
252
236
252
251
237
252
251
237
253
251
237
254
251
237
253
250
237
253
250
242
253
250
245
253
250
245
252
252
246
253
253
247
253
253
248
254
253
249
254
253
249
253
252
248
252
252
249
252
253
251
253
254
252
252
253
251
252
253
251
251
253
252
250
252
252
251
253
253
251
253
253
251
254
254
252
254
254
252
255
255
252
254
254
252
254
254
252
254
254
252
254
254
252
254
254
252
254
254
252
254
254
252
254
254
252
254
254
252
254
254
253
255
255
253
254
254
253
254
254
253
254
254
253
254
254
254
254
254
254
254
254
254
254
254
254
254
254
254
254
254
251
254
255
250
254
255
250
255
254
252
255
255
253
255
255
252
254
254
251
253
253
251
253
253
251
252
250
250
251
249
251
252
250
253
254
252
254
254
250
254
253
249
253
252
248
253
252
248
252
252
246
253
250
245
253
250
245
253
250
245
253
249
244
255
251
246
255
251
246
254
251
244
254
250
243
253
250
242
252
250
240
253
250
239
253
250
238
253
250
236
253
250
235
255
251
233
255
251
232
255
250
232
254
250
231
255
250
229
254
250
227
254
250
226
254
250
225
253
249
224
253
249
224
252
250
219
252
249
216
250
248
214
250
246
211
249
246
209
250
247
208
251
248
207
252
249
206
251
248
203
252
248
200
253
249
198
254
251
197
253
251
193
254
251
191
254
251
188
253
251
185
253
250
182
251
249
179
250
248
178
250
247
177
250
247
175
247
245
172
247
247
172
246
245
169
245
245
166
243
245
163
242
244
160
241
243
159
242
245
158
244
247
159
246
250
160
26
36
6
74
86
41
121
132
72
156
165
92
155
159
77
164
161
74
165
158
67
169
161
64
180
171
67
179
172
61
179
173
64
177
173
65
177
174
65
179
178
66
189
189
73
196
194
79
202
197
82
206
199
81
209
201
80
212
204
81
216
210
90
222
217
101
233
226
109
229
222
105
226
217
100
227
217
100
232
222
103
236
225
104
234
222
100
235
220
98
234
218
96
230
214
91
227
210
84
228
210
83
232
212
84
237
216
87
239
217
88
238
214
84
240
216
86
243
220
90
247
223
93
223
199
63
240
216
80
247
223
87
247
223
87
239
215
79
239
214
80
241
217
83
244
219
85
245
220
86
249
224
90
246
222
89
246
221
89
247
222
90
249
224
92
250
225
93
251
225
94
251
225
95
250
224
94
249
223
93
248
222
92
247
224
92
247
225
94
248
227
95
249
227
97
250
228
98
251
230
100
252
231
102
253
232
103
252
233
106
252
232
106
252
233
108
252
234
111
250
233
112
251
234
113
251
234
115
251
234
117
252
235
118
252
237
121
253
238
122
254
239
123
255
240
124
251
245
126
251
244
127
251
243
129
252
243
133
251
243
136
250
242
141
250
242
143
250
242
144
249
242
145
249
243
148
253
248
154
250
246
155
248
244
157
250
246
165
254
248
177
239
230
168
188
176
124
132
118
74
137
121
85
108
92
62
128
107
94
177
158
156
249
237
237
236
212
213
134
111
114
121
98
103
148
124
132
168
144
154
191
166
176
172
147
157
156
129
138
144
116
122
116
87
90
154
122
120
164
129
124
161
125
115
149
112
98
198
158
139
209
168
145
196
154
129
174
134
104
202
177
133
189
165
120
202
181
137
223
206
164
244
232
192
255
247
210
252
249
213
253
252
220
253
254
226
244
249
220
246
252
226
246
252
228
246
252
230
247
251
232
250
252
233
251
251
235
251
251
235
251
250
236
252
249
235
252
249
235
252
249
239
252
250
243
253
250
245
254
251
246
254
251
246
254
251
247
254
252
247
253
252
248
252
251
247
252
251
247
253
251
249
254
252
251
252
253
251
252
253
251
252
252
251
252
252
252
252
252
252
253
253
253
252
253
253
252
254
254
252
254
254
251
253
253
251
253
253
251
253
253
251
253
253
251
253
253
251
253
253
251
253
253
251
253
253
251
253
253
251
253
253
253
255
255
253
255
255
253
255
255
253
255
255
253
255
255
253
255
255
253
255
255
253
255
255
253
255
255
253
255
255
251
253
253
250
253
253
251
253
253
251
253
253
251
253
253
251
254
253
251
253
252
252
253
251
252
253
251
251
252
249
253
253
249
255
254
250
255
254
250
254
254
248
254
253
247
254
252
247
254
251
246
253
250
245
252
249
244
252
249
243
252
250
242
254
251
243
254
251
243
254
252
242
253
252
241
253
251
241
254
250
239
253
250
237
253
250
236
253
250
236
254
249
234
254
250
232
254
250
231
254
250
230
255
251
230
255
251
227
254
250
225
253
249
224
253
249
223
254
250
222
253
249
221
251
249
217
251
248
214
250
247
212
249
245
210
248
245
207
250
246
206
251
247
205
251
248
204
252
248
200
251
248
198
251
248
195
251
248
193
253
249
190
252
249
188
252
249
186
252
249
183
252
249
181
250
248
178
251
248
177
251
247
176
250
247
175
246
248
172
245
248
169
244
246
167
242
245
164
240
245
160
240
243
157
241
245
156
243
247
158
246
251
159
248
253
161
20
30
1
70
81
37
117
129
70
153
164
90
152
158
76
162
161
74
164
158
67
169
161
64
180
171
68
179
172
63
182
176
68
182
178
69
181
178
70
184
183
73
194
194
81
201
201
86
205
203
88
208
202
87
209
201
82
210
201
80
211
204
84
214
209
92
224
217
100
221
214
97
217
209
92
219
210
92
225
215
96
231
220
99
230
217
97
232
217
96
232
216
94
231
214
91
231
211
87
236
215
90
241
219
94
244
222
96
243
218
90
234
209
81
233
207
80
236
209
82
241
214
86
228
203
69
244
219
85
249
224
90
246
221
87
236
211
77
238
213
79
242
217
83
245
220
86
246
221
87
248
223
89
246
221
89
246
221
89
247
222
90
249
224
92
250
225
93
251
226
93
251
225
93
250
225
93
249
224
92
248
223
91
247
224
92
246
225
93
247
226
94
249
228
96
250
229
98
251
230
100
252
232
101
253
232
103
251
232
105
251
231
105
251
232
107
252
234
110
250
233
112
250
233
112
250
233
113
250
234
115
252
235
118
252
238
120
253
239
122
254
239
123
255
240
124
252
244
125
250
243
126
250
242
128
250
241
131
249
241
134
250
241
138
249
240
140
248
240
142
247
240
142
247
240
143
239
235
139
244
240
150
249
245
159
248
244
161
255
254
185
241
233
172
178
166
115
107
93
51
114
97
65
128
109
82
149
128
119
182
160
164
226
203
208
215
192
198
163
140
147
147
123
132
147
122
132
143
117
128
164
138
148
171
144
154
162
134
143
143
114
120
161
129
132
182
149
147
192
157
151
195
159
148
192
154
139
197
157
137
195
154
131
196
155
130
199
160
133
194
173
131
213
194
152
226
211
169
240
229
188
255
252
212
254
252
214
250
249
213
245
247
213
242
248
215
247
252
223
246
253
225
246
252
226
247
252
228
249
251
230
249
251
231
250
250
232
251
250
232
251
249
233
251
248
232
251
248
232
251
249
237
252
250
240
253
250
241
254
251
242
254
252
243
254
252
244
254
252
244
254
251
246
254
251
245
252
250
246
253
251
247
254
253
249
254
252
250
253
251
249
252
251
250
252
252
250
252
252
251
252
252
252
253
253
253
254
253
253
254
254
254
251
253
253
251
253
253
251
253
253
251
253
253
251
253
253
251
253
253
251
253
253
251
253
253
251
253
253
251
253
253
252
254
254
252
254
254
252
254
254
252
254
254
252
254
254
252
254
254
252
254
254
252
254
254
252
254
254
252
254
254
250
252
251
249
252
250
249
252
250
249
252
250
249
252
249
250
252
249
251
252
250
252
253
250
253
253
249
254
253
249
255
254
249
255
254
249
255
255
249
255
253
248
255
252
247
254
252
245
253
251
243
252
250
242
251
249
241
251
249
241
252
250
241
254
252
242
254
252
242
255
251
241
255
250
240
255
251
239
254
251
237
253
250
236
254
249
234
254
249
233
254
250
232
254
250
231
255
251
230
255
251
228
255
251
226
255
251
226
254
251
223
254
250
222
253
250
221
253
249
220
253
249
220
254
250
216
253
249
214
252
248
212
249
246
208
250
247
207
251
247
206
252
248
205
253
249
204
253
249
200
253
248
198
250
246
193
248
245
188
249
246
186
249
246
183
250
247
182
251
247
180
250
248
178
252
248
177
252
248
176
252
248
175
250
248
174
247
249
173
246
249
171
244
247
168
242
245
164
240
245
160
238
244
157
240
246
157
243
249
159
246
252
161
250
255
163
18
28
0
64
75
31
113
125
65
152
163
89
151
157
74
163
162
75
165
160
69
168
160
64
174
165
62
185
178
69
185
179
71
182
177
70
181
178
71
188
187
77
204
202
91
207
206
93
207
204
91
206
199
86
209
199
84
213
204
85
209
201
82
207
199
82
212
204
88
210
202
85
212
204
86
216
207
88
222
211
93
228
216
96
231
217
97
229
213
92
228
212
90
233
215
93
238
217
95
247
225
102
253
231
107
254
233
109
253
227
102
240
212
88
234
206
81
233
205
80
236
208
81
237
212
79
247
222
89
249
224
91
246
221
88
238
213
80
240
215
81
243
218
85
245
220
87
245
220
87
245
220
86
245
220
87
246
221
88
247
222
89
248
223
90
249
224
91
249
224
91
249
224
92
249
224
91
248
224
91
248
223
91
247
225
91
247
227
92
248
227
94
249
228
96
250
229
98
251
231
99
252
232
101
253
232
103
251
232
104
251
233
105
252
233
107
251
234
109
250
234
111
250
233
112
250
234
113
251
235
115
253
237
117
253
238
120
254
240
122
255
240
123
255
241
124
252
244
125
252
243
126
251
242
128
250
241
131
250
240
133
249
240
137
248
240
138
248
240
140
247
240
141
246
240
142
237
232
136
246
244
155
250
249
165
239
233
150
255
250
180
233
224
163
189
176
126
144
128
88
143
125
95
185
165
140
192
170
165
193
170
177
191
168
177
168
145
154
178
154
164
175
151
161
170
144
155
172
146
157
176
149
159
199
171
179
202
173
179
187
157
161
195
163
162
185
151
147
200
165
156
212
177
164
204
168
151
195
157
134
203
164
139
197
158
131
181
145
115
167
149
109
233
218
177
249
237
197
253
245
205
255
253
214
250
250
211
251
252
216
248
251
217
243
249
215
240
248
214
247
252
221
248
253
224
248
253
225
248
252
226
249
251
228
249
250
228
250
250
229
251
249
229
251
248
229
251
248
230
252
249
235
253
251
238
253
251
238
254
252
240
255
253
241
255
253
242
255
253
243
255
253
244
254
252
243
254
252
244
254
252
245
254
252
246
254
252
247
253
251
247
253
251
248
253
251
249
252
251
249
254
252
251
254
252
252
254
253
252
254
253
252
250
252
252
250
252
252
250
252
252
250
252
252
250
252
252
250
252
252
250
252
252
250
252
252
250
252
252
250
252
252
250
252
252
250
252
252
250
252
252
250
252
252
250
252
252
250
252
252
250
252
252
250
252
252
250
252
252
250
252
252
250
252
250
249
252
249
250
252
249
251
252
249
251
252
248
251
252
248
251
252
248
252
253
248
254
254
249
254
254
249
255
255
248
255
255
248
255
254
248
255
254
246
255
253
245
255
253
244
253
251
243
253
251
242
253
250
241
252
250
240
252
250
239
255
252
240
255
252
240
255
251
239
254
251
238
254
251
236
254
250
234
254
250
234
254
250
232
254
250
231
254
250
230
255
251
229
255
251
228
255
251
226
254
251
225
255
252
223
254
251
222
254
250
220
253
250
220
252
249
219
252
250
218
254
251
216
254
251
214
253
250
212
251
248
209
252
248
208
253
249
206
253
250
205
254
250
204
253
250
200
253
249
197
250
247
191
248
245
187
249
246
185
250
246
182
250
247
180
251
247
178
251
247
177
251
248
175
251
248
174
252
248
174
251
248
174
248
247
174
247
248
173
245
246
169
242
244
165
240
243
161
239
243
159
243
246
159
246
249
161
248
251
163
249
252
163
20
30
0
57
68
24
107
118
59
151
161
88
150
154
72
166
164
77
170
163
72
169
159
64
166
157
53
193
184
76
185
178
70
180
174
68
181
176
71
192
189
81
204
202
92
202
199
87
199
194
82
198
190
79
209
198
85
214
203
87
209
198
81
201
192
75
199
190
73
196
187
70
209
199
81
218
206
88
222
209
91
223
209
91
231
216
96
223
207
87
219
202
81
227
208
87
236
215
94
244
222
100
248
225
103
247
224
101
242
215
93
233
206
83
233
206
82
237
210
85
244
216
91
247
222
90
249
224
92
250
225
92
248
223
91
245
220
89
245
220
88
246
221
90
247
222
91
247
222
90
244
219
88
245
220
86
245
220
86
246
221
87
246
221
87
247
222
88
247
222
88
247
222
88
248
223
89
248
223
89
249
224
90
248
226
92
248
229
94
249
229
94
250
230
96
251
230
98
252
232
99
253
233
101
253
233
102
253
233
104
253
234
106
253
234
108
251
233
108
250
234
111
251
234
112
251
236
113
252
237
115
254
238
118
253
239
120
254
240
122
255
241
123
255
242
124
254
246
127
254
245
129
253
243
129
251
242
130
250
240
132
250
240
136
249
240
138
249
241
139
249
241
140
248
242
142
244
238
140
250
247
155
252
250
163
244
238
155
255
251
181
245
236
176
223
210
161
195
178
139
161
142
114
190
169
147
208
185
182
200
176
185
163
138
148
119
95
105
158
133
143
182
156
166
194
168
178
191
163
173
192
165
172
208
179
185
209
180
184
196
166
166
174
142
138
181
149
140
211
178
164
229
196
178
206
172
151
195
161
134
195
162
133
185
151
121
170
138
106
176
163
124
241
233
193
251
244
203
250
245
204
255
253
213
249
250
210
245
249
209
246
252
213
247
254
216
242
250
213
247
254
219
248
254
220
248
253
221
248
252
221
248
250
222
250
250
223
250
250
224
251
250
226
252
250
227
252
250
228
254
250
232
254
251
234
254
251
234
254
252
236
255
253
237
255
253
238
255
253
240
255
253
240
255
254
242
255
253
243
254
253
243
253
251
242
253
251
243
254
251
244
254
251
245
254
251
246
253
251
246
253
251
248
254
251
249
254
251
249
253
251
249
250
251
250
250
251
250
250
251
250
250
251
250
250
251
250
250
251
250
250
252
251
251
252
251
251
252
251
251
252
251
251
252
251
251
252
251
251
252
251
251
252
251
251
252
251
251
252
251
251
252
251
251
252
251
251
252
251
251
252
251
252
253
250
252
253
249
252
253
249
252
253
248
252
253
248
252
253
248
253
254
248
254
254
248
254
254
247
254
254
247
255
254
246
255
254
246
255
254
245
255
253
244
255
253
243
254
253
242
254
252
241
253
251
240
252
250
240
252
249
239
253
250
239
255
253
238
255
252
238
254
251
237
254
251
235
254
250
234
254
250
231
253
249
231
254
250
231
254
251
230
254
251
229
254
250
226
254
250
224
254
250
223
254
250
222
254
251
221
254
251
219
254
251
219
253
251
218
253
250
218
253
251
216
254
252
214
254
251
213
254
250
211
253
248
208
252
249
206
253
249
205
253
249
203
253
249
201
252
248
197
251
248
193
250
246
190
249
245
186
249
245
183
250
246
180
250
246
178
250
246
176
250
246
174
249
246
172
250
246
171
251
247
171
250
246
171
247
244
173
247
245
171
245
243
168
243
241
164
242
240
160
242
242
160
247
247
162
249
248
162
248
247
161
245
245
157
20
29
0
55
64
20
104
113
54
149
157
84
149
151
69
167
162
75
172
163
73
173
161
66
170
159
56
191
180
72
187
177
70
186
178
72
188
182
77
195
190
84
193
188
79
187
182
72
188
180
70
196
185
76
212
198
88
215
200
87
212
198
83
205
193
76
194
181
64
189
175
59
207
194
76
219
205
87
223
207
90
215
199
82
223
206
86
220
202
82
219
200
81
226
207
87
231
210
89
235
212
91
235
211
91
233
209
88
228
203
81
226
202
79
233
207
85
242
215
93
252
225
102
248
222
92
250
224
93
249
224
93
248
222
92
245
219
89
245
220
88
247
222
90
249
224
92
249
224
92
247
222
90
244
219
86
244
219
85
245
219
86
245
220
86
246
221
87
247
223
88
248
224
88
249
224
89
250
225
90
250
226
91
250
228
92
249
230
94
250
230
95
251
231
96
252
231
97
252
232
99
253
234
101
254
234
103
253
234
105
254
234
106
253
234
107
251
233
107
250
235
110
251
235
111
251
235
113
252
237
115
253
238
117
252
238
118
253
239
119
254
240
120
254
241
121
254
245
126
253
243
128
252
242
129
252
241
130
250
240
132
251
240
136
250
241
137
249
241
138
249
242
139
247
242
140
245
239
141
245
241
146
244
240
151
241
235
152
255
253
184
251
241
184
250
236
190
240
223
188
185
163
137
180
157
137
193
168
167
190
163
173
160
134
144
113
87
96
138
111
120
177
149
158
212
183
191
213
183
189
190
161
165
175
146
147
171
142
140
176
147
142
162
131
122
174
144
130
200
170
151
219
190
166
211
182
155
211
182
150
197
169
135
187
159
124
186
160
124
225
217
176
250
248
210
248
245
205
246
242
201
254
255
213
254
254
216
245
248
208
242
249
206
244
252
210
248
254
214
249
255
215
248
254
216
249
253
217
250
252
217
250
251
218
251
250
219
252
250
221
252
250
222
253
250
223
253
250
224
253
251
227
254
251
229
254
251
229
254
251
231
255
252
232
255
252
233
255
253
235
255
254
235
255
253
237
255
252
238
255
252
239
254
252
239
253
251
240
254
252
241
254
251
242
254
251
243
254
251
244
254
251
245
254
251
246
254
251
246
254
251
247
251
251
246
251
252
247
251
252
247
252
252
247
252
253
248
252
253
248
253
253
249
253
254
249
253
254
249
254
254
249
254
254
249
254
254
249
253
254
249
253
254
249
253
254
249
253
254
249
253
254
249
253
254
249
253
254
249
253
254
249
253
254
249
253
254
249
253
254
249
254
254
248
254
254
248
254
254
248
254
254
247
254
254
247
254
255
247
255
255
246
254
254
245
254
252
243
254
252
243
254
252
241
253
251
240
252
250
240
252
250
239
253
249
238
252
248
237
252
249
237
253
250
236
255
253
236
255
253
236
255
252
235
254
251
233
254
250
231
253
249
230
253
249
230
254
250
228
255
251
228
255
251
227
253
249
222
253
249
221
253
249
220
253
250
219
254
251
219
254
251
218
254
252
217
255
252
217
255
251
217
255
253
216
254
251
212
253
249
210
253
248
208
251
247
206
251
247
204
252
248
202
253
249
201
252
248
199
251
247
195
251
247
191
250
246
188
250
246
185
250
246
182
250
246
179
250
246
177
250
246
174
249
246
172
250
245
170
250
245
169
249
245
167
248
244
167
247
241
169
248
242
168
246
241
165
244
239
162
244
238
158
245
240
157
247
243
158
248
243
157
247
242
155
243
239
150
22
28
0
56
62
19
106
113
54
154
159
86
154
153
72
166
159
72
173
162
72
176
164
68
177
164
61
192
181
73
187
175
69
183
172
67
181
173
69
192
183
79
199
192
84
192
184
76
188
177
70
190
176
70
214
197
89
234
216
105
225
207
94
206
189
74
189
171
56
184
166
51
209
192
75
225
207
90
228
210
93
213
195
78
219
200
82
219
199
81
223
202
83
235
214
95
230
208
89
227
206
85
228
206
85
232
208
88
237
213
92
240
216
95
240
216
96
241
216
96
241
216
95
248
222
92
249
223
93
248
223
93
246
220
90
242
216
86
242
216
85
243
218
87
245
220
88
245
221
88
244
219
87
242
217
84
243
218
84
243
218
84
244
219
85
246
221
86
247
223
87
249
225
88
250
226
90
251
227
91
252
228
91
249
228
91
247
228
91
248
229
92
249
229
94
250
230
96
251
232
97
251
232
100
253
234
101
252
234
103
252
234
104
252
234
105
251
234
107
250
235
109
251
235
111
251
235
113
251
236
114
252
237
115
251
237
117
252
238
118
253
238
119
253
239
119
252
242
125
252
241
127
252
241
127
251
240
129
251
240
132
250
240
133
249
240
135
249
241
137
248
241
138
247
242
139
244
239
140
245
240
145
246
240
150
245
237
154
255
245
178
244
232
175
247
233
188
246
230
197
197
174
151
227
202
185
239
217
216
227
204
213
189
160
169
154
126
134
167
137
145
182
152
159
188
157
162
157
126
128
168
139
136
179
150
145
181
153
145
175
147
136
169
140
124
190
163
142
207
182
156
212
187
157
189
167
133
175
153
115
176
155
114
203
184
142
244
229
186
251
245
204
254
253
212
246
244
202
242
240
197
251
252
208
255
255
214
245
249
205
243
249
203
245
252
206
249
255
211
250
255
211
249
254
211
250
253
212
251
252
213
251
252
214
251
251
215
252
251
217
253
251
218
254
251
220
254
251
220
253
250
222
253
250
223
254
251
224
254
251
224
253
252
226
254
252
228
254
252
229
255
253
230
255
252
232
254
253
233
254
252
234
254
252
235
254
252
238
255
252
238
254
252
240
253
251
240
254
252
241
254
252
242
254
252
243
254
252
243
254
252
243
253
251
243
253
251
243
253
252
244
254
252
244
254
252
245
254
253
245
255
254
246
255
254
246
255
254
247
255
255
247
255
255
248
255
255
248
255
255
248
254
255
248
254
255
248
254
255
248
254
255
248
254
255
248
254
255
248
254
255
248
254
255
247
254
255
247
254
255
247
255
255
247
255
255
247
255
255
247
255
255
247
255
254
246
255
255
245
255
255
245
254
253
243
253
251
241
253
251
240
253
251
240
252
250
239
252
250
238
253
250
236
253
250
236
253
250
236
252
249
236
252
250
235
255
253
235
255
252
233
255
251
233
254
251
231
254
251
230
253
250
229
254
251
228
255
251
227
255
251
226
255
252
224
254
250
221
254
250
220
254
251
219
254
251
218
255
251
216
255
251
216
255
251
215
255
252
214
255
252
214
255
252
214
254
250
210
253
249
208
252
248
206
250
247
203
251
247
202
252
248
201
253
249
200
253
249
199
252
249
194
252
248
191
253
249
190
254
251
189
254
251
186
254
251
182
253
250
180
253
249
176
252
247
172
250
246
168
248
244
167
247
243
165
247
242
163
249
239
162
250
242
163
249
241
160
247
239
157
246
237
153
246
239
151
248
240
151
247
239
148
245
237
145
242
232
141
22
26
0
56
60
18
111
115
56
162
165
92
161
158
77
164
155
69
171
158
68
176
161
66
179
164
62
191
178
70
186
173
66
177
164
60
171
159
57
178
167
64
197
186
80
200
188
82
202
188
83
204
187
84
219
199
92
228
208
98
215
194
81
196
175
60
181
160
45
181
161
44
207
188
71
223
203
86
226
206
89
211
191
74
215
194
78
214
193
75
216
194
75
224
202
83
222
200
81
221
199
80
223
201
82
226
205
85
233
212
91
237
215
94
235
214
93
233
211
91
230
209
87
245
218
90
246
219
91
246
219
91
245
218
90
242
216
86
241
215
85
243
217
87
245
220
89
246
221
89
244
219
87
242
217
84
242
217
83
243
218
84
244
220
84
246
222
86
247
223
87
249
225
88
250
227
88
251
228
89
252
229
90
248
227
89
245
226
89
245
226
89
246
227
90
248
228
92
248
229
93
248
229
95
250
231
98
249
231
100
250
231
101
250
232
103
251
234
107
249
234
108
250
234
110
250
234
112
250
235
112
251
236
114
250
237
115
251
237
116
251
237
117
251
237
118
250
240
123
250
239
125
250
239
126
250
239
128
251
239
131
250
240
133
249
240
135
249
240
136
249
240
136
248
241
138
247
241
141
245
238
143
236
229
139
219
211
128
224
213
145
234
221
164
242
225
181
234
214
181
171
148
126
215
189
174
233
204
203
221
190
197
178
147
154
186
154
159
210
178
182
210
179
181
191
160
160
147
116
113
170
140
134
175
146
136
176
147
134
174
147
129
190
166
142
198
176
147
190
170
136
176
158
120
160
144
102
189
173
128
202
187
140
226
218
170
254
253
206
249
243
200
252
249
205
249
248
204
247
247
202
248
250
204
254
255
209
247
252
204
246
253
204
248
254
205
246
252
203
250
254
205
250
253
206
250
252
207
250
251
207
250
251
209
251
251
211
251
251
212
252
251
214
253
251
216
253
251
216
252
250
218
252
250
219
253
251
220
253
251
220
254
252
222
254
252
223
254
252
224
253
252
224
254
253
227
254
252
228
254
252
230
255
253
232
254
253
233
254
252
234
254
251
235
254
251
237
255
252
238
253
252
238
253
251
239
253
251
240
254
252
241
253
251
241
253
251
241
253
252
242
254
252
242
254
252
242
255
253
243
255
253
243
255
253
243
255
254
244
255
254
244
255
255
245
255
255
245
255
255
245
255
255
245
255
255
245
255
255
245
255
255
245
255
255
245
255
255
245
255
255
245
254
255
246
254
255
246
254
255
246
254
255
246
254
255
246
254
255
245
255
255
245
255
254
244
255
254
244
255
255
243
254
253
242
253
251
240
253
251
240
253
252
238
253
251
237
254
251
237
254
251
237
254
251
237
254
251
237
254
251
237
254
251
236
255
253
234
255
252
233
254
251
231
253
251
230
253
250
229
252
250
226
253
250
225
254
250
224
254
251
223
254
252
222
255
253
222
255
253
222
255
253
221
255
253
218
255
251
216
254
251
213
253
250
212
253
250
211
252
250
210
251
249
209
253
250
209
253
249
207
252
248
205
253
247
204
253
248
203
253
249
202
254
250
201
255
251
200
253
250
195
254
250
192
254
250
189
255
250
187
255
251
186
255
251
182
255
252
179
254
251
176
254
249
173
251
247
169
248
245
166
248
243
164
249
243
162
252
242
155
253
243
156
252
241
153
250
239
149
248
237
145
248
236
142
249
238
141
248
236
137
245
233
133
241
229
128
24
25
0
55
58
15
110
112
54
164
164
93
165
160
79
164
152
66
171
155
66
177
159
65
179
161
59
178
161
55
180
164
60
175
160
57
168
153
52
166
152
50
176
163
59
192
177
74
208
191
88
222
203
100
212
190
85
185
162
54
184
159
47
187
161
47
182
158
43
185
161
45
203
179
63
213
189
74
215
192
76
210
187
71
217
193
78
211
188
72
206
183
67
206
183
65
212
191
72
215
194
75
216
196
77
217
197
77
219
198
79
226
207
87
233
214
94
238
219
100
242
222
103
237
210
82
239
212
84
241
213
86
241
214
86
240
213
85
241
215
85
243
217
87
244
219
88
245
219
87
242
217
85
243
218
85
244
219
85
244
220
85
245
221
85
246
222
86
247
224
86
248
225
86
249
226
87
250
227
88
250
227
88
246
225
87
243
224
87
244
225
88
245
226
89
246
226
90
246
227
92
247
228
93
248
229
96
247
229
98
248
229
99
249
230
102
251
234
107
249
234
108
249
235
108
249
234
110
249
234
111
250
235
113
249
236
114
249
236
115
250
236
115
250
236
116
248
238
121
248
238
123
250
238
125
251
239
128
251
239
131
250
240
133
251
240
135
250
240
136
248
240
136
247
240
136
251
248
145
248
243
146
247
240
149
250
243
160
252
249
181
239
228
172
204
187
143
160
139
107
134
109
89
206
180
167
221
190
189
211
176
183
181
147
152
162
129
133
173
140
142
179
146
145
182
148
144
182
149
142
188
158
146
164
135
120
155
127
108
162
136
113
162
140
112
152
132
98
158
141
101
174
160
116
200
188
141
250
243
192
252
247
193
251
247
192
251
247
192
249
243
200
247
244
200
251
250
206
253
254
209
249
251
202
251
254
204
247
252
201
248
253
201
250
254
202
243
249
195
248
252
200
249
252
201
250
252
202
251
251
202
251
251
204
252
251
206
252
251
208
253
251
210
254
252
211
255
253
212
253
252
214
252
252
215
252
252
216
253
252
217
253
252
218
253
252
219
254
252
221
255
253
223
254
253
224
254
253
226
254
253
227
255
253
229
255
252
230
254
252
231
254
252
233
254
252
234
254
251
235
254
251
235
254
251
237
255
252
237
255
252
238
255
251
239
255
251
239
255
251
239
255
251
239
254
251
239
254
251
239
253
250
239
252
250
238
252
250
238
252
250
238
255
253
241
255
253
241
255
253
241
255
253
241
255
253
241
255
253
241
255
253
241
255
253
241
255
253
241
255
253
241
253
253
243
252
253
243
252
253
243
252
253
243
252
253
243
253
253
243
254
253
243
254
253
243
254
254
242
254
253
242
253
251
240
251
250
238
251
250
236
253
250
236
253
250
236
253
250
236
254
251
236
254
251
236
254
251
236
255
251
236
255
251
235
255
253
232
255
252
231
254
251
230
254
251
228
253
251
227
254
250
226
254
250
225
254
251
223
254
251
222
255
251
222
255
254
222
255
254
220
255
253
219
255
253
217
255
252
214
253
250
212
252
250
211
251
249
209
251
248
208
252
248
207
253
250
207
253
249
206
252
248
204
252
247
202
253
249
201
253
249
201
254
250
200
255
251
198
255
251
195
254
250
192
252
247
186
250
245
181
251
247
179
252
248
178
254
248
176
254
248
174
253
248
172
251
247
168
249
245
166
248
244
164
249
243
158
255
243
147
255
243
146
253
240
142
250
237
136
246
234
131
245
232
127
246
233
126
244
231
123
242
228
119
239
225
115
30
29
2
56
57
14
109
110
51
164
163
91
168
161
81
170
156
71
178
160
71
182
163
68
180
160
59
167
148
43
173
155
51
169
153
50
163
148
47
166
152
50
180
165
62
190
173
71
198
180
77
203
183
80
192
169
64
171
147
40
172
147
35
180
153
38
186
159
44
187
161
45
193
167
51
196
171
55
198
173
57
205
180
64
215
191
75
206
183
67
201
178
62
208
185
69
206
186
68
206
186
67
209
189
70
216
196
77
228
209
90
240
223
103
243
226
106
241
224
104
237
220
99
245
218
90
247
221
93
248
223
95
249
223
95
248
221
93
248
222
92
248
222
92
247
222
91
245
220
88
241
216
84
244
219
85
245
220
86
245
221
86
246
222
86
247
223
87
247
223
85
247
224
85
248
225
86
248
225
86
249
226
87
246
225
86
243
225
86
244
225
88
245
226
89
246
227
91
247
227
92
247
228
94
248
229
96
248
230
98
248
229
100
249
230
102
250
233
105
248
233
106
249
234
107
249
234
109
249
234
111
250
235
113
248
235
113
248
235
113
249
235
114
249
235
115
246
236
120
247
236
122
249
237
124
250
238
127
251
239
130
251
239
133
251
240
133
250
240
134
248
239
135
246
240
135
245
240
138
243
237
139
244
238
146
250
243
160
207
196
129
168
153
98
136
117
75
120
98
68
149
124
104
164
138
125
169
138
136
169
134
139
163
128
132
143
109
110
174
139
139
187
152
150
185
150
145
160
127
118
145
113
100
159
129
112
172
144
122
179
154
127
172
152
118
169
152
113
198
184
141
229
219
171
243
235
184
247
243
187
247
245
188
248
248
190
251
251
193
254
251
208
242
238
194
247
246
200
252
252
205
248
248
199
250
253
202
243
248
195
245
250
196
248
254
199
246
251
195
248
252
197
249
252
198
250
252
199
250
250
200
252
250
201
253
250
203
253
251
205
254
251
207
254
251
209
254
252
211
253
252
213
253
252
213
253
252
213
254
253
215
253
253
216
253
253
217
254
253
219
255
253
221
255
254
223
254
254
224
254
253
225
254
253
226
254
252
228
254
252
230
254
252
231
254
252
232
253
251
233
253
251
233
254
251
235
254
251
235
254
251
236
255
251
238
254
250
237
254
250
237
254
250
236
253
249
235
253
249
235
252
248
234
251
248
233
250
247
233
250
247
233
255
252
238
255
253
238
255
253
238
255
253
238
255
253
238
255
253
238
254
253
238
254
253
238
254
253
238
254
253
238
252
252
240
250
251
241
250
251
241
250
251
241
252
251
241
253
251
241
253
251
241
253
252
241
253
253
240
253
252
240
252
250
238
249
248
235
250
248
234
251
248
235
251
248
234
252
249
234
252
249
234
253
249
234
254
249
234
254
249
234
255
250
234
255
253
232
255
252
231
254
252
229
254
252
228
254
251
227
254
250
225
254
251
223
254
251
222
254
252
222
255
252
221
255
253
220
254
252
218
254
252
217
255
252
216
255
251
213
253
251
211
252
251
210
253
250
209
253
249
208
253
249
208
252
249
205
252
247
204
252
246
203
250
245
200
251
247
199
252
248
199
253
249
198
253
250
196
255
250
193
253
249
190
252
249
188
253
249
186
254
250
183
254
252
181
255
251
179
254
250
175
253
249
171
249
245
166
246
242
162
244
240
160
246
240
154
255
243
140
255
241
138
251
238
133
247
234
127
242
229
119
240
227
116
242
228
115
241
227
112
239
225
109
237
222
104
34
28
2
59
52
15
112
103
54
167
155
96
177
158
88
180
157
76
183
157
69
183
155
60
177
147
46
167
139
33
173
146
40
173
147
42
171
147
42
172
149
45
175
153
49
189
166
63
190
164
62
176
149
47
170
141
38
178
147
42
176
143
36
175
142
32
186
152
42
190
156
45
192
158
47
190
157
45
188
156
42
208
176
61
211
179
64
210
179
63
211
181
63
215
186
68
204
178
59
202
177
58
208
185
64
219
197
77
235
215
95
243
225
104
241
224
103
237
220
100
234
217
96
245
222
96
248
225
98
249
227
101
251
228
102
251
227
100
250
226
98
249
225
96
247
223
93
245
220
90
243
217
87
245
218
86
246
219
86
246
220
86
247
220
85
248
221
86
249
223
85
250
224
85
252
225
86
252
226
87
252
227
88
248
227
87
244
227
86
245
226
87
246
227
88
246
228
89
247
229
91
248
230
94
248
230
96
248
230
98
248
229
100
249
231
102
251
234
106
247
230
104
248
232
107
250
233
110
251
233
111
249
231
110
251
233
113
252
236
116
252
235
117
251
234
116
251
243
125
249
237
121
247
234
119
246
234
119
249
238
123
253
247
137
251
242
133
244
234
127
237
227
124
244
235
136
245
235
143
249
240
156
248
238
162
237
222
156
130
112
62
120
99
60
128
104
76
153
127
110
210
181
173
155
125
122
157
121
131
157
117
134
145
106
120
159
122
129
166
131
130
174
141
134
175
144
130
154
126
103
137
111
79
175
153
113
203
183
138
214
197
147
233
220
164
239
228
171
248
241
183
253
248
190
245
239
181
252
249
190
253
251
196
251
249
195
249
247
191
251
252
197
246
246
189
249
249
192
251
251
194
247
248
192
248
251
193
248
250
192
250
252
195
252
253
198
250
252
196
250
250
197
251
250
198
251
250
199
253
250
201
253
250
203
254
251
205
254
251
207
254
252
210
255
253
211
254
253
213
253
253
212
252
253
212
252
253
212
253
252
213
252
253
213
252
253
214
252
253
215
253
253
216
253
252
218
253
252
219
253
252
220
253
253
222
253
253
223
253
252
224
253
252
226
253
252
227
252
252
227
252
252
228
253
253
229
253
253
229
253
253
229
255
252
232
255
252
232
255
251
232
255
251
232
254
251
231
254
250
231
253
250
231
252
250
230
252
250
230
252
250
230
254
252
234
254
252
234
254
252
234
254
252
234
254
252
234
254
252
234
253
252
234
253
252
234
253
252
234
253
252
234
251
252
235
251
251
236
251
251
236
251
251
236
252
251
236
252
251
236
252
252
235
252
252
235
252
252
235
253
252
235
253
251
233
252
250
231
253
250
231
252
250
231
252
250
230
252
249
229
253
249
229
253
248
228
253
248
228
253
248
228
253
249
228
253
251
228
253
251
228
253
251
227
254
252
227
254
251
226
254
251
224
254
252
223
254
252
222
254
252
221
254
252
219
253
251
215
253
251
214
253
252
213
254
252
212
253
251
210
252
251
209
252
251
207
252
251
206
253
250
205
252
249
204
253
250
201
253
250
199
253
249
200
252
249
199
249
248
199
248
247
198
247
247
197
246
246
197
248
248
197
249
250
196
250
252
195
252
254
193
252
254
188
251
253
181
252
252
174
252
251
168
253
250
162
250
246
153
248
244
147
246
242
143
247
240
137
255
241
125
254
239
123
252
236
119
250
233
115
247
230
111
246
227
108
245
227
105
244
226
104
243
224
102
242
221
99
35
25
0
56
43
10
103
87
46
154
133
83
159
133
70
164
134
57
168
135
48
170
134
39
169
131
29
172
136
29
171
138
29
169
138
29
168
138
31
170
141
37
163
133
29
176
147
43
177
147
44
165
134
31
169
136
33
176
142
38
186
149
45
193
153
49
188
148
42
189
150
43
194
155
47
194
155
45
192
154
42
205
168
54
199
162
46
207
170
53
214
179
60
214
180
60
207
176
55
209
180
59
216
190
68
225
201
79
232
209
88
229
208
87
226
207
86
226
208
87
228
211
90
242
221
96
245
223
99
248
226
100
249
227
101
249
227
101
247
225
97
245
222
93
243
219
90
242
217
87
243
217
86
245
217
86
245
218
85
246
218
84
247
218
83
249
219
84
250
221
84
252
222
84
254
223
86
255
226
87
255
227
88
248
227
86
244
226
84
244
226
85
245
227
86
246
227
88
246
228
90
246
229
92
247
229
93
247
229
96
247
229
98
249
231
101
252
234
106
247
228
102
249
230
106
252
231
109
253
232
110
249
228
107
253
231
111
254
233
115
254
232
115
250
228
112
237
225
111
250
242
127
252
243
128
246
235
121
233
221
107
248
239
130
241
231
124
240
229
126
242
231
133
234
222
132
248
242
162
242
231
162
220
204
145
182
162
113
101
76
43
117
91
67
143
115
101
178
148
142
228
196
197
194
160
166
193
154
171
183
140
164
158
115
134
176
137
146
168
133
131
163
131
119
156
128
105
136
113
76
166
146
97
213
199
141
242
231
165
247
237
167
247
239
165
249
243
170
251
247
176
251
247
180
244
240
175
250
246
186
251
247
192
250
247
193
248
245
191
249
250
184
252
253
187
252
253
188
251
252
188
249
250
186
249
250
188
251
251
191
252
252
193
252
251
194
251
250
194
250
248
195
251
248
197
251
247
199
253
248
201
253
248
204
254
249
206
255
251
208
255
252
210
255
252
212
255
253
213
253
253
212
252
253
211
252
253
211
252
253
211
252
252
212
251
252
212
251
252
212
251
252
213
251
251
213
251
251
214
251
252
216
252
254
218
252
253
219
252
253
221
252
253
221
252
253
222
252
253
223
251
253
223
252
254
224
252
254
224
252
254
225
255
253
229
255
253
229
255
253
229
255
253
229
255
253
229
255
253
229
255
253
229
255
253
229
255
253
229
255
253
229
254
252
229
253
252
229
252
252
229
252
252
229
252
252
229
252
252
229
251
252
229
250
253
229
250
253
229
250
253
229
251
252
231
251
252
232
251
252
232
251
253
231
252
252
231
253
252
231
253
252
231
253
252
231
253
252
231
254
252
230
255
253
229
255
253
229
255
253
229
254
252
228
254
252
227
254
251
226
255
251
225
254
250
225
253
249
224
253
249
224
252
249
224
250
249
223
251
250
225
252
251
225
253
251
225
254
251
224
254
252
222
254
252
222
254
252
220
253
252
218
253
251
216
252
251
213
251
251
212
252
251
211
253
251
210
252
251
207
251
251
206
252
251
204
252
251
203
252
250
202
251
250
201
253
251
196
254
252
195
254
253
197
252
252
198
248
250
198
245
247
197
243
246
197
242
245
197
244
247
199
246
251
201
248
253
199
249
255
196
249
253
188
248
251
176
248
249
167
248
248
159
248
246
150
248
244
139
247
242
131
245
240
126
246
238
121
255
236
112
254
235
110
254
233
108
253
231
106
251
229
104
248
226
101
246
224
99
246
223
98
245
222
98
245
221
97
39
28
1
52
40
6
90
75
34
133
114
63
134
109
45
142
112
35
152
119
32
159
125
29
164
128
25
174
138
30
169
135
27
162
131
23
159
130
22
171
142
37
167
140
36
168
140
35
168
139
35
168
138
34
185
152
48
175
142
38
185
150
45
194
157
51
187
148
42
198
160
52
196
159
49
198
160
50
202
164
52
204
167
52
204
168
50
210
175
56
213
178
58
206
172
52
207
176
53
213
184
61
219
192
69
223
197
76
222
199
77
216
194
72
216
194
73
218
198
77
224
205
84
244
222
96
246
224
98
247
225
99
247
225
99
247
224
98
245
223
94
243
219
91
241
217
88
240
216
86
241
216
84
243
217
83
244
217
83
245
217
83
246
217
82
248
218
83
249
219
82
250
220
82
252
220
83
253
222
83
254
223
84
248
224
84
244
224
83
244
224
83
243
225
84
244
225
86
245
226
87
246
227
89
246
228
91
247
228
93
247
228
95
247
229
97
248
230
100
244
225
97
249
230
103
252
232
107
253
233
109
249
228
106
252
231
110
254
233
114
254
233
114
251
230
112
246
232
125
226
214
106
237
224
118
248
234
130
237
222
120
253
241
143
222
208
114
196
181
92
182
165
83
190
174
99
213
198
132
188
169
112
148
127
78
106
84
44
100
75
48
128
102
82
164
136
124
196
166
162
195
163
164
179
147
150
172
135
146
165
125
139
159
119
129
172
135
137
165
132
123
160
130
112
160
133
104
168
144
103
220
200
145
243
228
165
254
244
175
254
248
174
243
235
158
240
234
159
244
239
165
247
244
172
246
243
176
249
246
185
250
246
187
248
244
188
245
242
186
248
249
181
249
249
182
249
250
183
250
251
185
251
252
186
250
250
186
249
248
186
249
248
187
250
249
189
252
251
193
249
248
192
249
247
193
249
247
195
250
246
197
251
247
199
253
248
201
254
249
203
254
249
205
255
251
207
255
251
208
252
251
208
250
251
208
250
251
208
250
251
209
250
251
209
250
251
209
250
251
209
250
250
210
249
250
210
249
250
211
251
251
214
253
253
217
253
253
217
251
252
218
252
253
219
252
253
220
252
253
221
252
254
222
253
254
222
253
253
223
253
253
224
255
252
227
255
252
227
255
252
227
255
252
227
255
252
227
255
252
227
255
252
227
255
253
227
254
253
227
254
252
228
254
252
228
254
252
228
253
252
228
252
252
228
252
252
228
252
252
228
252
252
228
252
252
228
252
252
228
252
252
228
252
252
230
252
252
231
252
252
231
252
252
231
253
252
231
253
252
231
253
252
230
253
253
229
255
253
229
255
253
229
255
253
228
255
254
228
255
254
228
255
252
227
255
252
227
255
252
227
255
251
226
254
251
223
254
251
223
253
250
223
252
249
222
249
248
222
249
248
221
251
249
221
252
250
221
253
251
221
253
251
221
252
250
220
252
250
218
252
250
216
252
251
213
250
250
210
251
250
210
252
250
208
251
250
206
251
251
205
252
251
204
253
251
203
253
251
203
253
252
202
253
252
202
251
250
194
250
250
193
250
250
195
250
250
196
247
249
197
245
248
197
243
247
197
243
247
198
245
249
199
247
251
200
249
253
198
250
254
193
249
252
184
247
248
172
246
246
162
245
244
152
244
241
143
244
239
132
243
236
124
241
233
118
243
232
113
252
231
106
251
229
104
249
227
102
248
226
101
246
224
99
244
222
97
243
220
95
243
219
95
242
218
94
241
217
93
36
28
0
49
38
4
87
73
31
130
112
61
134
109
45
144
115
36
154
122
34
162
127
30
164
129
25
169
136
27
170
140
29
168
139
29
168
139
31
177
151
43
185
159
53
184
158
52
181
154
49
178
149
44
184
155
47
186
155
48
189
155
48
195
159
52
209
173
66
237
201
93
211
175
64
197
161
48
195
159
44
194
157
41
200
164
46
198
163
44
198
163
42
202
168
45
204
171
48
208
176
53
211
182
58
214
186
62
213
186
65
213
189
67
220
197
75
229
206
84
238
216
93
235
213
87
237
215
89
239
217
90
241
219
90
242
220
91
240
218
89
240
217
87
240
216
85
241
216
84
241
216
84
244
217
84
246
218
83
247
218
83
247
218
83
248
219
81
249
220
82
250
219
82
251
219
82
252
221
82
252
221
82
249
222
82
245
223
83
244
224
83
245
225
84
245
225
85
246
226
85
247
227
86
246
227
88
247
228
89
247
229
91
247
228
92
246
227
92
243
223
92
248
228
99
251
232
104
253
234
107
250
230
105
254
233
110
255
237
115
255
237
117
252
233
114
228
212
116
248
233
139
246
230
139
236
220
131
227
210
124
223
206
127
191
174
100
172
153
86
160
139
78
110
88
36
85
62
16
83
59
20
88
63
31
95
70
44
102
74
57
113
84
73
141
112
105
171
141
137
164
134
133
180
149
149
181
146
148
170
134
134
149
114
110
166
134
121
137
108
86
138
112
80
169
144
104
245
224
173
254
243
181
248
237
168
244
233
159
243
233
155
229
222
142
223
217
138
239
234
157
253
249
175
246
242
171
255
253
188
248
246
183
245
243
182
246
245
184
247
249
179
245
247
177
246
248
179
248
249
181
251
252
184
248
249
183
244
245
180
244
243
181
246
245
184
252
251
191
249
247
189
249
246
190
249
246
192
250
246
193
251
247
196
252
248
198
252
248
199
253
249
200
254
250
202
255
251
203
252
251
204
251
251
205
251
251
205
251
250
206
251
250
206
250
250
206
249
250
207
249
250
208
249
250
208
249
249
209
250
251
211
252
253
214
252
253
214
252
252
216
252
252
216
252
253
217
251
252
218
251
252
218
252
253
219
252
253
220
252
253
221
255
252
224
255
252
224
255
252
224
255
252
224
255
252
224
255
252
224
255
252
224
255
252
224
254
252
224
253
252
226
255
254
228
255
254
228
255
254
228
255
254
228
253
254
228
253
254
228
253
253
229
253
253
229
253
253
229
253
253
229
253
253
229
253
253
229
253
253
229
253
253
229
253
253
229
253
253
229
253
253
228
254
253
227
254
253
227
254
253
227
254
253
227
254
253
227
255
253
225
255
253
225
255
252
224
255
252
224
255
252
224
255
251
223
255
251
222
254
250
221
253
249
220
249
247
217
250
248
218
251
249
219
251
249
219
251
249
218
251
250
216
252
250
216
251
249
215
251
249
213
250
249
211
250
248
207
250
249
206
250
249
204
250
250
204
252
249
204
252
250
202
252
251
202
253
252
202
253
252
202
253
252
202
249
250
193
246
249
191
245
248
192
246
249
194
244
248
196
244
249
197
245
249
198
245
250
199
247
251
199
249
252
197
250
253
194
250
252
189
250
250
180
247
246
167
245
243
157
245
240
147
245
239
139
246
236
129
244
234
121
243
231
116
244
229
111
249
227
101
248
226
100
247
224
99
245
223
97
244
222
96
243
220
94
242
219
93
241
218
92
241
218
92
241
218
92
30
22
0
44
34
1
83
71
28
127
111
58
131
109
43
143
115
35
153
122
32
159
126
28
160
128
22
167
134
23
166
135
24
171
143
31
177
151
39
178
153
42
202
179
69
212
188
79
207
181
72
187
160
51
170
142
32
202
173
63
208
176
67
205
173
63
206
173
64
222
188
77
200
166
54
190
155
41
191
156
39
191
155
37
195
160
40
197
162
40
200
165
42
204
169
45
207
172
47
210
177
51
213
181
56
216
186
61
219
190
66
221
194
70
226
198
76
230
203
81
234
209
86
236
213
84
238
216
86
241
218
89
243
221
91
245
221
91
244
219
89
242
218
86
241
217
85
241
216
83
242
215
81
244
217
83
246
218
83
248
219
83
248
219
83
250
221
83
250
221
83
250
221
82
251
221
82
251
220
81
251
220
81
249
222
82
247
223
83
247
224
83
248
225
84
249
226
84
249
227
85
250
228
86
249
229
86
250
230
88
249
229
89
248
229
90
247
228
90
244
225
89
248
230
97
250
232
101
249
231
102
242
225
99
244
227
104
249
231
110
251
232
112
248
229
113
234
217
140
238
220
145
228
210
139
207
189
122
175
155
93
136
114
62
158
135
89
162
137
98
150
123
90
140
112
87
155
126
106
144
115
100
129
99
88
117
86
79
82
53
48
112
83
78
139
110
105
159
130
126
162
134
129
171
143
138
186
157
143
189
159
138
176
148
124
182
155
124
176
151
112
179
156
110
197
177
123
251
234
170
255
247
174
245
236
157
241
232
148
242
235
149
237
231
145
220
216
131
236
234
152
248
247
169
229
226
150
253
252
182
244
243
175
245
244
178
253
252
186
246
247
174
247
249
175
248
249
176
247
249
176
245
247
176
241
243
172
240
241
171
241
242
174
245
245
178
250
249
184
249
248
186
250
249
187
250
249
188
250
248
189
251
248
192
252
248
193
253
249
194
253
249
195
254
250
196
255
251
198
252
250
199
250
249
200
249
249
200
249
249
200
249
249
201
249
249
202
249
249
202
249
248
203
249
248
203
248
248
204
249
249
207
251
251
209
251
251
210
251
251
211
251
251
212
251
251
213
251
251
214
252
252
215
252
252
215
251
252
215
252
252
216
254
251
219
254
251
219
254
250
219
254
250
220
254
250
220
254
250
220
253
251
220
253
251
220
253
250
221
253
250
221
255
254
226
255
255
226
255
255
226
255
255
226
255
255
228
255
255
228
255
255
228
254
255
228
254
255
228
254
255
228
253
254
227
253
253
227
253
253
227
252
253
226
253
253
225
253
252
225
253
252
224
253
251
223
252
251
222
253
251
222
253
251
222
253
251
222
254
251
221
254
251
221
254
251
221
254
251
221
254
251
220
254
251
219
254
251
219
254
251
219
253
250
218
248
246
214
249
247
215
250
248
215
250
249
214
251
249
214
251
249
213
251
250
212
251
250
210
250
250
209
251
249
207
249
248
204
249
249
203
250
249
202
251
249
202
252
250
201
252
250
200
253
251
200
253
251
199
253
251
199
253
251
199
246
248
193
243
247
191
243
247
191
243
248
192
243
249
193
245
250
195
246
252
196
247
253
197
247
253
195
250
253
192
251
252
188
251
251
182
250
248
173
248
244
160
248
241
151
248
240
143
250
239
136
251
237
128
251
235
122
251
234
118
251
232
113
250
228
101
248
227
100
248
225
98
246
223
97
245
222
95
244
220
93
242
219
92
243
218
92
243
218
92
243
218
91
33
26
0
46
38
3
85
74
30
129
114
59
132
110
43
141
114
32
151
121
29
159
127
27
164
132
24
175
143
30
183
153
40
193
165
51
202
176
62
205
181
68
239
216
105
244
222
111
235
211
100
214
189
77
192
164
52
226
198
86
234
205
93
226
195
83
203
170
59
194
163
49
194
161
46
196
162
46
200
166
47
201
166
46
196
161
39
204
169
44
209
174
49
206
170
45
211
176
48
216
182
54
220
186
60
223
190
65
226
194
68
225
194
69
224
194
70
223
194
70
223
195
70
241
217
86
244
220
89
248
224
93
251
226
95
251
227
96
250
225
92
247
222
89
244
219
86
242
216
82
241
214
79
243
216
81
245
217
81
246
218
81
247
219
81
249
220
82
250
220
82
250
220
82
250
220
81
250
219
80
250
219
80
248
221
81
247
222
82
247
222
82
248
224
82
249
225
82
250
226
83
250
228
83
251
229
83
251
229
86
251
230
86
250
230
88
250
231
90
245
227
90
249
230
97
249
230
101
246
228
101
238
220
97
239
221
102
244
227
110
246
229
113
244
227
117
236
218
157
200
182
125
161
142
88
136
116
68
147
125
84
128
102
73
138
109
88
139
109
95
134
102
93
126
94
93
163
130
131
159
125
129
143
110
115
127
94
99
97
67
68
131
101
100
140
111
107
137
108
102
141
114
105
144
118
108
154
129
101
167
143
103
182
159
116
185
163
115
224
204
149
239
220
159
242
226
158
248
234
158
254
250
167
248
241
153
246
239
148
250
245
152
243
238
145
228
225
134
235
233
145
240
238
153
223
222
140
247
245
170
245
244
171
248
247
175
252
251
180
243
245
168
250
251
174
250
251
176
247
248
173
240
240
165
234
234
162
239
238
166
244
243
172
248
247
177
248
247
179
250
249
181
250
249
182
250
248
183
250
248
185
251
248
187
252
249
188
253
249
189
253
250
190
254
250
191
254
250
191
251
249
194
250
248
196
250
248
196
250
248
197
250
248
197
250
248
197
250
248
198
249
247
198
248
247
200
248
247
200
250
249
202
252
251
205
250
251
206
251
251
207
251
251
208
251
251
209
252
251
210
251
252
211
251
252
211
251
252
212
252
252
212
254
250
215
254
250
215
254
251
215
253
251
215
253
251
215
253
250
216
253
250
217
253
250
217
252
250
217
252
250
218
255
254
222
255
254
223
255
254
223
255
254
224
255
253
224
255
253
225
255
253
225
255
253
225
254
253
225
254
253
225
253
253
224
253
253
223
253
252
223
253
251
222
252
251
221
252
251
220
252
251
220
252
250
220
251
250
218
251
250
218
251
250
218
252
250
217
252
250
217
252
250
217
253
250
217
253
250
216
253
250
216
253
250
216
254
250
216
254
249
215
253
249
214
249
248
211
250
249
212
251
249
212
252
250
212
252
250
211
252
250
211
253
251
210
253
251
209
253
250
207
252
250
206
251
249
203
252
249
201
252
249
200
252
250
199
253
249
199
253
250
198
253
249
197
252
249
197
252
250
195
251
249
195
245
248
192
242
248
191
241
248
191
241
248
191
243
250
193
245
252
194
248
253
195
249
254
195
250
253
191
251
252
187
251
250
181
250
248
174
250
246
165
249
241
153
249
238
145
250
236
137
252
236
131
253
235
124
254
233
119
254
233
116
254
231
111
251
228
99
250
227
99
249
225
97
247
223
95
245
221
93
244
219
90
242
217
89
241
216
88
241
216
88
241
216
88
33
26
0
49
41
5
91
79
34
136
120
65
137
116
48
145
118
35
154
124
31
162
130
29
167
136
27
180
148
34
185
156
40
190
163
46
196
171
54
208
185
70
244
223
108
233
211
96
219
195
81
206
181
66
191
165
48
207
180
63
220
191
76
223
193
79
209
177
63
196
166
49
202
170
52
202
169
50
201
166
47
211
177
55
198
163
38
203
168
41
208
172
44
203
167
39
210
174
46
216
180
52
219
184
56
220
186
59
222
187
60
223
190
63
225
192
66
227
195
69
229
198
72
238
214
81
242
218
85
247
222
89
252
227
94
255
229
96
254
228
93
251
225
90
248
222
87
245
218
83
243
216
79
242
214
77
243
214
77
244
215
78
245
217
79
248
219
80
248
219
80
248
219
80
248
219
80
248
218
79
247
217
79
247
219
79
247
220
80
247
221
81
248
222
81
249
223
80
249
225
80
251
226
81
250
227
81
250
228
82
250
228
83
250
229
85
250
230
89
245
226
90
247
229
98
247
229
104
244
227
106
238
220
104
241
223
112
248
230
123
251
234
129
246
229
130
182
163
120
142
121
82
113
92
57
98
75
46
105
79
58
123
93
84
153
120
120
161
127
133
149
113
124
116
80
97
118
81
99
134
96
115
144
107
124
137
102
114
117
86
90
139
109
108
139
110
104
130
104
92
145
120
104
148
125
104
147
126
83
162
143
85
199
181
120
228
212
146
246
236
165
249
238
163
247
235
155
253
244
158
244
238
147
249
243
148
248
242
145
241
235
138
229
225
127
231
227
132
229
226
134
228
227
138
235
234
148
242
241
159
249
249
171
249
249
173
244
244
167
242
242
163
252
252
174
254
254
176
248
248
170
235
235
157
228
228
151
238
237
162
245
244
170
250
249
176
247
246
174
249
248
177
249
248
178
249
248
179
250
248
180
250
247
181
251
248
182
251
248
184
252
248
185
252
248
185
253
249
186
251
249
190
250
248
192
250
248
192
250
248
192
250
248
192
250
248
193
250
248
194
249
248
194
249
247
195
249
247
196
250
249
198
253
251
202
252
251
203
252
252
204
253
252
204
253
251
205
252
252
206
252
253
208
252
253
208
252
253
208
252
252
209
254
251
212
254
251
212
254
251
212
254
251
212
254
251
212
254
251
213
253
251
213
253
251
214
253
250
214
253
250
214
254
253
218
254
252
219
254
252
219
254
252
219
254
252
219
254
252
221
254
252
221
254
252
221
253
252
221
253
252
221
253
252
220
253
252
219
252
252
219
252
251
218
251
250
217
251
249
216
251
249
216
250
248
215
249
248
213
249
248
213
250
248
213
251
249
212
251
249
213
251
249
212
252
249
212
253
249
212
253
249
212
253
249
212
253
249
212
253
249
212
253
249
211
251
250
208
251
251
209
253
251
209
253
252
209
253
253
209
254
252
209
254
252
207
254
252
206
254
252
205
254
251
204
254
251
202
254
251
201
254
250
199
253
250
198
253
249
197
252
249
195
252
248
194
251
248
193
251
249
192
251
248
192
244
248
192
241
248
192
241
248
191
241
248
191
243
250
192
246
252
193
249
254
193
251
255
192
251
253
185
252
252
180
251
249
173
250
246
166
250
243
157
248
238
145
249
234
137
250
232
130
251
231
123
252
230
116
253
229
113
253
229
110
253
228
106
251
227
98
250
225
96
248
223
94
246
221
92
244
219
90
241
216
86
240
214
85
239
213
84
239
213
83
239
212
83
40
31
0
48
39
1
89
77
30
136
119
63
133
112
42
142
115
31
159
128
35
170
138
35
172
140
30
178
146
30
193
163
45
204
177
58
216
192
72
233
210
91
242
220
102
226
204
86
211
187
69
199
174
56
193
168
49
201
174
54
202
173
54
202
172
55
205
175
58
206
175
56
210
177
57
210
176
56
209
174
52
210
174
51
207
170
43
214
178
49
217
180
51
209
171
42
218
179
51
219
182
53
219
183
53
219
183
54
220
186
57
222
187
59
225
192
64
231
199
70
240
209
80
244
218
83
247
222
86
251
225
90
254
228
93
255
231
96
255
230
93
254
227
90
251
223
86
246
219
81
244
215
77
243
215
76
244
215
77
245
217
78
248
219
80
248
219
80
248
219
80
248
219
80
248
219
80
248
219
80
249
220
81
249
221
81
248
221
81
246
219
79
246
219
78
249
223
80
251
225
80
251
226
80
249
225
79
249
226
80
250
228
84
248
227
85
243
221
84
251
231
100
238
218
94
237
219
100
239
221
109
229
211
106
249
231
134
234
216
123
226
208
119
223
205
122
151
131
105
102
81
58
92
68
50
91
66
54
87
59
54
99
69
74
148
113
127
168
131
151
159
121
145
118
77
106
136
96
123
136
97
123
141
103
124
158
123
137
141
110
113
145
117
112
138
112
98
132
108
87
161
139
112
129
109
78
139
122
65
167
153
79
210
196
120
253
239
159
254
250
166
248
243
155
243
233
142
251
242
147
246
238
139
251
245
144
249
244
142
239
234
132
237
233
132
239
236
137
237
235
138
237
235
142
244
243
153
248
247
160
248
248
164
244
244
163
238
237
157
238
237
157
243
243
163
245
244
164
243
242
162
236
236
156
229
229
149
233
232
154
240
238
161
247
245
169
253
252
177
249
247
173
250
247
174
251
248
176
252
249
178
253
249
179
253
249
180
254
249
181
254
249
181
253
249
181
254
249
181
252
248
185
251
248
188
251
248
188
251
249
189
253
250
191
254
251
193
253
252
194
253
252
195
253
251
194
252
249
194
252
250
196
253
252
197
253
251
198
253
251
200
253
251
200
253
251
201
251
251
201
252
252
203
252
252
203
252
252
203
252
251
203
252
249
205
252
249
205
252
249
205
252
249
205
253
250
206
253
251
208
254
252
209
254
252
210
254
252
212
255
252
213
252
250
211
252
250
212
252
250
213
251
249
214
252
250
215
252
250
216
252
250
217
252
250
217
252
250
217
252
250
217
252
251
215
252
251
214
252
251
214
252
251
214
251
250
213
251
250
213
251
249
212
250
249
211
251
249
210
251
249
210
252
250
212
253
251
212
247
245
205
251
248
208
253
251
212
253
252
212
252
248
208
248
244
204
251
247
206
253
248
208
254
250
208
253
251
205
253
251
204
253
251
204
253
251
203
253
253
204
255
254
205
255
254
205
255
254
205
255
254
204
255
253
202
255
253
200
255
253
200
255
253
199
255
252
197
254
251
194
253
250
193
253
249
192
252
248
191
251
248
190
251
247
189
243
247
191
242
248
192
243
250
193
245
251
194
245
252
192
248
253
191
250
254
189
253
254
187
252
252
179
250
248
171
249
245
163
249
242
155
249
240
147
249
235
137
250
234
131
252
233
125
253
233
121
254
231
115
254
228
110
253
226
106
251
224
101
249
225
93
248
223
92
247
222
91
246
221
89
245
219
88
242
217
86
241
214
83
240
213
82
239
211
81
238
210
79
44
35
1
56
45
5
101
87
39
153
135
77
152
128
58
157
129
44
174
143
47
185
152
46
186
152
40
190
158
39
200
169
49
211
183
62
224
197
77
239
214
94
238
214
94
225
201
81
212
188
68
201
177
56
205
179
56
217
189
65
214
184
63
209
177
59
210
178
60
207
174
54
206
172
50
205
171
48
206
169
46
203
165
39
212
174
45
228
189
60
234
196
66
223
185
53
236
198
66
238
200
68
237
201
69
235
200
68
236
202
69
233
199
69
233
200
70
237
205
75
246
215
84
249
222
84
249
221
83
248
220
82
246
219
81
244
217
79
244
216
78
244
217
78
244
217
77
244
217
78
245
217
78
244
215
76
245
216
77
246
217
78
248
219
80
249
220
81
248
219
80
248
219
79
248
220
79
249
221
80
250
222
81
249
223
83
248
223
83
245
220
80
245
221
79
250
224
81
252
227
82
252
227
81
251
226
80
250
226
81
251
228
87
253
231
94
252
233
103
241
220
98
249
230
115
249
229
123
244
224
126
237
218
129
186
168
88
153
135
61
127
108
39
107
89
26
99
77
63
99
76
66
97
73
67
103
77
77
129
100
107
109
77
93
110
75
97
120
83
110
132
94
124
114
75
106
131
92
120
139
100
124
149
113
131
169
135
146
152
123
119
142
116
102
163
140
116
187
167
134
153
136
94
151
134
89
184
170
100
215
203
115
233
222
133
248
236
145
250
242
147
248
239
143
247
236
138
252
243
141
250
241
138
249
242
137
249
243
139
251
245
141
252
248
145
251
247
145
248
245
145
246
244
147
247
246
152
252
251
162
252
251
163
249
249
162
244
245
160
243
242
161
239
238
157
234
234
153
230
229
148
225
224
144
221
219
139
224
223
143
231
230
151
242
240
162
254
250
173
250
246
171
250
246
171
252
247
172
253
248
174
254
248
175
255
249
176
255
249
177
255
249
177
255
249
178
254
248
177
253
248
182
253
249
184
253
249
184
254
250
185
254
251
188
254
253
189
255
254
191
255
253
192
254
251
190
251
250
190
251
249
190
251
249
192
251
249
192
251
248
193
251
249
194
251
250
195
251
249
196
252
250
197
252
250
197
252
250
197
253
251
198
253
251
200
253
250
201
253
249
201
252
249
200
252
248
200
252
248
201
251
248
203
252
249
204
252
249
205
252
249
206
253
249
208
252
249
209
252
250
210
253
251
211
253
251
213
254
251
216
255
252
217
255
253
218
255
253
219
255
254
220
253
252
215
252
252
212
252
252
212
252
252
212
252
251
211
253
251
211
253
251
210
253
251
210
252
250
209
253
250
209
250
247
205
244
241
198
232
229
186
237
234
191
248
243
200
254
249
206
253
249
204
249
245
200
253
249
205
255
252
208
254
254
209
253
252
201
251
250
200
250
249
199
251
250
199
254
251
200
255
254
200
255
255
201
255
255
201
255
254
199
255
253
198
254
251
196
254
252
195
254
252
194
255
251
193
255
251
192
254
250
191
253
249
191
253
249
190
255
249
190
254
249
189
244
247
190
242
247
192
244
250
194
246
252
193
247
253
191
251
254
190
253
255
188
254
255
184
252
250
173
249
245
162
248
241
153
247
239
145
249
236
139
250
234
130
252
233
125
253
232
121
255
231
117
255
229
111
255
227
107
253
225
102
250
223
97
248
223
89
247
222
88
247
221
88
247
220
87
246
220
86
244
217
83
242
214
81
241
213
79
240
211
78
239
210
76
39
27
0
57
43
4
109
92
43
167
146
88
168
143
71
172
140
54
184
150
52
192
156
49
192
156
41
200
164
44
204
170
48
219
188
65
236
208
84
244
218
94
224
200
77
214
190
67
213
188
65
221
194
70
231
201
76
226
196
71
220
188
66
217
182
63
218
183
63
219
184
61
223
187
64
225
188
62
222
184
57
210
170
42
213
174
44
228
189
58
238
199
67
234
196
62
249
211
77
250
213
78
247
211
76
241
206
72
238
203
69
232
199
66
232
201
68
238
207
73
246
216
82
246
217
78
245
216
77
242
214
74
240
211
72
238
209
70
237
209
69
238
209
70
240
211
71
241
212
73
243
214
75
243
215
74
244
216
75
245
217
76
247
219
78
248
220
79
247
219
78
247
219
78
247
219
78
248
220
79
248
220
80
248
223
82
247
223
83
246
223
81
246
223
81
249
225
81
250
226
82
251
227
83
250
226
82
250
227
87
250
228
92
252
230
100
252
232
110
215
193
82
234
211
111
242
220
132
242
221
144
232
211
146
139
118
64
112
92
44
98
76
34
89
67
31
81
58
57
101
77
78
123
98
102
163
136
144
237
209
222
200
168
188
125
91
115
95
59
85
107
69
96
145
108
135
135
98
119
176
140
154
197
164
170
166
136
132
156
130
111
147
124
94
178
158
118
217
199
150
189
174
116
194
181
118
227
217
132
247
238
139
244
233
134
246
236
134
244
234
133
248
238
136
252
243
139
251
240
136
255
246
139
253
246
138
253
247
141
254
250
146
255
252
149
254
251
148
251
248
147
247
245
146
245
243
148
250
249
155
253
253
160
254
254
164
255
254
167
252
249
168
242
239
158
233
230
149
228
225
144
227
224
143
231
227
148
234
230
151
238
234
155
242
238
159
248
244
165
249
245
167
249
245
167
250
245
168
251
246
170
252
247
171
253
248
172
253
248
173
253
248
173
253
247
174
253
247
174
254
249
178
255
250
181
254
250
180
252
249
180
253
250
182
254
251
183
255
251
184
255
251
186
253
249
185
251
248
184
249
247
184
249
246
184
249
246
184
248
247
186
248
247
187
249
247
188
250
248
189
251
249
191
252
249
192
252
249
193
252
250
194
255
252
198
255
251
197
253
250
196
252
249
196
251
248
196
250
247
195
249
245
195
249
245
196
248
245
197
247
244
198
250
246
202
250
247
203
251
248
205
252
249
207
252
250
210
254
251
212
255
252
214
255
253
215
255
254
216
255
254
218
254
253
213
254
252
210
254
253
209
254
253
209
253
252
208
253
252
208
254
252
208
255
252
207
254
251
206
254
251
206
250
246
201
240
237
191
223
218
172
226
222
174
241
237
188
252
248
200
255
252
204
251
246
198
253
248
200
254
251
203
254
253
203
253
252
195
252
251
194
251
250
193
251
250
193
252
251
194
254
253
195
254
254
195
255
253
195
255
252
194
253
251
192
252
249
189
253
249
189
253
249
189
253
249
189
255
249
188
255
249
188
255
249
188
255
249
188
255
249
188
255
249
188
245
246
192
243
246
193
247
249
194
249
252
193
251
253
191
254
254
188
255
255
184
255
254
179
252
247
164
248
241
151
245
236
142
244
234
135
247
234
129
249
232
122
250
231
117
251
229
113
253
228
109
253
227
105
252
224
101
251
222
98
250
220
94
249
222
87
248
221
87
247
220
86
246
219
85
245
217
83
245
216
81
242
213
79
241
211
77
239
210
76
238
209
74
43
29
0
57
40
1
106
86
38
163
139
80
166
136
65
170
137
50
183
147
49
191
153
46
190
152
37
200
162
40
203
168
43
219
187
62
237
207
82
241
212
87
214
187
62
211
183
58
222
193
67
241
211
85
244
212
85
222
190
61
223
188
63
229
191
70
229
191
69
230
191
68
235
195
70
236
195
69
230
190
62
212
172
42
211
171
39
224
185
52
235
197
61
235
197
61
250
212
75
249
212
75
243
208
71
235
201
64
229
197
62
226
196
60
228
199
63
234
204
70
243
214
79
241
212
71
242
213
72
244
215
74
245
217
75
246
218
76
246
218
76
245
217
75
243
215
73
242
213
72
240
212
70
241
213
72
243
214
73
244
216
75
246
218
77
246
219
78
246
218
77
246
218
77
246
218
77
247
219
78
247
219
78
246
221
81
244
223
82
244
223
81
244
223
81
245
224
80
247
225
81
249
225
82
250
226
85
249
226
90
249
225
95
245
221
98
239
214
101
252
229
130
230
205
121
208
183
111
178
154
95
124
100
55
92
67
36
85
61
38
89
65
48
107
83
71
182
158
164
112
88
94
124
99
108
168
141
152
216
187
202
198
168
186
137
105
125
100
67
87
96
61
80
152
118
134
194
161
169
182
151
151
158
129
120
134
108
89
179
156
121
183
164
118
176
159
103
166
151
87
172
160
87
245
237
159
247
238
145
240
231
126
237
228
123
252
241
136
250
239
134
252
243
138
253
245
139
243
232
125
253
242
135
255
246
140
253
246
140
251
241
137
252
244
141
251
245
143
249
243
143
246
241
142
242
239
141
242
240
145
246
245
151
250
250
156
253
253
163
255
255
176
242
239
158
230
227
146
225
221
141
227
222
143
238
233
154
242
237
158
246
241
162
249
244
165
253
249
169
250
244
167
250
244
167
250
244
167
251
245
168
251
246
169
253
246
170
253
247
171
254
247
171
254
248
172
254
248
172
255
250
176
254
250
178
253
248
177
252
247
176
253
248
176
253
248
178
253
248
179
253
249
179
251
247
179
250
246
179
249
245
179
248
245
179
248
245
180
248
246
181
249
246
183
250
246
185
251
248
186
252
248
188
252
249
189
253
250
190
253
251
191
255
252
193
254
251
193
253
250
192
251
249
192
251
248
192
250
247
192
249
246
192
249
246
193
249
245
194
248
245
195
250
246
198
250
246
199
249
246
201
250
246
202
251
247
205
251
247
206
252
247
208
252
248
209
252
248
210
252
248
210
253
252
208
254
253
207
254
253
207
255
252
206
255
252
206
254
252
206
254
251
205
254
251
203
254
251
203
254
251
203
254
251
203
250
246
197
228
224
174
229
225
175
244
240
190
254
251
201
255
254
204
249
245
195
249
244
193
250
246
194
252
249
195
253
253
192
251
251
191
250
250
190
251
250
190
252
251
190
253
252
192
254
253
192
254
252
191
254
252
190
253
251
189
252
248
186
252
248
186
253
248
186
253
247
185
253
247
184
253
247
184
253
247
184
254
247
184
254
247
183
254
247
183
247
245
190
246
246
193
249
249
194
252
251
193
253
253
189
254
253
185
255
254
180
255
252
172
251
244
156
245
236
143
244
233
134
245
232
128
248
232
124
249
231
117
250
230
113
250
229
109
251
227
105
251
225
100
251
223
98
250
222
96
250
221
93
247
220
85
248
219
84
248
219
83
246
218
82
245
216
81
243
214
79
241
212
77
239
210
75
238
208
73
237
207
72
57
40
4
65
45
3
108
85
36
160
133
74
164
132
59
173
137
50
189
150
51
198
157
48
197
156
39
204
164
42
204
167
41
208
172
46
213
179
52
215
184
58
219
188
62
227
196
69
236
205
77
244
212
84
241
208
78
230
195
65
235
196
71
241
200
78
239
198
75
234
192
68
234
192
66
233
191
64
229
187
59
217
174
43
216
174
41
227
186
51
234
194
58
230
190
53
247
210
72
249
213
75
246
211
73
239
206
68
236
205
67
232
203
65
229
201
64
230
202
66
234
207
70
242
212
68
243
213
69
244
214
70
245
215
71
245
215
72
246
216
73
245
215
72
245
215
72
244
214
71
243
214
71
240
212
70
241
213
71
243
215
73
244
216
75
245
217
76
245
217
76
244
216
75
244
216
75
245
217
76
246
218
77
243
220
79
240
222
80
241
223
80
242
223
81
242
222
79
243
222
79
244
223
82
247
225
86
247
225
93
246
222
97
242
220
104
237
217
112
229
203
116
181
155
83
155
128
71
133
106
64
93
67
40
84
57
46
100
73
71
119
93
98
138
113
122
163
138
149
95
69
81
117
91
103
155
129
142
163
135
150
145
117
132
127
97
112
128
97
109
145
113
122
175
144
146
195
166
160
175
148
134
158
133
110
164
141
106
171
152
102
179
163
102
202
188
118
228
216
137
224
214
127
248
241
150
247
239
137
242
232
125
238
228
121
247
236
129
248
237
130
252
242
135
253
243
137
246
233
127
252
239
133
254
242
137
253
241
137
249
237
134
249
240
137
250
241
140
249
242
142
246
240
141
240
236
138
236
233
137
238
236
139
241
240
144
245
245
151
251
249
171
237
232
154
227
222
143
224
219
140
230
225
146
241
236
157
244
239
160
247
242
162
248
243
164
252
247
168
251
244
167
251
244
167
251
244
167
251
244
167
251
244
167
253
245
168
254
246
169
254
247
170
255
248
171
255
248
171
254
249
172
253
248
173
251
246
172
250
245
171
250
245
171
251
245
172
251
246
174
252
247
175
250
246
176
249
245
175
249
245
175
249
245
177
249
244
178
249
246
179
250
246
181
251
246
182
251
248
183
252
249
184
253
249
186
253
249
187
253
249
187
253
251
188
253
250
188
251
249
188
251
249
188
250
248
189
249
248
189
250
247
190
250
247
192
251
247
194
251
247
195
253
249
199
253
249
200
253
248
202
253
248
203
251
247
203
250
247
204
250
246
205
250
245
205
250
245
205
250
245
206
253
250
204
254
252
203
253
252
203
253
251
203
253
251
203
253
251
202
253
250
202
254
250
201
254
251
200
254
250
200
252
248
198
246
242
192
230
226
174
233
229
177
245
241
190
254
250
198
254
251
199
249
244
192
250
245
192
251
246
192
252
248
192
252
251
189
251
251
188
250
249
187
249
249
187
250
250
187
252
251
188
253
251
187
253
251
187
252
250
186
251
248
184
252
247
183
252
247
183
252
247
183
252
246
182
252
246
181
252
246
181
251
246
180
251
245
180
251
243
179
251
243
179
247
242
188
248
245
193
252
249
195
254
252
194
255
252
187
254
250
180
253
248
172
252
245
164
247
239
148
244
233
136
244
232
129
246
233
124
249
233
120
250
233
115
251
231
111
251
229
106
250
226
101
248
224
98
249
222
96
249
221
94
248
221
91
247
219
82
246
218
82
246
217
81
245
216
80
244
215
78
242
212
76
240
210
74
238
208
72
237
207
71
236
205
70
61
42
5
66
45
2
107
83
33
160
131
71
167
133
60
179
141
53
194
153
54
202
160
50
201
157
40
208
166
43
206
167
41
201
163
36
196
161
33
201
169
41
226
194
66
238
206
78
241
209
80
237
203
74
230
195
65
233
197
66
233
193
66
233
190
67
236
193
70
235
190
65
234
190
63
235
191
64
236
193
64
231
187
55
224
182
48
226
185
49
227
187
50
224
185
47
242
205
66
244
208
69
241
208
69
237
205
66
236
207
68
233
206
66
227
201
62
223
197
59
222
197
58
242
212
67
240
210
65
239
209
64
238
207
63
236
206
62
237
207
63
238
208
65
240
210
67
242
212
69
245
215
72
241
211
68
240
212
68
241
214
70
243
216
73
244
216
75
243
216
74
243
215
74
242
214
73
243
215
74
245
217
76
241
220
78
239
222
79
241
225
81
241
225
81
241
223
80
241
222
80
243
223
82
247
225
89
247
224
95
244
221
100
243
221
110
241
221
124
165
138
60
111
84
22
85
57
12
75
48
18
75
47
36
121
94
98
171
143
157
177
148
171
140
112
138
130
105
118
100
75
89
110
84
98
125
99
113
122
97
110
113
86
97
135
107
116
161
132
137
183
154
154
181
154
145
174
149
130
167
143
116
161
139
102
158
138
91
207
191
129
211
197
125
225
214
132
242
233
142
246
238
140
240
233
132
245
236
129
247
236
126
242
232
122
240
228
120
244
232
125
248
236
129
251
239
133
254
242
136
255
242
137
255
242
138
254
241
138
251
238
136
249
238
136
249
239
138
248
241
141
247
241
142
243
238
140
236
233
135
237
235
137
240
238
141
244
242
147
243
238
159
233
228
149
231
226
146
235
230
151
246
241
162
253
249
170
250
244
166
247
240
162
244
237
159
245
237
160
251
243
166
251
243
166
251
243
166
251
243
166
251
243
166
251
243
166
252
244
167
253
245
168
254
247
170
255
247
170
252
246
169
250
245
168
249
243
167
247
242
165
247
242
166
248
243
167
249
244
170
251
245
171
250
245
173
250
245
174
249
245
174
249
244
174
249
244
176
249
244
176
250
245
177
250
245
178
249
246
179
250
246
181
250
246
182
250
246
182
251
247
182
251
249
184
250
248
184
250
247
184
250
247
185
250
247
186
249
247
186
249
247
188
249
247
190
250
247
192
250
246
193
253
249
198
252
248
199
252
248
200
252
248
201
252
247
203
252
247
203
251
246
204
251
246
205
250
246
205
250
245
205
251
249
202
252
251
201
252
250
200
252
249
200
252
250
199
252
249
199
252
249
199
252
248
198
252
249
198
252
249
197
246
243
190
237
234
181
231
228
174
240
236
183
249
244
191
253
248
193
250
245
191
249
243
189
252
247
193
253
248
194
252
248
192
249
250
185
248
248
183
246
247
182
247
247
182
248
247
182
250
247
182
250
247
182
250
247
182
249
246
181
248
245
180
249
245
180
250
245
179
251
245
179
251
245
178
250
244
178
250
244
178
250
244
178
251
243
177
251
243
177
251
243
177
246
240
186
248
243
192
253
249
195
255
254
195
255
250
186
252
245
175
249
240
163
246
237
153
243
234
140
243
232
132
245
232
126
247
233
122
250
234
118
252
234
114
251
231
109
249
228
103
248
224
98
245
220
93
245
219
91
246
219
91
246
219
89
245
217
79
245
217
79
245
216
78
244
215
77
243
214
76
240
211
73
238
209
71
237
207
69
236
205
68
236
204
67
56
35
1
63
40
0
108
82
33
164
134
74
175
140
66
187
146
59
201
157
59
206
162
53
203
159
41
211
167
44
208
167
40
208
169
42
211
175
47
216
182
54
225
193
64
230
198
69
233
200
70
231
197
67
224
189
56
218
181
49
221
178
52
225
178
56
227
181
58
218
172
47
213
167
41
215
170
42
223
178
47
230
186
53
229
187
51
231
189
52
231
190
53
230
191
52
241
205
65
238
203
63
232
199
58
224
194
54
226
197
58
227
201
62
224
199
60
221
197
58
220
197
57
236
205
60
236
205
60
235
205
60
235
204
59
235
205
60
235
205
60
236
207
62
237
207
63
238
208
65
239
209
66
240
210
67
240
211
68
241
213
69
242
215
71
243
215
74
242
214
73
242
214
73
242
214
73
243
215
74
244
216
75
241
220
78
240
224
81
242
226
83
243
226
83
241
224
81
242
224
81
244
224
84
248
227
92
248
226
99
245
221
103
245
221
114
246
221
127
130
102
30
134
107
51
171
146
106
200
176
155
167
138
135
163
135
148
188
160
184
162
134
166
93
64
100
114
88
103
111
85
100
120
94
109
133
107
120
142
116
129
121
94
104
152
126
131
165
138
138
166
139
133
196
171
155
181
158
133
183
162
128
198
179
134
226
208
153
237
222
152
240
228
148
243
233
145
243
236
139
231
225
121
242
237
129
243
235
125
246
235
124
252
240
129
247
235
127
251
239
131
247
234
127
243
229
123
250
237
131
248
233
130
250
236
133
251
237
135
250
236
135
244
232
131
244
233
134
246
236
138
247
239
141
245
240
141
240
237
139
242
239
141
246
244
146
250
248
153
250
243
166
238
231
154
234
226
149
234
227
149
241
234
156
245
239
161
243
235
158
243
235
158
245
237
160
252
245
168
250
242
165
249
241
164
249
241
164
248
240
163
248
240
163
249
241
164
250
242
165
251
243
166
252
244
167
255
246
169
251
245
167
249
243
165
247
242
164
245
239
162
246
240
163
247
242
164
248
243
167
250
245
170
251
245
172
251
245
172
249
244
172
247
243
172
247
243
173
247
243
173
248
242
174
248
243
175
246
243
175
247
243
176
247
243
177
247
243
178
247
243
178
249
247
182
248
246
181
248
246
182
248
246
182
247
245
182
247
244
183
247
244
184
247
244
186
247
244
187
247
243
189
248
244
193
247
243
194
247
243
195
248
244
196
249
244
199
249
244
200
250
244
201
250
245
202
251
245
204
249
245
204
250
248
200
251
249
198
252
249
198
251
248
197
251
248
197
251
248
197
251
248
197
250
247
196
250
248
195
251
247
194
246
242
189
239
235
182
242
238
185
251
249
195
254
251
197
252
249
193
246
241
186
245
240
185
250
245
190
251
246
191
249
245
188
246
247
179
244
245
178
244
244
177
244
243
176
245
243
176
246
244
177
246
244
177
246
244
177
246
243
176
245
241
174
246
242
175
247
242
175
248
242
175
248
242
175
248
242
175
250
243
176
251
243
176
252
244
177
252
244
177
252
244
177
246
239
184
248
241
191
254
249
195
255
255
197
255
249
183
249
241
170
243
234
157
240
230
146
242
230
136
244
231
130
245
232
124
247
232
120
251
234
117
253
235
112
250
232
107
248
227
100
245
223
94
242
217
89
242
217
89
243
217
88
245
218
86
245
216
78
245
216
78
244
215
77
243
214
76
242
213
75
239
210
72
238
208
70
237
206
68
236
204
67
235
203
66
46
33
0
60
44
3
100
79
26
151
121
55
185
145
63
195
149
48
208
157
44
216
162
40
217
162
34
217
163
31
219
168
38
218
172
43
216
174
48
218
178
55
224
184
61
230
189
63
234
190
61
236
189
57
233
184
47
230
177
39
228
177
40
227
179
42
227
179
42
227
178
42
227
178
42
228
180
43
229
182
45
232
185
47
233
187
49
234
188
50
236
189
52
238
193
55
239
194
56
239
195
56
239
195
57
240
196
57
239
198
58
240
199
60
240
199
60
240
200
61
240
200
61
244
203
65
242
201
63
240
200
61
239
200
60
239
201
59
242
205
61
243
209
63
244
211
64
245
212
64
243
211
63
242
210
62
242
212
63
243
213
65
246
216
67
244
216
68
243
215
68
242
215
68
241
214
70
243
216
71
245
218
74
241
219
71
241
222
71
251
230
80
242
220
74
242
218
77
235
209
76
231
204
80
254
227
116
232
206
111
221
198
115
225
204
135
241
221
166
136
118
79
135
119
90
165
150
128
191
178
160
170
156
140
183
170
154
153
139
123
127
112
95
112
96
82
124
91
106
139
108
119
150
121
128
157
128
130
154
126
121
146
120
104
146
122
96
148
125
89
154
131
86
183
164
107
184
165
99
218
200
126
248
230
149
254
239
152
236
219
125
246
229
131
252
235
135
252
236
133
243
224
119
252
232
127
252
235
126
250
234
124
247
232
122
246
233
125
229
216
109
216
203
98
214
204
100
245
238
134
253
251
155
237
233
134
234
229
127
246
241
139
243
238
136
240
234
132
241
236
132
243
238
133
245
239
133
235
229
121
235
228
119
243
235
125
253
245
137
245
240
143
237
232
135
229
224
127
224
218
122
222
216
120
228
222
126
235
229
132
242
236
140
248
243
146
253
248
151
250
245
148
250
244
148
250
245
148
251
245
149
252
247
150
253
248
151
254
248
152
254
249
153
255
250
154
255
251
154
254
248
159
254
245
162
254
244
161
254
244
161
254
245
162
254
246
162
254
247
163
254
248
164
252
245
161
250
244
160
250
243
160
248
243
160
246
241
158
244
239
155
244
239
156
245
240
157
246
243
160
249
246
163
249
246
164
249
246
163
249
246
163
250
251
167
246
246
163
245
245
162
245
246
163
248
248
166
251
250
171
251
249
173
251
250
175
252
251
178
254
253
184
252
250
182
251
249
184
251
249
186
251
249
187
251
247
190
251
247
191
252
247
192
253
247
194
253
248
194
251
248
194
251
249
189
252
250
187
253
251
187
253
251
188
253
251
188
253
251
189
253
251
191
253
251
191
254
251
190
254
251
190
253
248
188
251
246
185
251
246
184
254
248
185
253
248
183
253
247
180
251
247
178
250
247
175
249
246
174
249
246
173
249
246
171
250
246
163
250
246
163
251
245
163
252
244
163
254
244
163
254
244
163
254
243
163
254
242
163
254
241
163
254
240
162
254
239
162
254
240
163
254
242
165
254
244
167
254
246
170
254
248
170
254
248
170
252
247
170
250
246
169
248
244
167
252
249
172
254
252
174
255
254
173
255
255
171
255
250
163
253
244
153
250
238
142
246
232
132
244
228
122
245
228
117
246
229
114
248
230
113
249
230
110
249
230
105
248
228
101
247
227
97
246
225
94
243
222
91
241
222
89
241
221
89
242
221
87
244
218
82
241
215
79
239
212
76
237
211
74
235
209
73
234
208
72
234
206
70
233
204
69
232
202
67
231
201
66
45
33
0
62
44
3
101
78
25
150
120
53
185
145
62
195
147
45
208
156
41
218
162
38
221
163
33
219
163
30
222
171
39
225
177
48
228
184
58
233
192
68
236
195
72
236
194
68
236
191
62
236
187
55
237
183
46
238
181
42
234
181
43
231
182
44
231
182
44
232
183
45
233
184
46
233
184
46
232
185
47
234
187
49
235
188
50
236
189
51
237
190
52
239
193
55
239
193
55
240
193
56
240
194
56
241
195
57
240
197
58
241
197
59
241
198
59
242
199
60
243
200
61
243
202
65
241
199
62
240
199
61
240
199
60
241
201
59
243
205
61
244
208
62
245
210
63
244
212
63
244
212
63
242
210
61
243
212
63
243
213
64
245
215
66
244
216
67
242
214
66
241
214
67
240
213
68
242
215
70
244
217
73
244
219
72
243
220
72
243
219
74
237
212
73
244
218
87
249
222
101
250
221
114
243
213
121
223
194
121
225
197
139
228
203
159
225
202
172
160
140
123
161
143
133
162
145
139
155
137
135
123
106
103
113
93
89
122
102
95
141
121
112
168
146
136
185
154
154
162
132
129
155
127
119
149
121
108
131
106
85
178
154
122
196
174
133
185
164
114
164
145
85
219
200
130
228
211
131
242
226
140
252
235
143
249
232
135
239
222
119
247
229
123
250
231
124
249
231
123
247
228
118
254
239
129
244
228
118
243
228
117
255
245
132
248
235
125
236
223
114
229
218
110
232
223
117
255
250
147
250
245
142
237
232
129
233
228
126
239
235
133
243
238
136
243
239
136
247
241
137
250
244
138
251
245
138
238
231
122
231
222
113
229
220
111
229
220
111
207
202
103
213
208
109
219
214
115
226
221
123
234
229
130
243
238
139
247
241
142
247
242
143
247
242
143
246
241
142
252
247
148
252
248
148
252
247
148
252
247
148
251
246
147
250
245
146
249
244
145
248
243
144
247
242
143
247
242
143
251
243
152
253
243
156
252
243
156
252
243
156
254
245
158
254
246
159
254
247
160
254
247
160
253
245
158
251
244
157
249
242
155
247
240
153
244
239
151
244
240
152
245
241
153
247
243
155
249
245
157
250
246
159
249
246
158
247
245
157
248
245
157
253
252
164
248
247
161
246
245
159
245
246
160
248
248
164
250
249
167
249
248
168
250
248
170
250
248
173
251
250
176
249
247
176
249
246
177
248
246
179
248
246
181
248
245
183
249
245
185
249
245
187
250
245
188
250
245
189
251
246
190
253
250
188
254
252
187
254
252
186
253
251
186
253
251
186
252
250
186
252
249
186
253
248
187
252
247
186
252
247
186
251
246
184
250
245
181
251
246
180
252
246
179
252
246
178
252
247
177
251
247
176
250
247
173
251
246
171
251
245
170
249
245
167
246
242
156
246
242
156
248
242
156
249
242
157
251
242
157
252
241
158
253
240
158
254
240
158
254
240
158
254
239
158
254
239
160
254
240
161
254
241
162
254
243
163
254
245
166
254
247
168
253
247
168
252
248
168
252
248
168
251
247
168
253
249
165
254
251
165
254
251
164
254
250
160
253
245
152
250
240
143
247
235
135
244
231
127
243
227
119
245
228
116
245
227
110
244
226
105
247
226
104
247
227
101
247
226
98
246
225
96
244
224
94
242
222
91
240
221
88
239
220
87
240
219
85
243
217
81
240
214
78
238
211
76
236
209
74
234
208
72
235
206
71
234
205
70
233
204
69
232
202
67
230
201
66
48
34
0
65
45
3
104
78
25
152
120
53
188
146
61
195
146
42
209
154
39
219
161
36
224
163
32
223
165
32
221
167
35
224
174
44
230
184
56
236
194
68
237
196
70
234
190
63
231
183
55
228
178
46
233
177
40
237
179
40
235
181
43
233
184
46
233
184
46
232
183
45
232
183
45
233
184
46
233
184
46
233
186
48
234
187
49
234
187
49
236
189
51
239
191
53
238
192
54
239
192
54
239
193
55
240
194
56
241
194
56
240
196
57
241
197
58
241
198
59
242
199
60
242
199
61
240
199
60
239
198
59
239
199
58
241
201
59
241
204
60
243
206
61
244
208
61
243
210
61
243
211
62
243
211
62
243
212
63
243
213
64
244
214
65
242
214
66
242
214
66
241
213
67
241
213
68
241
214
70
242
215
71
244
216
71
245
217
73
247
219
78
237
208
79
232
201
83
241
213
109
250
225
136
224
193
123
195
164
116
184
154
122
188
160
142
206
179
175
162
137
145
118
93
106
123
98
115
138
112
130
114
88
103
144
116
125
151
122
128
171
141
144
203
173
172
202
174
151
212
185
158
204
179
148
186
162
126
157
133
92
201
179
126
222
202
142
219
200
132
205
187
112
240
224
138
251
236
143
248
233
135
243
228
125
242
228
119
249
234
122
250
234
120
248
233
118
248
232
115
252
235
117
254
239
122
249
234
118
247
234
120
251
243
129
228
214
102
227
214
103
226
214
104
230
220
112
252
243
138
238
230
126
240
234
130
245
240
136
250
244
142
252
247
144
246
240
137
243
236
132
242
235
130
247
238
134
247
237
130
243
233
126
242
232
125
242
232
126
228
223
124
234
228
130
240
234
136
246
240
142
250
245
146
252
246
147
250
244
146
248
243
144
247
241
143
246
241
142
251
246
147
252
246
148
252
246
148
251
245
147
250
245
146
249
244
145
248
243
145
248
242
144
248
242
144
247
242
143
251
242
151
251
242
154
250
241
153
250
240
153
250
240
153
250
241
154
251
242
154
250
242
154
248
240
152
246
238
150
244
237
149
244
237
149
244
237
149
243
238
150
244
239
151
246
241
153
247
243
154
247
244
155
247
243
155
247
243
154
247
243
155
251
250
161
247
245
157
245
244
156
245
244
158
248
246
162
250
247
165
248
246
165
247
245
165
247
244
167
248
245
171
248
246
174
249
246
176
249
245
177
249
245
179
249
245
181
250
245
183
250
245
185
249
245
186
249
245
186
250
245
187
252
250
184
254
252
183
253
252
183
253
251
183
253
250
183
252
249
183
252
247
182
251
246
182
250
245
181
250
245
181
250
244
180
250
243
179
250
244
178
251
245
177
252
246
177
253
246
176
253
247
175
252
246
173
252
246
171
252
247
170
250
246
166
245
241
155
246
241
155
246
241
155
247
240
154
247
240
154
250
240
155
250
240
155
251
239
156
252
239
156
252
239
156
249
236
153
249
237
154
250
238
156
250
240
157
251
243
161
251
244
163
250
245
164
250
246
164
250
246
165
249
246
164
249
246
157
250
245
153
250
244
151
249
242
147
247
238
140
245
235
133
243
231
126
242
228
121
242
228
115
244
227
112
243
225
106
242
223
100
243
224
98
245
224
97
246
224
96
245
224
94
244
223
92
241
221
90
239
219
87
238
218
86
239
217
83
244
215
80
241
212
77
239
209
74
237
208
73
236
206
71
235
206
71
234
205
70
233
203
68
232
202
67
231
201
66
49
32
0
67
45
3
107
78
26
156
120
54
190
145
61
198
144
42
211
153
37
221
160
34
226
164
30
226
167
31
221
166
31
222
170
38
224
176
47
228
182
57
228
183
57
227
180
53
226
176
48
228
174
42
234
175
39
239
178
40
236
180
42
232
182
44
231
182
44
231
182
44
231
182
44
231
182
44
231
182
44
232
183
45
232
184
46
232
185
47
234
187
49
237
190
52
237
190
52
237
191
53
238
192
54
239
192
54
239
193
55
240
194
56
241
195
57
241
196
58
241
196
58
240
197
58
240
197
58
239
198
58
240
200
58
241
201
58
241
203
58
242
204
59
242
206
59
242
208
59
242
209
60
243
211
62
243
211
63
242
212
63
242
212
63
241
212
64
241
212
66
241
212
68
242
213
68
241
213
69
240
213
70
245
215
68
247
216
68
245
214
72
244
212
86
240
209
98
245
216
122
238
211
136
157
128
77
142
113
85
152
124
112
165
137
139
174
146
161
179
152
176
149
122
149
149
121
148
155
125
149
137
104
123
151
117
128
152
117
122
162
126
127
183
148
142
229
204
152
238
214
159
229
206
149
220
197
136
222
200
134
236
217
141
231
213
130
229
212
123
231
215
120
239
225
122
247
234
125
241
228
115
237
225
108
244
232
111
255
242
119
249
236
112
248
235
110
250
236
112
255
243
118
249
235
110
251
237
116
245
231
112
227
213
95
202
189
73
230
217
103
233
221
108
230
219
108
247
236
127
236
227
120
241
234
127
246
239
134
248
241
137
252
245
141
245
237
134
240
232
128
239
230
126
245
235
131
248
238
132
245
234
128
244
232
126
244
232
127
248
240
142
249
241
144
250
242
144
249
241
144
247
239
142
243
236
138
243
235
138
245
237
140
248
240
143
251
243
146
249
241
144
250
242
144
250
242
145
251
242
145
251
243
145
251
243
146
252
244
146
252
244
147
253
245
147
253
245
148
253
244
151
253
242
152
251
241
151
249
238
149
247
238
148
247
238
148
246
238
147
245
237
146
243
235
144
241
233
142
242
234
143
244
237
146
243
237
146
243
236
145
242
236
145
242
236
146
243
238
147
244
239
149
246
241
150
247
243
152
248
244
153
247
245
154
243
241
151
242
240
151
242
241
153
245
244
157
248
246
162
247
244
162
247
243
162
247
243
164
247
244
167
253
249
174
253
249
176
253
248
177
253
247
178
251
246
179
251
246
180
251
245
181
251
245
182
250
244
182
250
244
183
251
248
179
251
250
177
252
249
178
251
249
178
251
248
178
251
247
178
251
247
178
251
246
179
251
245
179
252
245
179
251
244
178
250
243
176
251
243
175
252
245
175
253
246
175
253
247
174
253
247
173
253
248
172
253
248
170
253
247
169
251
247
167
246
244
155
246
244
155
246
243
154
246
241
153
246
240
152
246
239
151
248
239
151
248
238
151
248
238
152
248
238
152
242
232
146
244
234
148
247
237
151
249
240
154
251
244
158
251
246
160
249
245
159
248
244
158
245
242
157
243
241
155
244
240
145
244
240
140
244
238
138
241
236
133
241
232
127
240
230
122
240
228
117
240
227
114
243
227
109
245
228
107
243
225
102
241
222
97
243
223
95
245
223
94
245
223
94
245
223
93
244
222
92
241
219
89
239
217
87
238
216
86
238
215
83
242
213
78
240
211
76
238
208
73
237
206
72
236
205
70
236
205
70
235
204
69
234
203
68
233
201
66
232
200
65
50
30
0
68
43
4
109
79
27
159
121
56
194
147
63
202
145
42
214
153
37
223
159
33
227
163
29
228
166
29
223
165
29
219
165
32
217
166
36
218
169
42
218
170
43
221
170
43
224
171
42
229
172
41
236
175
39
240
177
39
237
179
42
233
181
44
232
181
44
232
181
44
231
182
44
231
182
44
232
183
45
232
184
46
234
185
47
234
186
48
235
187
49
235
188
50
236
189
51
237
190
52
237
191
53
238
192
53
238
192
54
239
193
55
239
193
55
240
194
56
240
194
56
237
194
54
239
196
56
240
198
57
241
200
58
241
201
58
241
202
56
241
203
57
241
205
57
241
206
58
241
208
59
242
210
61
242
210
61
241
210
61
240
210
62
241
210
64
241
211
66
241
212
68
242
212
70
242
212
71
241
212
71
245
214
63
245
214
56
239
209
58
242
212
80
243
215
102
242
215
123
220
193
125
115
89
46
122
99
80
155
130
128
165
141
152
145
121
141
150
125
150
147
120
143
149
121
140
153
123
135
154
123
125
155
121
113
165
130
114
182
146
124
207
172
142
254
237
157
230
209
127
228
207
122
236
216
128
250
230
139
248
229
131
242
225
122
237
221
113
233
219
106
237
225
106
246
233
111
244
232
106
244
232
104
252
240
110
252
240
110
243
231
100
244
231
101
250
238
108
255
246
116
246
234
103
250
236
111
235
220
99
197
182
61
184
171
52
228
215
97
234
222
106
229
217
103
241
230
117
242
231
121
244
234
125
241
232
125
236
227
121
241
231
125
237
226
122
235
224
120
236
225
121
244
232
128
246
233
129
243
230
127
243
230
126
244
232
128
237
228
130
240
231
133
244
235
137
246
237
139
248
239
141
247
238
140
246
237
139
246
237
139
246
237
139
246
237
139
247
238
140
247
238
140
248
239
141
248
239
141
248
239
141
249
240
142
250
240
143
250
241
143
250
241
143
250
241
144
252
242
146
253
241
148
251
239
146
248
237
144
247
237
144
247
238
144
248
239
145
248
239
145
247
238
144
246
237
144
244
236
143
244
236
143
243
236
142
241
234
140
239
233
139
238
233
139
239
233
139
242
236
142
245
240
145
249
243
149
250
244
150
243
239
146
240
235
144
239
235
145
240
237
148
244
241
152
248
244
157
247
243
158
247
242
159
247
242
160
247
243
163
253
248
170
253
247
171
253
247
172
253
247
173
251
245
175
250
244
174
250
243
175
249
243
175
249
241
175
249
241
175
248
245
172
249
247
170
249
247
170
249
246
172
251
246
173
251
246
173
251
245
174
252
246
174
252
246
176
253
245
176
252
244
175
251
243
174
252
244
173
252
245
172
253
246
172
254
247
171
254
248
170
254
247
169
253
247
168
253
247
166
252
247
163
246
245
155
246
244
153
245
242
151
244
240
150
243
238
148
242
237
146
243
236
146
244
236
146
244
235
146
244
235
146
243
235
146
246
237
148
249
240
151
252
244
155
253
247
158
253
248
158
251
247
157
247
244
154
244
241
151
241
238
148
242
238
135
242
236
128
240
233
125
238
231
120
238
228
117
239
228
114
240
228
110
242
228
108
243
227
105
245
227
102
245
226
99
245
224
96
245
224
94
245
222
92
245
222
91
244
222
90
243
220
89
241
218
88
240
216
86
239
216
86
240
214
83
242
211
76
241
209
74
238
207
72
237
206
70
236
204
69
238
204
69
237
203
68
236
202
67
234
201
66
233
199
65
51
27
0
70
43
4
112
79
27
163
123
57
199
150
64
205
148
42
217
154
36
225
160
31
228
163
26
229
165
26
222
162
23
217
161
25
214
162
29
213
163
34
215
165
38
219
166
38
223
167
37
229
169
37
235
172
37
240
173
36
235
176
38
231
179
40
231
179
40
231
179
40
231
180
40
232
181
42
233
182
43
233
184
44
234
185
45
235
186
46
235
186
47
236
187
48
235
189
49
236
189
49
237
190
50
237
191
51
238
192
51
239
193
52
239
193
53
239
194
53
239
194
53
234
191
50
237
194
53
240
197
56
242
200
57
242
202
56
240
201
55
240
202
55
240
203
55
240
204
56
242
206
58
241
208
59
240
208
59
239
207
58
238
206
59
239
208
63
241
210
66
243
212
69
244
214
72
244
214
73
243
212
72
246
215
57
248
218
48
247
218
58
236
208
70
231
206
91
226
204
113
208
189
121
135
117
75
142
126
107
146
130
126
155
138
144
167
149
160
141
122
132
129
108
111
132
109
102
142
117
100
158
131
101
204
175
131
208
179
125
217
188
127
235
205
136
244
225
121
238
218
112
244
225
118
249
230
121
240
221
109
233
216
99
243
226
107
244
229
106
239
225
99
242
230
100
250
238
105
250
237
104
249
237
103
251
239
104
248
236
102
243
231
97
244
232
99
250
237
104
253
241
110
245
232
100
250
236
108
239
224
100
206
192
69
192
177
55
216
202
81
223
210
90
225
212
95
235
222
107
243
232
118
247
236
124
246
234
124
240
227
118
238
227
119
233
221
115
232
220
115
235
223
119
242
229
125
242
230
125
246
232
129
250
239
137
252
247
145
241
231
133
244
234
136
248
237
139
252
241
143
254
245
147
254
247
149
254
245
147
252
241
143
248
237
139
244
234
136
249
238
140
249
238
140
248
238
140
248
238
140
248
237
139
248
237
139
247
237
139
247
237
138
247
237
138
247
237
138
249
238
141
250
239
141
248
237
140
247
236
139
247
236
139
248
237
140
249
238
141
251
240
143
249
240
143
249
240
143
246
237
140
243
234
137
243
234
137
241
235
137
240
234
135
238
232
134
238
232
134
240
234
136
244
238
140
247
242
143
249
243
146
243
238
143
240
234
140
240
234
141
242
236
144
245
240
148
248
243
153
247
241
152
246
239
152
246
239
153
247
241
156
249
243
160
249
242
162
249
242
164
250
242
166
249
242
166
248
242
168
248
242
169
248
241
169
248
241
169
249
241
171
249
245
168
249
247
166
249
247
166
249
247
167
250
246
168
250
245
168
250
244
169
250
244
170
250
244
170
251
244
170
251
244
170
252
243
170
252
243
169
252
244
168
252
245
167
253
245
166
254
245
166
253
245
163
252
244
162
251
244
161
250
244
158
245
243
150
244
242
148
242
240
147
241
239
145
240
238
145
241
236
143
242
236
144
244
238
145
245
239
145
246
239
146
249
242
148
250
243
150
251
244
150
251
245
151
252
246
152
250
244
150
248
243
149
245
241
147
242
239
144
240
236
142
241
237
127
241
236
119
240
233
116
239
231
113
238
229
109
240
230
108
243
230
107
244
229
104
244
228
99
245
226
97
247
226
95
247
226
95
247
225
93
244
221
90
243
220
88
241
218
86
240
217
85
239
215
84
238
214
84
238
214
84
239
213
82
242
210
75
242
207
73
240
205
71
238
203
69
237
202
68
237
202
68
237
202
68
237
201
67
236
200
66
236
199
65
52
24
0
72
41
4
115
80
28
168
125
59
205
151
66
209
148
43
219
154
35
227
160
29
229
162
23
231
165
22
225
163
23
223
165
27
223
169
34
224
172
41
226
174
44
228
173
44
231
172
42
234
172
40
240
174
40
246
177
40
236
176
38
226
175
35
226
175
35
227
176
36
228
177
37
229
178
38
230
179
39
232
181
41
232
183
43
233
184
44
234
185
45
236
187
47
236
187
47
235
188
48
235
189
48
236
190
49
237
191
50
239
193
52
239
194
52
240
194
53
240
194
53
235
191
48
238
194
51
240
197
54
241
200
56
243
202
56
242
202
54
240
201
53
239
202
54
239
203
55
241
205
57
240
207
58
239
206
57
238
205
56
237
204
57
240
206
62
242
209
66
244
212
70
247
214
74
247
214
75
243
212
73
249
220
62
254
226
56
254
224
65
242
215
81
249
226
114
242
222
135
215
198
136
141
128
89
140
128
111
133
121
115
141
129
127
169
156
154
195
181
170
232
223
201
209
195
160
172
151
101
179
159
91
213
194
107
232
212
115
236
215
111
228
207
97
241
218
97
251
238
117
245
228
106
238
217
93
243
224
98
252
235
107
239
222
92
238
221
89
246
229
96
250
234
99
250
234
99
246
232
96
244
230
94
244
231
94
250
235
102
252
237
105
252
237
106
251
235
105
247
232
101
243
228
98
247
231
104
247
232
106
242
227
102
228
214
88
230
215
91
238
224
101
248
233
112
247
233
113
239
225
107
241
227
113
244
230
117
246
232
120
246
231
122
246
232
124
250
236
129
253
239
134
254
240
137
239
224
121
234
219
116
237
222
120
246
232
130
251
239
139
247
236
135
244
232
131
242
230
129
242
230
130
247
235
134
250
238
137
253
241
140
254
243
142
254
242
141
253
241
140
252
241
140
252
240
139
252
240
139
252
240
139
252
240
139
252
240
139
252
240
139
252
240
139
252
240
139
252
240
138
251
239
137
249
237
135
247
235
133
246
234
133
247
234
133
247
235
134
248
236
135
246
237
135
245
236
134
243
234
132
241
232
130
243
234
131
243
236
133
242
235
133
241
234
132
241
234
131
242
235
132
244
237
134
247
240
137
248
241
140
246
239
142
242
235
138
242
235
138
244
237
141
248
240
146
250
242
149
247
240
147
245
238
146
244
236
147
245
237
148
246
239
152
247
240
154
247
240
156
248
240
158
250
241
161
250
241
163
251
242
165
251
243
166
252
244
167
252
245
168
252
249
165
252
250
164
252
249
164
251
248
163
250
246
163
250
245
164
251
244
164
250
243
163
249
242
163
249
242
163
251
243
164
253
243
165
253
243
165
253
244
164
252
244
162
252
243
161
253
242
160
252
242
158
250
241
155
250
241
154
248
241
152
244
242
147
243
242
144
243
241
143
243
240
143
243
240
142
244
240
143
246
243
145
249
244
147
251
245
148
252
246
149
252
247
148
251
245
147
249
244
145
247
242
143
244
238
140
243
237
138
241
236
136
240
235
134
240
235
134
240
235
134
243
237
120
243
236
113
241
233
110
241
231
107
242
231
105
244
231
103
246
232
102
248
232
101
248
229
96
246
227
92
248
227
92
250
227
92
249
224
90
244
219
86
241
217
83
239
214
81
237
212
80
237
212
80
237
211
81
237
212
81
239
211
80
244
209
75
241
206
72
239
204
70
238
203
69
237
202
68
237
202
68
238
202
68
238
201
67
237
199
66
236
199
65
53
25
0
72
40
2
115
77
25
167
122
55
204
151
64
210
148
41
221
155
33
229
161
27
231
162
21
229
164
18
227
165
21
224
166
24
221
167
29
221
168
34
222
170
38
225
170
39
230
171
39
235
171
38
239
171
36
243
171
35
235
173
34
228
174
35
230
177
37
232
179
39
233
180
39
232
180
40
231
180
40
232
181
41
234
183
43
236
185
45
236
186
46
235
186
46
236
187
47
236
187
47
236
187
47
237
188
48
237
191
50
239
192
52
240
194
53
241
195
54
242
196
55
238
194
51
239
196
52
241
197
53
242
198
53
241
200
54
242
202
54
241
202
54
240
202
53
239
202
52
236
201
51
239
203
55
239
204
56
237
203
57
237
203
59
239
205
62
242
208
68
244
211
71
245
212
73
245
211
73
243
209
72
249
214
68
252
217
68
249
213
74
240
209
94
248
222
131
235
215
145
206
188
141
155
140
115
126
115
105
129
117
113
144
132
127
169
154
145
217
200
175
245
231
188
232
217
156
211
193
114
218
199
101
240
222
106
242
226
98
239
224
88
234
218
79
244
222
91
246
224
92
247
226
94
249
228
95
250
229
96
251
231
96
251
230
95
249
229
94
248
229
94
247
227
93
249
229
95
249
230
97
249
230
99
249
230
100
250
230
102
251
231
104
252
231
106
252
232
107
253
232
108
253
232
110
248
231
106
246
231
104
247
232
105
250
234
108
251
236
110
252
236
111
252
235
112
251
234
112
248
232
111
247
230
111
246
229
112
246
228
113
245
228
116
247
230
119
247
230
121
247
231
124
248
232
125
248
231
127
247
230
127
246
230
126
246
231
127
250
237
132
252
239
134
249
236
131
243
230
126
235
222
117
235
222
117
243
230
125
248
235
130
251
237
133
248
235
130
251
238
133
251
238
134
251
238
134
251
238
134
251
238
134
251
238
134
251
238
134
252
239
134
253
239
135
253
239
135
250
237
131
249
236
129
248
235
128
247
234
127
246
233
126
245
232
125
244
231
125
244
231
124
243
232
124
243
233
125
243
233
125
243
232
124
243
232
124
241
232
124
241
233
125
242
233
125
242
234
126
243
235
127
244
236
128
245
237
129
246
237
131
244
235
134
245
236
136
245
236
137
245
236
137
246
237
138
247
238
141
249
239
143
250
240
146
250
241
148
250
241
151
251
241
151
250
241
152
250
241
152
249
240
153
249
240
155
250
240
156
251
240
157
252
241
158
253
242
160
252
243
161
251
246
158
251
248
156
251
247
156
251
247
157
250
246
157
251
245
157
251
244
158
250
243
157
250
242
158
250
242
158
251
242
159
253
242
159
254
243
160
254
243
160
253
243
159
253
243
157
253
243
155
252
242
153
251
241
152
251
241
151
249
241
149
247
244
143
246
243
143
244
242
142
244
242
141
244
242
141
245
243
142
248
245
143
251
247
145
252
249
146
252
250
147
246
243
138
240
236
131
237
232
128
237
232
128
245
239
133
247
240
134
243
236
130
239
232
126
237
230
124
242
233
127
247
238
116
248
238
110
246
236
107
245
234
103
245
232
101
246
232
100
247
231
98
248
231
97
249
229
93
249
227
91
249
226
89
248
224
87
247
222
86
246
220
84
245
218
83
243
216
82
241
214
81
238
213
81
238
213
81
238
213
82
239
212
80
243
208
74
238
203
69
236
201
67
236
201
67
237
202
68
237
202
68
235
199
65
234
197
63
234
197
63
235
198
64
53
24
0
71
39
1
114
76
24
165
120
54
202
149
62
209
148
39
221
155
31
229
161
26
232
164
20
229
165
16
226
165
18
223
166
21
219
166
25
218
166
30
220
167
33
223
167
35
227
167
35
231
168
34
236
168
33
239
168
31
233
171
32
228
174
34
229
176
36
231
179
38
232
179
39
232
179
39
233
180
39
232
181
40
234
182
42
235
184
43
236
185
44
236
186
45
236
186
45
236
187
46
236
187
47
237
188
47
238
190
49
240
192
51
241
194
52
241
195
54
242
195
54
239
195
50
240
196
51
241
197
52
242
199
53
243
200
53
243
202
54
242
202
53
241
202
53
240
202
52
239
202
52
241
204
56
240
204
57
238
203
57
237
202
58
238
203
60
240
205
65
241
206
67
241
206
69
240
205
69
237
203
67
244
203
72
246
200
77
237
194
81
244
207
119
241
209
143
201
174
128
157
134
107
179
161
152
201
183
185
185
166
169
166
146
144
154
133
120
201
177
144
226
201
149
233
208
136
233
210
118
241
218
108
249
232
103
249
233
94
247
232
86
244
230
81
245
224
87
246
225
88
248
226
89
250
228
92
251
229
93
252
229
93
252
229
94
250
229
94
248
227
94
248
226
94
249
228
97
249
228
98
249
228
99
250
228
101
250
228
104
251
228
106
252
228
107
252
228
108
251
229
109
252
229
110
246
228
104
243
227
101
245
229
102
248
230
105
249
231
106
251
232
107
251
233
108
251
232
108
249
230
108
248
229
108
247
229
109
248
229
110
248
229
112
248
230
116
248
230
118
248
231
120
249
231
122
247
231
123
246
230
124
246
229
124
246
229
125
248
234
126
253
239
131
253
239
132
251
237
130
247
233
125
248
234
126
252
239
131
254
241
134
254
241
134
251
237
129
250
236
129
250
236
128
250
236
128
250
236
128
250
236
128
250
236
128
251
236
129
251
236
129
251
236
129
251
236
129
252
239
130
253
240
130
253
239
129
252
238
127
250
237
126
248
235
124
247
234
123
246
233
122
245
233
122
245
233
122
245
234
122
245
234
122
245
234
122
243
233
122
243
233
122
243
234
122
243
234
122
244
234
123
244
235
124
245
236
124
245
236
125
245
232
129
244
234
130
244
234
132
245
235
133
246
236
134
249
238
138
251
240
141
253
241
143
254
243
145
254
243
148
250
238
145
250
238
145
249
238
146
248
238
147
248
237
148
248
238
149
249
239
150
250
239
151
251
241
153
252
242
154
251
245
151
250
246
149
251
246
150
251
245
151
251
245
152
251
245
152
252
244
153
252
244
153
252
243
155
252
243
155
252
242
156
252
242
156
253
243
155
253
243
155
253
243
154
253
242
153
254
242
152
253
241
151
252
241
148
252
240
147
250
240
145
245
240
137
249
243
141
251
247
144
254
250
146
255
252
148
254
251
147
250
247
142
246
243
137
242
239
133
240
235
129
243
239
131
245
239
131
246
240
131
248
240
132
249
241
131
248
237
128
245
235
125
244
233
124
246
233
123
248
236
124
248
237
111
248
236
105
247
234
103
245
232
99
245
230
97
247
230
96
248
230
94
249
229
93
250
227
90
250
226
88
248
223
85
247
221
82
247
220
82
244
217
81
243
216
80
241
215
79
241
214
79
241
213
81
240
213
82
240
214
82
240
213
81
241
209
75
238
204
70
235
201
67
235
201
67
236
202
68
237
202
68
234
199
65
234
198
64
235
198
64
236
200
66
52
24
0
70
38
0
112
74
22
163
118
51
200
147
59
209
147
37
221
156
30
230
163
25
232
165
19
228
166
13
225
165
14
221
165
18
218
165
22
216
165
26
216
165
30
220
165
31
224
165
32
228
165
31
233
165
30
236
165
29
232
169
30
228
174
33
229
175
34
231
177
36
231
178
37
231
178
37
231
178
38
232
179
38
233
181
40
234
182
41
235
184
42
235
185
43
236
186
44
235
186
44
235
187
45
236
188
46
237
189
47
239
191
49
240
193
50
242
194
52
242
194
52
241
196
50
242
197
51
242
198
51
242
199
52
243
200
52
243
201
52
242
202
53
242
202
53
242
202
53
240
203
53
240
203
55
240
203
56
239
202
56
237
202
58
238
202
61
240
204
65
241
205
67
242
206
69
242
205
72
241
205
71
246
202
84
249
199
98
246
199
109
237
196
128
225
190
141
202
171
140
185
158
143
222
200
200
207
182
189
168
142
146
144
117
112
148
119
101
196
165
123
207
173
111
224
191
111
240
210
111
242
214
98
242
221
90
243
224
86
244
227
84
245
230
83
244
224
84
245
224
85
246
225
87
248
226
89
249
228
90
250
228
92
250
228
93
250
228
94
250
227
95
250
226
95
249
226
97
249
226
98
250
225
100
250
225
101
249
225
103
250
225
105
250
225
106
251
225
107
250
225
107
251
226
109
245
224
103
242
224
100
243
225
100
246
227
102
247
228
103
250
230
105
251
230
105
251
230
105
251
230
106
250
229
105
251
230
107
252
230
109
251
230
110
250
230
113
250
231
115
249
231
117
250
231
119
249
231
120
248
231
121
247
230
122
246
229
121
241
226
115
247
232
121
250
235
124
251
237
126
251
236
125
252
238
126
254
241
129
254
241
130
253
240
128
249
235
123
251
237
125
251
237
125
251
237
125
251
236
125
251
236
125
251
236
125
251
236
125
251
236
125
250
236
124
250
236
124
253
239
126
254
240
126
253
239
125
251
237
123
250
235
121
249
234
120
247
233
119
245
232
118
244
231
117
244
231
117
244
233
118
246
235
120
245
234
120
244
234
119
244
234
119
244
233
119
244
233
119
244
234
119
243
234
119
243
235
120
244
235
121
244
231
126
245
231
126
245
232
127
246
233
129
247
234
131
249
237
134
252
239
137
253
241
139
254
242
141
254
243
143
249
237
139
249
237
140
249
236
140
249
236
140
247
235
141
248
236
142
248
237
144
249
237
146
250
238
146
251
239
147
249
243
144
249
244
142
249
244
144
250
244
145
250
244
146
250
244
147
251
244
148
251
243
150
252
243
151
253
243
152
253
242
152
252
241
152
254
242
152
254
242
152
254
242
151
254
242
150
253
242
149
253
240
146
252
240
145
252
239
144
252
239
143
250
241
137
251
243
140
253
245
141
253
247
141
252
247
141
250
245
139
245
241
132
240
236
127
236
232
122
235
229
119
237
231
120
244
238
125
250
242
129
252
242
129
246
236
121
244
232
118
246
233
119
249
235
121
251
236
121
248
232
117
248
233
106
246
232
101
245
230
98
244
228
95
244
227
93
245
226
91
246
226
90
247
225
89
248
224
85
248
222
83
247
221
81
246
220
80
245
218
79
243
216
78
242
214
77
241
213
76
240
212
77
239
212
78
240
212
79
239
212
80
239
211
79
238
207
72
234
203
68
233
202
67
234
203
68
237
204
69
237
204
69
234
201
66
232
198
64
231
198
63
232
198
64
53
25
0
70
38
0
110
73
21
160
117
49
198
146
56
207
148
35
219
157
29
228
163
23
231
165
16
227
166
11
224
166
12
220
166
16
217
165
20
214
165
24
214
165
27
217
164
29
221
164
30
226
164
30
232
165
29
235
165
29
231
169
30
227
173
32
228
174
33
230
176
35
231
177
36
231
177
36
230
177
36
230
177
36
231
178
37
233
180
39
234
182
40
234
184
42
234
184
42
235
185
43
235
186
44
236
186
44
237
188
46
238
189
47
239
191
49
240
192
50
241
193
50
241
197
50
241
197
50
242
198
50
242
199
51
242
200
51
242
200
51
243
201
52
242
201
52
241
201
52
240
203
53
239
202
53
239
201
54
238
201
56
238
202
58
238
202
62
239
203
64
240
203
67
241
205
70
244
207
73
245
207
74
233
190
76
232
188
92
252
216
130
243
213
146
203
172
124
191
160
129
197
170
154
217
192
187
198
171
168
185
156
147
175
142
124
169
133
101
224
185
128
225
185
109
238
200
107
250
215
106
243
211
89
242
217
85
244
224
87
245
228
88
245
229
88
243
224
83
243
224
84
244
225
85
245
226
86
246
227
88
248
228
91
249
228
92
250
227
94
250
227
95
250
227
97
250
225
97
250
225
98
250
225
99
250
225
100
250
224
101
250
224
103
250
224
104
250
224
104
250
224
104
251
224
105
245
224
102
242
224
101
244
224
101
246
225
102
248
227
103
250
229
104
251
229
104
253
230
104
253
230
105
253
230
105
254
231
106
255
232
109
254
232
111
253
232
112
252
232
113
251
232
114
250
232
116
250
232
118
248
232
119
248
231
120
247
230
119
239
224
109
243
228
113
246
231
116
247
232
118
248
233
118
250
235
120
252
237
122
252
238
123
252
237
122
249
234
119
251
237
122
252
237
122
252
237
122
252
237
122
251
236
121
251
236
121
251
236
121
250
236
120
250
235
120
250
235
120
250
235
118
250
234
117
249
233
116
249
232
116
246
232
114
246
231
114
245
231
114
245
231
114
245
232
114
244
231
114
245
233
115
246
235
117
245
234
117
245
234
116
244
233
116
243
233
115
243
233
115
243
233
116
243
233
116
243
234
116
244
234
118
247
232
125
247
232
125
246
232
125
246
233
126
247
233
128
248
235
129
250
236
131
250
236
132
251
237
134
251
239
136
250
236
135
250
236
135
249
236
136
248
236
136
248
235
136
248
236
138
249
236
139
250
237
141
251
239
142
252
239
142
248
242
138
247
243
137
248
244
138
249
243
139
250
243
141
250
243
142
250
242
143
251
242
146
251
242
146
253
242
148
254
242
149
254
242
149
254
242
149
254
242
149
255
241
149
255
241
148
255
241
146
253
241
144
252
240
142
252
239
142
253
240
141
255
242
137
253
241
136
252
241
134
250
240
132
248
238
131
244
236
127
241
234
124
238
233
121
237
232
119
238
231
117
233
227
112
241
233
118
246
237
120
247
236
119
241
229
111
244
229
111
250
235
116
254
239
120
255
238
120
248
228
108
246
228
101
244
227
97
243
226
94
242
223
91
243
222
90
243
223
88
244
223
87
245
222
86
246
220
83
246
220
80
247
220
80
248
219
80
246
218
79
244
215
76
242
214
75
240
212
75
239
210
75
237
210
75
237
210
76
237
210
77
237
209
76
236
206
72
233
204
69
235
205
70
238
208
73
241
210
75
241
210
75
236
205
70
231
200
65
228
197
62
228
196
60
54
27
0
70
38
0
108
72
20
157
115
48
195
144
54
205
147
34
218
157
27
227
164
21
228
165
13
224
164
8
222
166
11
219
166
14
215
166
17
212
165
20
213
164
26
217
164
28
221
164
29
226
166
30
232
167
29
237
167
30
231
170
30
226
173
30
228
175
31
229
176
32
230
177
33
230
176
33
229
176
33
228
176
33
230
178
34
231
179
36
233
181
37
235
183
39
233
183
39
233
183
40
234
184
40
235
185
41
236
186
43
237
188
44
238
190
46
238
191
47
239
192
48
240
197
48
240
197
48
240
197
48
240
197
48
240
197
48
240
198
49
241
199
49
241
200
50
240
200
51
241
201
52
240
202
53
239
202
55
238
201
56
238
200
58
236
199
59
235
198
60
235
197
62
235
197
64
237
199
67
239
201
69
243
204
83
248
211
101
255
222
121
255
230
148
200
175
110
191
168
119
214
193
156
240
220
192
225
202
173
197
170
135
180
148
103
183
146
86
236
196
113
245
204
104
251
211
97
252
215
89
242
210
75
241
216
77
239
219
79
236
220
79
233
220
79
240
224
81
242
225
82
243
225
83
243
225
84
244
226
85
246
227
88
247
228
90
248
228
92
249
228
94
251
228
96
250
226
96
250
226
96
250
226
97
250
225
97
250
225
99
251
224
99
252
224
100
252
225
101
252
225
102
252
225
102
248
225
102
245
225
103
246
225
103
247
226
104
249
227
103
251
228
103
252
228
104
254
230
104
255
231
103
255
231
103
255
232
105
255
234
108
255
234
108
255
233
109
254
232
110
252
232
111
249
232
113
248
231
114
248
232
116
247
232
117
247
232
116
248
232
113
248
233
113
249
233
114
249
233
114
249
233
114
251
235
115
252
236
117
253
238
118
254
239
119
254
239
120
251
236
116
251
235
116
251
235
116
250
234
115
249
233
114
249
233
114
249
233
114
248
232
113
248
232
113
248
232
113
247
231
112
247
231
112
247
231
112
247
231
112
247
231
111
247
231
111
247
231
111
247
232
112
247
233
113
247
233
114
247
233
114
247
233
114
244
233
113
244
233
113
243
232
112
243
232
112
243
232
112
244
233
113
244
233
113
244
234
113
244
234
115
248
233
123
248
233
123
247
232
124
247
231
124
247
231
124
247
232
125
248
232
126
248
233
127
248
234
128
248
234
129
251
236
133
250
236
133
249
235
133
249
235
133
249
236
134
250
236
135
251
236
136
252
237
138
253
238
138
252
240
139
248
241
135
247
242
134
248
243
135
248
242
135
248
242
137
248
242
138
249
241
139
250
240
140
251
240
143
251
240
143
253
240
144
254
240
145
254
240
145
254
240
145
254
240
145
254
240
144
253
240
143
254
238
141
253
238
139
252
238
138
252
237
136
251
238
130
251
238
131
253
240
132
253
241
132
251
241
130
250
239
128
245
237
124
242
234
121
239
232
117
239
230
114
236
228
111
241
231
114
244
233
115
246
232
112
242
226
107
248
230
109
252
236
116
255
240
119
255
239
118
250
227
105
245
225
98
243
223
94
242
221
92
240
220
89
239
219
87
242
219
86
244
220
85
246
220
84
246
218
80
246
217
79
247
218
79
247
218
79
246
217
78
244
215
76
242
213
75
240
212
74
239
211
73
238
210
75
237
210
75
237
210
75
238
210
76
241
212
77
239
210
75
241
212
77
244
215
80
248
218
83
247
218
83
240
210
75
234
204
69
229
199
64
227
197
62
55
29
0
70
40
1
108
72
21
157
114
47
193
143
53
203
146
33
216
156
26
225
162
20
226
163
11
220
162
3
219
164
7
216
165
11
213
164
15
210
163
18
210
163
24
214
163
27
219
165
29
225
166
30
234
169
31
238
169
32
232
170
30
225
172
28
227
174
30
229
176
32
229
176
32
228
175
31
228
175
31
228
175
31
229
177
33
230
178
34
231
179
35
234
182
38
234
182
38
233
182
39
233
183
39
234
184
40
235
185
41
237
187
43
238
188
44
239
189
45
240
190
46
241
195
47
239
196
47
239
195
47
238
195
46
238
195
46
238
197
45
239
198
46
239
198
47
239
199
50
240
200
51
240
201
53
240
202
55
240
201
56
238
200
58
234
198
58
233
195
58
232
194
59
232
194
61
234
196
64
237
199
67
242
209
74
238
211
78
223
199
74
245
225
119
214
197
106
214
200
123
233
222
157
255
248
191
235
218
161
202
180
115
192
164
88
213
179
90
244
205
95
252
223
97
254
223
86
253
217
73
254
223
73
247
225
75
241
224
74
237
225
77
237
228
81
239
224
78
240
225
79
240
225
81
241
225
82
242
226
83
244
227
86
246
228
88
247
228
90
248
229
92
249
229
94
251
228
96
251
228
96
251
228
96
251
227
97
253
227
97
253
227
97
253
227
97
253
227
97
253
226
98
253
226
98
249
225
103
247
225
106
247
226
105
249
225
105
250
226
104
250
226
104
251
227
103
253
228
102
255
229
101
255
230
101
255
231
103
255
232
104
255
232
106
254
231
105
252
230
106
249
229
107
248
229
108
246
229
109
246
229
111
246
230
112
246
232
113
252
237
115
251
236
114
250
235
113
250
235
113
250
235
113
250
235
113
251
236
114
252
236
115
252
237
115
253
238
116
250
235
113
250
235
113
250
234
113
249
234
112
248
233
111
247
232
110
246
231
109
246
231
109
246
231
109
245
230
108
247
231
110
249
232
111
249
232
111
247
232
110
247
232
110
246
231
109
246
231
109
247
232
110
247
232
110
246
233
111
245
232
110
244
231
109
244
231
109
244
231
109
243
231
109
242
231
109
243
232
110
244
233
111
245
234
112
245
234
112
246
234
114
247
230
120
247
230
120
247
230
120
246
230
120
245
230
120
246
230
123
247
231
124
248
232
125
249
233
126
248
234
128
249
235
129
249
235
129
249
235
130
249
234
131
248
235
131
249
236
132
249
236
133
250
236
134
251
237
135
252
238
136
248
241
133
247
243
131
247
243
131
249
242
133
249
241
134
248
240
135
248
239
135
248
239
136
248
238
137
249
237
139
250
237
140
251
238
140
251
237
141
251
238
140
252
238
140
253
237
140
252
236
139
251
236
136
249
234
135
249
234
133
249
234
131
251
235
128
253
238
128
254
239
129
254
240
130
254
241
131
251
240
128
247
237
123
243
233
119
240
230
115
237
228
111
237
227
109
241
230
110
244
232
111
247
231
110
245
228
107
249
229
107
253
231
109
255
232
110
255
231
107
252
226
102
245
222
97
242
221
93
241
220
90
239
217
88
240
216
86
242
217
85
244
218
84
245
219
83
245
217
79
245
216
78
245
216
77
244
215
76
243
214
75
242
213
74
241
212
74
241
212
74
240
212
74
241
212
77
241
214
78
241
215
79
242
216
80
245
219
83
243
217
81
243
217
81
244
218
82
246
220
84
247
218
83
239
210
75
234
205
70
230
201
66
228
199
64
54
26
1
68
36
1
107
71
19
156
114
44
191
142
47
203
147
29
216
156
22
225
162
16
228
163
10
221
158
5
219
160
9
216
160
11
213
160
14
209
159
16
210
160
20
214
162
23
219
164
25
225
165
27
233
168
30
238
169
33
232
170
31
226
172
29
227
173
30
228
173
30
227
174
30
227
173
30
227
173
30
227
174
30
228
175
32
229
177
33
231
178
35
233
181
37
233
181
38
232
181
38
233
182
39
234
183
40
236
185
42
237
186
43
237
187
44
238
188
45
239
189
45
240
192
46
240
192
46
238
193
46
237
193
46
238
193
45
239
194
46
238
195
46
238
196
48
238
197
50
239
198
51
238
199
52
238
199
53
238
199
55
238
199
57
235
199
58
235
197
59
236
198
61
237
199
63
239
202
67
242
204
71
243
213
72
238
215
68
222
201
60
223
205
79
210
194
79
209
194
90
214
201
105
220
206
116
202
186
93
212
191
93
227
201
95
240
209
93
242
208
77
250
222
81
247
217
68
242
210
56
249
220
66
242
220
66
237
220
68
238
224
74
244
231
83
239
223
77
240
223
78
241
223
79
242
224
80
243
224
82
245
225
84
246
226
86
248
228
88
249
228
89
249
229
91
251
229
93
251
229
93
252
229
94
253
228
95
253
228
95
253
228
95
253
228
95
253
228
96
254
228
96
254
228
96
251
226
101
248
225
105
248
225
105
249
224
103
249
225
102
250
225
102
251
225
101
252
226
101
254
227
100
254
227
100
254
228
101
254
230
103
253
229
102
251
228
102
249
227
102
247
227
102
246
227
104
245
227
105
245
228
106
245
229
108
245
229
109
249
233
111
247
232
110
247
232
109
247
232
109
247
232
109
247
231
109
246
230
108
245
230
108
246
230
108
246
231
109
250
234
113
250
235
113
250
234
113
249
234
113
248
233
112
248
232
111
247
231
110
247
231
110
247
231
110
246
230
110
248
231
110
249
232
110
249
231
109
248
231
108
246
229
107
245
228
106
244
228
106
244
228
106
244
228
106
244
228
106
244
229
106
244
229
107
244
229
107
244
229
107
244
230
107
244
231
108
244
231
108
245
232
109
245
233
110
246
233
110
246
233
112
245
227
114
245
227
114
245
228
115
246
229
116
246
230
117
247
231
119
248
232
121
250
233
123
251
234
124
251
235
125
249
234
125
248
234
125
248
234
125
248
235
126
249
234
128
249
235
128
249
235
128
250
236
129
250
237
131
251
239
132
251
241
130
250
242
130
250
242
130
250
242
130
249
241
131
248
240
132
247
238
132
247
238
132
248
237
133
248
237
134
248
236
134
247
236
134
248
236
134
250
235
134
250
235
134
249
235
133
249
235
132
249
234
131
248
234
129
248
233
128
249
234
128
255
240
129
255
238
128
253
237
126
251
236
125
248
235
122
246
233
119
244
231
117
243
231
114
242
230
112
242
229
110
238
225
106
243
228
107
246
230
107
248
231
107
248
228
104
246
225
101
247
224
98
248
223
96
249
223
97
251
223
97
247
222
94
244
220
92
242
218
89
241
217
86
242
217
86
243
217
85
244
217
84
244
217
81
244
216
78
244
215
78
242
213
75
239
210
72
239
210
72
239
210
72
240
211
73
241
212
75
242
213
76
244
215
80
245
217
82
245
219
83
246
220
84
246
221
85
242
218
81
240
216
80
240
215
79
240
215
79
238
214
78
233
207
71
229
203
67
227
200
65
225
199
63
47
12
3
63
26
1
106
66
17
158
115
38
190
141
31
211
155
20
221
158
13
229
159
11
236
161
15
228
150
14
228
151
20
224
152
22
220
153
20
217
155
17
216
159
14
219
162
14
224
164
16
230
165
20
237
165
28
241
164
32
235
167
31
228
169
29
228
168
29
228
169
29
227
170
29
227
171
30
228
172
31
229
173
32
231
175
34
231
176
35
230
176
35
230
176
35
231
178
37
232
179
38
234
181
40
236
183
42
237
184
43
237
185
44
236
186
44
236
186
44
236
186
44
239
188
48
239
188
48
238
188
48
238
189
49
239
190
51
240
191
51
240
193
52
240
194
53
240
195
54
240
195
54
238
195
54
238
195
54
238
195
54
237
197
55
237
198
56
238
199
57
238
200
58
238
201
59
238
201
60
238
202
60
237
202
62
237
203
63
237
204
64
237
204
64
237
204
65
239
206
66
240
207
67
241
210
70
243
213
72
244
214
73
244
214
74
244
216
75
243
215
74
244
216
75
245
217
76
246
219
78
245
218
77
242
215
74
243
216
75
246
219
78
249
222
81
247
218
79
248
219
80
248
219
80
249
220
81
249
222
82
251
224
84
252
225
84
252
225
86
253
225
87
251
225
87
253
227
89
253
228
90
252
229
91
252
228
93
253
229
93
253
229
93
252
230
94
252
230
95
252
230
95
252
230
95
252
226
98
252
224
100
252
224
100
252
223
100
250
223
100
250
223
100
250
224
100
250
224
100
251
225
102
251
226
102
250
226
102
250
226
102
249
226
102
249
227
102
249
227
102
250
228
103
250
228
103
249
228
104
249
229
104
249
229
104
249
229
104
248
232
109
248
231
108
247
231
108
247
230
107
247
230
107
247
229
107
247
229
108
247
230
109
248
230
109
248
230
110
249
231
112
249
231
111
248
230
111
248
229
111
247
228
111
247
228
111
247
228
111
247
228
111
247
228
111
247
228
112
249
230
108
249
230
106
249
230
105
247
228
104
246
228
103
246
227
102
245
226
102
245
226
102
245
226
102
245
226
102
246
227
102
247
228
103
247
228
103
247
228
103
247
228
103
247
229
104
248
229
104
248
230
104
249
230
105
249
230
105
248
230
105
246
228
106
246
228
106
248
229
108
249
230
109
248
230
110
250
232
111
251
234
113
252
235
114
252
236
116
252
236
116
250
234
114
251
235
116
252
237
119
253
239
121
252
238
120
251
237
119
250
237
118
251
237
119
252
239
122
253
241
124
254
240
126
255
240
127
255
241
128
254
240
127
252
241
127
251
241
127
251
240
126
250
240
126
248
241
126
248
241
126
247
240
125
246
239
124
247
240
125
249
239
125
249
239
125
249
239
125
250
239
125
251
237
124
252
236
123
251
235
122
252
236
123
255
238
125
255
238
125
255
237
124
254
237
123
254
236
121
252
234
117
252
233
114
251
231
111
250
230
109
250
229
107
251
229
104
252
229
104
252
229
102
250
228
99
249
225
95
249
226
94
251
227
94
252
227
93
250
225
91
245
220
86
250
222
87
250
221
86
247
218
83
245
217
82
247
218
83
248
219
84
246
217
82
243
214
79
241
212
76
241
212
77
240
211
76
238
209
74
237
208
73
237
208
73
239
210
75
241
212
77
243
214
80
246
217
82
247
218
83
247
218
83
245
219
83
240
221
84
239
221
84
238
219
82
237
218
81
236
217
80
235
216
79
231
212
75
228
208
71
224
205
68
220
201
64
46
10
2
63
26
1
107
67
18
160
117
39
190
141
31
208
152
17
217
153
8
225
155
7
233
158
12
227
149
13
227
151
19
224
152
22
220
154
21
219
156
18
218
161
15
221
163
15
225
164
17
230
164
20
235
163
26
239
162
29
232
164
28
225
166
26
226
167
27
227
168
28
228
170
29
228
171
30
229
173
32
230
174
33
231
175
34
230
175
34
229
175
35
230
176
35
231
177
36
232
179
38
233
180
39
235
182
41
236
183
42
237
184
43
237
185
43
236
185
43
236
185
44
238
187
47
239
188
48
239
188
48
238
189
48
238
189
49
239
190
50
239
192
51
239
193
52
239
193
53
239
194
53
239
194
53
238
195
54
237
195
54
236
196
54
237
197
55
237
198
56
237
199
57
237
199
57
238
200
58
238
201
59
238
202
61
237
203
63
236
202
62
235
201
61
235
201
61
235
202
62
236
203
63
239
206
66
241
209
69
242
211
70
243
212
71
242
212
71
240
211
70
242
213
72
243
215
74
244
216
75
243
215
74
241
213
72
241
214
73
243
216
75
247
219
78
249
219
80
249
219
80
249
220
81
250
221
82
250
223
83
251
224
84
251
225
85
252
225
86
253
225
87
252
226
88
252
226
88
252
227
89
251
228
90
251
227
91
252
228
92
252
228
92
251
228
93
250
228
93
250
228
93
250
228
93
250
225
96
250
222
98
250
222
98
250
222
98
249
222
98
248
222
98
248
222
98
249
223
99
250
224
100
249
224
100
249
225
101
250
226
102
250
226
102
249
227
102
249
227
102
249
227
103
250
228
103
250
228
103
250
228
103
250
229
104
250
229
104
248
230
106
248
230
106
248
230
106
247
229
105
247
229
105
247
229
105
247
229
106
248
229
107
248
230
108
248
230
108
250
231
110
250
230
110
249
229
109
248
229
109
247
227
108
247
227
109
247
227
109
247
227
109
247
227
109
248
228
110
249
229
107
250
230
105
249
229
104
248
228
103
247
227
102
246
226
101
246
226
101
245
225
100
245
225
100
246
226
101
246
226
102
247
227
102
247
227
102
247
227
102
248
228
103
248
228
103
248
228
103
249
229
104
249
229
104
249
229
104
249
229
104
245
226
104
245
227
105
246
228
106
247
229
107
248
229
108
249
231
110
250
232
111
250
233
112
251
234
113
250
234
114
248
232
112
249
233
113
250
234
115
251
236
117
249
235
117
249
235
117
249
235
117
249
235
117
251
237
119
252
239
121
252
237
123
253
237
124
252
237
124
251
237
124
250
237
124
250
238
125
250
239
125
249
239
125
249
240
125
248
240
125
247
240
125
246
239
124
248
239
125
249
239
125
250
239
125
250
239
125
251
238
125
251
237
124
252
236
123
251
235
122
252
235
122
254
236
123
254
236
123
253
235
122
253
234
120
252
233
118
251
233
116
252
233
114
252
232
112
252
232
111
253
233
110
249
227
103
250
228
102
250
227
100
248
226
96
246
222
92
246
223
91
248
224
90
249
224
90
247
222
88
242
217
82
249
221
86
249
220
85
246
217
82
244
215
80
246
217
82
246
217
82
244
215
81
242
213
78
239
210
75
240
211
76
240
211
76
239
210
75
238
209
74
238
209
74
240
211
76
242
213
78
244
215
80
247
218
83
248
219
84
248
219
84
246
219
84
243
223
86
242
222
85
242
221
85
241
221
84
241
220
84
240
219
83
237
216
80
234
213
77
230
210
73
227
207
70
46
10
2
64
26
1
108
68
19
161
118
41
189
140
30
205
149
13
213
149
5
221
150
3
230
155
10
227
149
13
227
150
19
224
152
21
221
154
21
220
157
20
219
161
16
221
164
16
225
164
17
229
164
19
233
162
25
236
159
27
229
161
25
223
164
24
224
165
25
227
168
28
229
170
30
230
172
31
231
173
33
231
175
34
231
175
34
230
174
33
229
175
33
229
175
34
230
176
35
231
178
37
232
179
38
233
180
39
234
182
40
236
182
41
236
183
42
236
183
42
236
183
42
237
186
46
237
187
47
238
187
47
238
187
47
239
188
48
238
189
49
238
190
50
238
191
51
238
192
51
238
193
52
238
193
52
237
193
52
236
194
53
236
194
53
236
196
54
236
197
55
236
198
56
236
198
56
237
199
57
238
200
58
239
202
61
238
202
62
236
201
61
235
199
59
233
198
58
233
198
58
234
199
59
237
202
62
240
206
66
242
208
68
242
209
69
241
209
68
240
208
68
240
210
69
242
212
71
243
214
73
243
213
72
240
211
70
240
212
71
242
214
73
246
218
76
249
220
81
249
220
81
250
221
82
250
221
82
250
223
83
251
224
84
251
225
85
252
225
86
253
225
87
251
225
87
251
225
87
250
226
87
249
226
88
250
226
90
250
226
90
251
226
90
250
226
91
249
227
92
249
227
92
249
227
92
249
224
95
249
221
96
249
221
96
248
220
96
249
221
96
249
221
96
248
221
96
248
223
97
249
224
98
249
224
99
249
225
100
249
226
101
249
226
101
249
227
101
249
227
101
249
227
101
249
227
101
250
228
102
250
228
102
250
228
102
250
228
103
247
230
104
247
230
104
247
229
103
246
229
103
246
229
103
246
229
103
246
228
103
247
229
104
247
229
105
247
229
105
248
230
108
248
230
108
248
229
107
247
229
107
246
227
107
246
227
107
246
227
107
246
227
107
246
227
107
247
227
107
249
229
105
250
229
103
249
228
102
248
226
101
247
225
100
246
225
99
246
224
99
246
224
98
246
224
98
246
224
99
247
225
99
247
226
101
247
226
101
247
226
101
248
227
101
249
227
101
249
227
101
249
227
102
249
228
102
250
228
103
249
228
102
245
225
102
245
225
103
246
226
104
247
227
105
246
228
105
248
229
107
248
230
108
249
230
109
249
231
110
248
232
111
246
230
109
246
230
110
247
231
111
247
231
111
247
232
112
247
232
112
247
232
113
247
233
114
248
234
116
249
235
117
250
234
118
251
233
119
251
234
119
249
234
119
249
235
120
248
236
120
247
237
121
248
237
121
247
237
121
246
238
121
247
238
122
247
239
122
248
239
123
249
239
123
250
239
123
250
239
123
251
238
123
252
237
122
253
236
122
253
235
121
252
235
121
254
236
122
252
234
120
251
233
118
250
232
117
250
231
115
249
232
112
251
232
112
251
232
111
252
233
110
254
234
110
250
228
103
252
229
102
251
229
100
249
227
97
247
223
92
246
223
91
248
224
91
249
224
90
247
221
88
242
218
82
248
220
85
248
219
84
244
215
80
241
212
78
243
214
79
244
215
79
242
213
78
240
211
76
238
209
74
239
210
75
240
211
76
240
211
76
239
211
75
239
211
75
241
212
77
243
214
79
245
216
81
247
218
84
248
219
84
249
220
85
248
220
85
245
221
85
243
220
84
243
219
83
242
219
83
242
218
82
241
218
82
238
215
79
235
211
75
231
208
72
228
205
69
47
11
3
65
27
2
109
69
20
161
118
41
188
139
29
203
147
11
210
147
3
219
149
2
229
154
8
226
148
12
226
150
18
223
151
20
220
153
21
219
157
19
219
162
16
221
163
15
224
164
16
228
163
18
232
160
23
235
158
25
229
161
25
225
164
24
226
165
25
227
168
28
229
170
30
230
171
31
231
172
32
232
173
33
230
174
33
230
174
33
230
174
33
230
175
34
229
175
34
230
176
35
230
177
36
231
178
37
233
179
38
233
180
39
234
181
40
235
182
41
236
183
42
237
184
44
236
185
45
236
186
46
237
186
46
238
187
47
237
188
48
238
189
49
238
190
49
237
191
50
237
191
50
237
191
50
236
192
51
235
192
51
236
193
52
235
195
53
236
196
54
236
196
54
237
197
55
236
198
56
236
198
56
239
200
60
240
202
62
239
200
61
235
199
59
233
197
57
233
197
57
234
198
58
238
202
62
240
205
65
242
208
68
243
209
69
243
208
68
240
207
67
241
209
68
243
211
71
245
213
73
245
212
72
241
211
70
242
212
71
244
215
74
248
218
77
249
220
81
249
220
81
250
221
81
250
221
82
249
222
82
250
223
83
251
224
84
251
224
85
251
223
85
249
223
85
249
223
85
248
224
85
247
224
86
248
224
88
248
224
88
248
224
88
248
225
89
247
225
90
247
225
90
247
225
90
249
223
93
250
222
94
250
222
94
249
222
94
249
222
94
249
222
95
250
223
95
250
224
96
250
225
97
250
225
98
251
226
98
250
226
98
249
227
98
249
227
98
249
227
99
250
228
99
250
228
99
249
228
99
250
229
100
250
229
100
250
229
100
248
229
100
248
229
100
247
229
100
247
228
99
247
228
99
247
228
99
247
228
101
247
228
102
248
229
102
248
229
102
248
229
104
249
229
104
248
229
104
248
228
103
247
226
104
246
225
104
246
225
103
246
225
104
247
226
104
247
226
104
249
227
101
250
228
99
249
227
98
248
226
97
247
225
97
246
224
96
246
224
95
246
224
95
246
224
95
246
224
95
246
224
96
247
225
97
247
225
97
248
226
97
248
226
97
248
226
98
248
226
98
249
227
99
249
227
99
249
227
99
248
227
99
244
224
99
245
225
100
246
225
101
246
226
102
247
226
104
248
227
105
247
228
106
248
229
107
248
230
107
248
229
108
244
227
106
244
227
106
244
227
106
244
227
107
244
228
108
245
229
109
245
230
110
246
230
110
246
230
111
246
231
111
249
232
116
251
233
118
250
233
118
248
233
117
248
233
117
247
233
117
245
233
117
244
234
117
243
234
117
243
234
117
245
235
118
247
238
121
248
238
121
248
238
121
250
238
122
251
238
122
252
237
121
251
236
120
252
235
119
252
234
119
252
235
119
254
236
121
252
235
118
251
233
117
249
232
115
248
230
113
247
230
110
248
229
109
249
230
108
250
231
108
251
231
106
250
228
102
251
229
101
251
229
99
249
227
96
247
224
92
246
223
91
248
224
91
249
224
90
247
222
88
242
218
82
248
220
85
248
218
83
244
214
79
241
211
76
243
213
78
243
213
78
242
212
77
239
209
74
238
208
73
239
209
74
241
211
76
241
212
77
241
211
76
241
211
76
242
212
77
244
214
79
246
216
81
249
219
84
249
220
85
250
220
85
249
221
85
249
223
87
248
222
86
247
221
85
246
220
84
245
219
83
243
218
82
240
214
79
236
211
74
233
207
71
230
204
68
49
13
5
65
28
3
108
68
19
159
116
39
187
138
28
203
147
12
212
148
4
220
150
3
230
155
9
226
148
12
226
150
18
222
150
20
219
152
20
218
156
18
217
160
14
219
162
14
224
163
15
228
163
18
233
161
24
236
159
27
232
163
27
227
166
26
228
167
27
229
168
28
230
169
29
230
170
30
230
171
31
231
172
32
231
172
32
230
172
32
229
173
32
230
174
33
230
174
33
228
174
33
228
174
33
229
175
34
231
177
36
233
179
38
234
180
39
235
181
40
236
182
41
236
183
43
237
184
44
237
184
44
238
185
45
237
186
46
238
187
47
237
188
48
237
188
48
237
188
48
236
190
49
235
190
49
235
190
49
236
191
50
235
192
51
236
193
52
235
194
53
235
195
53
236
196
54
236
196
54
237
197
55
240
199
59
241
200
61
238
199
60
237
198
59
236
197
58
237
198
59
238
199
60
241
202
63
242
205
66
244
208
68
244
208
68
243
207
67
241
206
66
243
208
68
245
210
70
246
212
72
245
212
72
243
210
70
245
212
72
248
215
75
251
218
78
248
219
80
248
219
80
248
219
80
249
220
81
248
221
81
249
222
82
249
222
82
249
222
82
249
221
83
248
222
84
248
222
84
247
223
84
246
223
85
246
222
86
246
222
86
247
223
87
246
223
87
245
223
88
246
224
89
246
224
89
248
222
91
250
221
93
250
221
93
250
221
93
251
222
94
250
222
94
250
223
95
251
224
96
253
226
98
252
227
98
251
226
98
250
225
97
251
226
98
249
227
98
249
227
98
249
227
98
250
228
99
250
228
99
250
228
99
250
228
99
249
228
99
247
230
97
247
230
97
246
229
97
246
228
97
246
228
97
246
228
97
246
228
97
246
228
98
247
228
99
247
228
99
248
229
100
247
228
101
247
228
101
246
227
100
246
227
100
245
225
100
245
225
100
245
225
100
246
226
101
246
226
101
249
226
99
250
226
98
250
225
97
249
224
96
248
223
95
247
223
94
247
222
94
247
222
94
247
222
94
247
222
94
247
222
94
248
223
95
248
223
95
248
223
95
248
224
95
249
224
96
249
224
96
250
225
97
250
225
97
250
225
97
249
225
97
246
224
99
247
225
100
247
225
100
247
225
100
246
226
101
247
227
102
248
228
103
248
228
104
248
228
106
247
229
106
245
227
104
244
226
104
243
225
104
241
224
103
243
226
105
245
227
106
246
229
108
246
230
109
245
230
108
244
228
108
249
231
115
251
233
117
251
232
117
250
232
117
247
232
116
245
231
115
244
231
115
244
231
115
241
231
114
241
231
114
243
233
116
246
236
119
246
236
119
248
236
120
249
236
120
249
236
120
250
235
119
251
233
118
251
232
117
251
232
117
251
233
117
252
235
118
251
234
117
250
233
114
248
232
112
248
231
111
247
230
109
248
230
107
247
229
106
247
229
105
249
229
104
246
224
98
247
225
97
247
225
96
246
224
93
244
221
89
244
221
89
246
222
89
247
222
88
246
221
87
241
216
82
248
219
85
248
218
83
244
214
79
241
211
76
242
212
77
242
212
77
241
211
76
239
209
74
238
208
73
239
209
75
240
210
75
241
211
76
240
210
75
240
210
75
241
211
76
243
213
78
245
215
80
248
218
83
249
219
84
249
219
84
249
219
84
250
220
85
249
219
84
248
218
83
247
218
83
247
217
82
246
216
81
242
213
78
239
209
74
236
206
71
233
203
68
51
15
7
65
28
3
106
67
17
157
114
36
186
137
27
205
150
14
215
151
6
224
153
6
232
157
11
226
148
12
226
149
18
222
150
20
218
151
19
216
154
15
215
157
12
218
160
12
222
162
15
228
163
18
235
163
26
238
162
30
235
166
30
231
169
29
230
168
28
229
168
28
229
168
28
229
168
28
229
168
28
228
169
29
229
170
30
230
171
31
230
171
31
229
173
32
229
173
32
229
173
32
229
173
32
230
174
33
229
175
34
232
178
37
233
179
38
235
180
40
236
182
41
235
182
42
236
182
42
236
183
43
237
184
44
238
185
45
237
186
45
238
186
46
238
187
47
237
188
48
235
189
48
235
189
48
235
189
48
235
190
49
236
191
50
235
192
51
235
192
51
236
193
52
235
195
53
236
196
54
236
196
54
237
196
54
238
197
55
238
197
55
238
197
55
238
197
56
239
199
57
240
200
58
241
203
61
244
205
63
244
206
64
244
206
64
242
206
64
241
205
63
242
206
64
244
209
67
246
212
69
247
212
70
245
211
68
246
212
69
248
214
71
251
218
75
247
218
79
247
218
79
247
218
79
247
218
79
247
220
80
247
220
80
247
220
80
247
219
80
247
219
81
245
219
81
246
220
83
246
221
83
245
221
83
245
221
85
245
221
85
245
221
85
244
221
86
244
222
87
244
222
87
245
222
87
247
220
88
248
219
89
248
219
89
248
219
89
248
219
90
249
220
91
250
222
92
250
224
93
251
225
95
252
226
96
252
226
96
250
226
96
250
226
96
250
227
96
251
227
96
250
227
97
249
227
97
250
228
98
250
228
98
250
228
98
250
228
97
248
229
94
248
229
93
247
228
94
247
228
94
247
228
94
247
228
94
247
228
94
247
228
95
248
228
96
248
228
97
249
229
98
249
228
98
249
227
98
248
226
97
247
225
96
246
225
96
246
224
96
246
224
98
247
225
98
247
225
98
250
226
97
252
225
95
251
225
95
250
224
94
250
223
93
249
222
92
248
222
91
248
222
91
248
222
91
248
222
91
249
222
92
249
223
93
249
223
93
250
223
93
250
224
93
251
224
94
251
225
94
251
225
95
251
225
95
251
225
95
251
225
95
247
225
99
247
225
99
248
226
100
248
226
100
248
226
100
249
227
102
250
228
102
249
228
103
249
228
103
249
229
104
247
226
103
245
225
102
243
224
101
242
224
101
244
225
103
245
228
106
246
229
107
246
229
107
245
228
107
244
227
105
248
229
111
250
230
113
249
231
114
249
231
114
248
231
114
247
231
114
246
232
114
245
232
114
244
232
114
243
232
114
243
233
115
244
234
116
246
234
116
247
235
116
248
234
117
249
234
116
250
233
116
250
232
115
250
232
115
250
231
114
250
231
113
247
231
111
247
231
111
247
232
111
248
232
111
249
232
111
248
231
110
248
231
107
248
230
105
247
229
104
248
229
102
246
225
96
247
225
96
247
225
96
246
224
94
245
222
90
246
222
91
248
224
91
250
225
91
249
224
90
244
219
85
250
221
86
250
219
84
245
214
79
241
211
76
242
212
77
242
212
77
242
211
76
240
209
74
240
209
74
241
211
76
241
210
75
240
209
74
239
209
74
239
209
74
240
210
75
243
212
77
245
215
80
248
218
83
249
218
83
249
218
83
249
218
83
250
217
82
249
216
82
249
217
82
250
217
82
250
218
83
250
218
84
249
217
82
247
214
80
244
211
77
242
209
75
52
16
8
66
29
3
105
66
16
155
111
34
188
140
29
206
150
14
217
154
9
226
155
7
231
156
10
226
148
12
225
148
17
221
149
18
217
150
18
215
153
15
214
157
11
217
159
11
221
161
13
227
162
17
235
163
26
239
162
30
236
166
30
231
169
29
231
169
29
230
168
28
229
167
28
229
167
27
229
168
28
229
168
28
229
169
29
229
170
30
230
171
31
231
172
32
230
172
32
229
172
32
229
172
32
229
173
32
230
174
33
232
177
36
233
179
37
235
180
39
235
181
41
236
181
42
236
181
42
236
182
43
236
183
43
236
183
44
236
184
44
237
185
45
237
186
47
237
187
47
236
187
47
235
188
48
235
189
48
236
190
49
236
191
50
235
192
51
235
192
51
235
192
51
236
193
52
236
195
53
236
195
53
236
194
53
236
193
52
237
194
53
239
196
55
240
197
56
241
199
57
241
200
58
243
203
61
244
204
62
245
206
64
245
206
64
244
206
64
243
205
63
243
206
64
244
207
65
245
210
67
247
211
69
247
211
69
247
212
70
249
214
71
250
216
73
245
216
77
245
216
77
245
216
77
246
217
78
246
218
79
246
219
79
246
219
79
246
218
79
245
217
79
243
217
79
244
218
80
243
219
80
242
219
81
243
219
83
243
220
84
244
220
84
244
221
85
243
221
86
243
221
87
243
221
87
246
219
87
248
218
87
247
217
87
247
217
86
246
218
86
247
218
87
248
220
89
250
222
91
250
224
92
251
225
93
251
226
94
251
226
94
250
226
94
250
226
94
250
227
95
250
227
95
250
227
95
249
228
96
249
228
96
249
228
96
249
228
95
248
229
92
247
228
91
247
228
91
247
227
91
246
227
91
246
227
91
247
227
92
247
227
93
247
226
93
248
227
94
249
228
96
249
227
96
248
227
96
248
226
96
248
226
96
247
225
95
247
225
95
247
225
95
246
224
95
247
225
95
251
225
94
253
225
94
252
224
93
251
223
92
250
222
91
250
222
91
249
221
90
249
221
90
249
221
90
250
222
91
250
222
91
251
223
92
250
223
91
250
222
91
250
222
91
250
222
91
251
223
92
252
224
93
253
225
94
253
226
95
253
226
96
248
224
98
249
225
98
248
225
98
248
226
98
249
226
99
248
226
99
248
226
100
248
226
101
248
226
101
248
227
101
247
226
101
246
226
101
244
225
100
243
224
100
244
225
101
246
227
103
246
228
104
246
228
105
246
228
105
245
227
104
248
228
108
249
229
111
249
229
111
248
229
112
248
231
113
248
231
113
248
232
114
247
233
114
246
233
114
246
233
114
246
233
114
245
233
114
246
233
114
247
233
114
249
233
115
250
233
115
250
233
114
251
232
114
251
231
114
251
231
113
250
231
112
245
230
108
246
231
108
246
231
109
248
232
110
249
232
109
248
232
108
248
231
106
248
230
105
247
229
103
248
229
102
247
226
98
248
226
97
248
226
96
247
225
95
247
224
92
248
225
93
250
226
93
251
227
92
251
226
92
249
223
90
252
222
87
251
219
84
247
215
81
244
212
77
244
212
77
244
212
77
244
212
77
243
211
76
241
209
74
241
209
74
241
209
74
240
208
74
242
210
75
243
211
77
243
211
77
244
212
77
245
213
78
248
216
81
249
217
82
249
217
82
250
217
83
253
217
84
253
217
84
254
218
84
254
218
85
255
219
85
255
220
86
255
220
86
254
219
85
253
217
84
252
216
82
52
16
8
67
29
4
104
65
16
153
110
33
193
144
34
205
149
13
217
154
9
225
155
7
227
152
6
225
147
11
223
146
15
219
147
17
217
150
17
215
153
15
214
156
11
215
158
10
219
158
11
225
159
14
232
160
23
237
160
28
233
163
27
228
166
26
228
166
26
229
167
27
229
167
27
229
168
28
230
168
28
229
168
28
230
169
29
229
169
29
230
170
30
232
173
33
231
172
32
229
171
31
229
172
31
228
172
31
229
173
32
231
176
34
234
178
37
235
179
38
235
180
39
236
181
42
236
181
42
236
181
42
236
181
42
235
182
42
236
183
43
236
184
44
236
185
45
237
186
46
235
186
46
236
188
48
236
190
49
237
191
50
238
193
52
238
193
52
237
192
51
236
192
51
235
192
51
236
193
52
236
193
52
236
192
51
236
192
52
238
194
53
240
197
56
241
198
57
242
199
58
242
199
58
243
201
60
244
204
62
245
205
63
246
207
65
246
207
65
244
206
64
243
205
64
244
206
64
245
208
66
246
210
68
249
213
71
249
213
71
249
213
71
249
213
72
242
213
74
243
214
75
244
215
76
244
216
76
244
217
77
245
218
78
245
218
78
244
217
78
244
216
78
242
216
78
241
215
77
240
216
77
240
217
79
242
218
82
243
219
83
243
220
84
243
220
85
243
221
86
243
221
86
243
221
86
246
219
86
248
218
86
247
218
85
246
217
84
246
217
84
247
217
85
247
218
86
248
221
88
250
222
89
250
223
91
250
224
91
250
225
92
250
225
92
249
225
92
248
225
92
248
225
92
248
225
92
248
225
92
248
225
92
247
225
92
247
225
91
247
227
89
247
227
89
247
227
89
247
227
89
247
226
90
247
226
90
247
226
90
247
226
90
247
226
90
247
226
91
248
226
92
248
226
94
248
226
94
248
226
94
250
227
96
249
226
95
248
225
95
247
224
94
246
223
93
246
222
92
249
223
92
251
223
91
250
223
90
249
222
89
249
222
89
249
221
89
248
221
88
248
221
88
249
222
89
249
222
89
249
222
89
249
221
88
248
220
88
247
219
87
246
219
86
246
218
86
247
219
87
249
221
88
251
223
91
252
225
92
252
226
94
248
223
94
248
223
95
247
223
95
247
223
95
247
223
95
246
224
95
246
223
95
245
223
96
245
223
96
245
223
97
247
225
100
247
225
100
246
225
100
245
224
99
244
224
99
245
225
100
245
225
101
245
226
101
246
226
102
246
227
103
248
227
106
248
227
107
248
228
108
248
229
109
249
231
110
249
232
111
249
233
112
247
233
112
246
233
112
246
233
112
246
232
111
246
232
111
246
233
112
247
233
112
249
233
112
250
233
113
251
233
113
252
232
112
252
232
112
253
232
111
251
231
111
246
231
109
246
231
108
246
231
108
247
232
108
247
232
107
246
231
105
246
229
103
246
228
102
246
228
101
246
227
99
248
227
98
248
226
97
247
225
96
247
225
95
248
225
93
248
225
93
249
225
92
250
225
92
250
225
91
251
226
92
252
222
88
251
219
84
248
216
81
245
213
78
244
212
77
244
213
77
245
213
78
244
212
77
241
209
74
239
207
72
238
206
71
240
208
73
246
213
78
249
217
82
247
215
80
245
213
78
244
212
77
246
214
79
248
216
81
248
216
81
250
216
81
253
216
82
253
216
82
253
216
82
253
216
82
253
216
82
253
216
82
253
216
82
253
216
82
253
216
82
253
216
82
50
14
6
65
27
2
103
63
14
151
108
31
191
143
32
203
148
12
216
152
7
224
154
6
226
151
5
224
146
10
222
146
15
219
147
17
217
150
17
215
153
15
213
156
11
214
157
9
217
157
9
222
156
12
229
157
20
233
156
24
229
159
24
224
162
22
225
163
23
226
164
24
227
165
25
228
166
26
228
167
27
229
168
28
230
169
29
230
169
29
231
170
30
231
172
32
231
172
32
230
171
31
230
171
31
229
172
31
230
174
33
231
176
35
233
177
36
235
178
37
235
179
38
235
179
41
235
179
41
235
179
41
234
180
41
235
180
41
235
182
42
235
183
43
235
184
44
235
185
44
234
185
45
236
187
47
237
189
49
237
191
50
239
193
52
238
193
52
237
192
51
236
192
51
235
192
51
236
193
52
236
193
52
237
193
52
238
193
52
238
195
54
240
197
56
241
198
57
242
198
58
242
199
58
243
200
59
244
204
62
245
205
63
246
206
64
245
205
63
242
204
63
242
204
62
242
204
63
244
206
64
244
208
66
247
211
69
248
212
70
248
212
70
247
212
70
241
212
73
242
213
74
243
214
75
243
215
75
243
216
76
243
216
76
243
216
76
243
216
76
243
215
77
240
214
76
241
215
77
240
216
78
240
217
79
241
217
81
243
219
83
244
219
84
243
220
85
243
221
86
243
221
86
243
221
86
246
220
85
248
219
85
249
220
86
248
219
85
249
220
86
249
220
86
249
220
86
247
220
86
248
220
87
247
220
86
247
221
87
248
222
88
248
222
88
248
222
88
247
223
88
246
223
88
245
224
88
245
224
88
245
224
88
245
224
88
246
224
88
247
225
87
247
225
87
247
225
87
247
225
87
247
225
87
247
225
88
247
225
88
247
225
88
247
225
89
247
225
89
247
225
90
248
226
91
248
226
92
248
225
93
248
225
93
248
225
93
248
225
93
247
223
93
246
222
92
245
221
91
248
223
90
250
223
89
249
222
88
248
221
87
248
221
87
247
220
86
247
220
86
247
220
86
248
220
87
248
221
87
247
220
86
245
218
84
244
218
83
244
217
83
243
216
82
243
217
82
244
217
83
246
219
85
248
221
87
249
222
88
249
222
89
247
221
92
246
221
92
245
221
92
245
221
92
245
221
92
245
221
93
245
221
93
244
221
93
243
221
93
243
221
93
247
224
98
246
224
98
245
223
98
245
223
98
245
223
98
244
223
98
244
224
99
244
224
99
245
225
100
246
226
101
248
226
104
248
226
105
248
227
106
249
228
107
249
230
109
248
230
109
247
231
110
247
232
110
247
232
110
245
232
110
245
232
110
244
231
109
246
231
110
247
232
110
248
232
110
249
231
110
250
231
110
252
231
110
252
231
110
252
230
109
250
229
108
244
230
105
244
230
105
244
230
105
245
230
105
245
230
104
244
230
103
245
228
101
244
227
100
244
226
99
245
226
97
248
227
98
248
226
97
247
225
96
247
225
95
248
225
93
248
225
93
249
225
93
250
225
93
250
225
92
251
226
93
252
222
88
251
219
84
248
216
81
245
213
78
244
212
77
245
212
78
245
213
78
244
212
77
241
209
74
239
207
72
238
206
71
240
208
73
246
214
79
249
217
82
247
215
80
245
213
78
244
212
77
246
214
79
247
216
80
248
216
81
249
216
81
252
215
81
252
215
81
252
215
81
252
215
81
252
215
81
252
215
81
252
215
81
252
215
81
252
215
81
252
215
81
49
13
5
63
26
1
101
61
13
150
107
29
190
141
31
202
146
11
215
151
6
223
153
5
225
150
4
223
145
9
222
146
14
219
147
17
216
150
17
215
153
15
213
156
10
214
156
8
216
156
8
220
155
10
225
153
16
229
152
20
226
156
20
221
159
19
222
160
20
223
161
21
224
163
23
226
164
24
227
165
25
229
167
27
230
168
28
231
169
29
231
170
30
233
172
32
231
172
32
230
171
31
230
171
31
231
172
32
230
174
33
231
175
34
232
176
35
233
177
36
234
178
37
233
178
39
233
178
39
233
178
39
233
178
39
234
179
40
234
181
41
235
182
42
235
183
43
235
184
44
236
185
45
237
187
47
237
190
49
237
191
50
239
193
52
238
193
52
237
192
51
236
192
51
235
192
51
236
193
52
236
193
52
236
193
51
237
194
52
238
196
53
240
198
55
241
198
56
241
199
56
241
199
57
241
201
58
243
203
60
244
204
61
244
205
62
242
205
61
241
204
60
240
203
59
241
204
60
242
205
62
243
208
64
246
211
67
247
212
68
247
212
68
246
211
68
240
211
72
241
212
73
242
213
73
242
213
74
242
215
75
242
215
75
242
215
75
242
215
75
242
214
76
239
213
75
240
214
76
239
215
77
239
216
78
241
217
81
243
219
83
244
220
84
243
220
85
243
221
86
243
221
86
243
221
86
246
220
85
248
219
84
249
220
85
250
221
87
251
222
87
251
222
87
250
221
86
249
220
85
245
219
83
245
218
83
245
219
84
248
222
86
246
222
86
246
222
86
246
222
86
246
222
86
244
222
86
244
222
86
244
222
86
244
222
86
244
222
86
244
223
84
244
223
84
244
223
84
244
223
85
244
222
86
244
222
86
244
222
86
244
222
86
244
222
86
244
222
87
246
224
89
247
225
90
247
225
91
247
224
92
247
224
92
247
224
92
247
224
92
246
223
91
245
221
91
244
220
90
247
222
88
249
223
87
248
222
86
247
221
85
246
220
84
246
220
84
246
220
84
246
220
84
247
221
85
247
221
85
247
221
85
246
220
85
245
220
84
245
219
83
245
218
83
245
219
83
245
220
84
247
221
85
248
222
86
249
223
87
249
223
88
246
220
90
246
220
90
246
220
90
245
220
90
244
220
90
244
220
90
244
220
90
244
220
90
243
219
91
242
220
91
246
224
95
246
223
96
245
223
96
244
222
96
244
222
96
244
222
96
244
222
97
245
223
97
244
225
98
245
225
100
247
225
102
248
225
104
249
226
104
248
227
105
248
229
107
247
230
107
246
230
108
247
231
108
246
231
108
245
230
108
245
230
107
245
230
107
246
231
108
247
231
108
247
231
108
248
231
108
249
231
108
250
229
107
251
229
107
251
229
107
249
228
105
242
228
102
242
228
102
243
229
102
243
229
102
244
229
102
243
228
101
244
227
100
243
227
99
243
226
97
244
225
96
248
227
98
248
226
96
248
226
96
247
225
95
248
224
94
248
225
93
249
225
93
250
225
93
250
225
93
251
226
94
252
222
88
251
219
84
248
216
81
245
213
78
244
212
77
245
212
77
245
213
78
244
212
77
241
209
74
239
207
72
239
207
72
241
209
74
246
214
79
249
218
82
248
216
81
246
214
79
244
212
77
246
214
79
248
216
81
248
216
81
249
215
81
251
214
80
251
214
80
251
214
80
251
214
80
251
214
80
251
214
80
251
214
80
251
214
80
251
214
80
251
214
80
